id,QUEUE_ID,count,ranges_start,ranges_end,test_start,test_end
0,2,19255,0,19254,0,3841
1,3,19257,19255,38511,3842,7683
2,4,19257,38512,57768,7684,11525
3,27,10526,57769,68294,11526,13621
4,36,3242,68295,71536,13622,14260
5,233,2099,71537,73635,14261,14670
6,287,6876,73636,80511,14671,16036
7,291,8884,80512,89395,16037,17803
8,293,8855,89396,98250,17804,19565
9,21825,19723,98251,117973,19566,23500
10,82695,19726,117974,137699,23501,27436
11,82697,10642,137700,148341,27437,29555
12,82929,10199,148342,158540,29556,31585
13,83109,8958,158541,167498,31586,33367
14,84387,17520,167499,185018,33368,36862
15,84907,6495,185019,191513,36863,38152
16,85101,6618,191514,198131,38153,39466
17,85153,14353,198132,212484,39467,42327
18,85265,13516,212485,226000,42328,45021
19,85267,13082,226001,239082,45022,47628
20,85619,9997,239083,249079,47629,49618
21,85693,10834,249080,259913,49619,51775
22,85731,8568,259914,268481,51776,53479
23,85781,1149,268482,269630,53480,53699
24,85915,9220,269631,278850,53700,55534
25,85933,8811,278851,287661,55535,57287
26,85977,8793,287662,296454,57288,59036
27,86085,6195,296455,302649,59037,60266
28,86865,3544,302650,306193,60267,60965
29,86867,3753,306194,309946,60966,61706
30,87139,2378,309947,312324,61707,62172
