day,time,0,1,2,3,4,5,6,7,8,9,10,11,12,13,14,15,16,17,18,19,20,21,22,23,24,25,26,27,28,29,30,31,32,33,34,35,36,37,38,39,40,41,42,43,44,45,46,47,48,49,50,51,52,53,54,55,56,57,58,59,60,61,62,63,64,65,66,67,68,69,70,71,72,73,74,75,76,77,78,79,80,81,82,83,84,85,86,87,88,89,90,91,92,93,94,95,96,97,98,99,100,101,102,103,104,105,106,107,108,109,110,111,112,113,114,115,116,117,118,119,120,121,122,123,124,125,126,127,128,129,130,131,132,133,134,135,136,137,138,139,140,141,142,143,144,145,146,147,148,149,150,151,152,153,154,155,156,157,158,159,160,161,162,163,164,165,166,167,168,169,170,171,172,173,174,175,176,177,178,179,180,181,182,183,184,185,186,187,188,189,190,191,192,193,194,195,196,197,198,199
118,10195200,,3.95,,,,,0.95,,,,,3.95,3.95,,3.95,7.95,7.95,,,,,,,,,3.95,,2.211,0.45,,1.95,0.4,,1.95,1.95,,,,1.488,1.95,0.45,,,,1.95,0.95,,,,,,0.45,,0.4,,,,,,1.95,0.95,,,,,0.45,0.95,0.4,,,,0.4,1.95,1.95,,1.95,,,,,,0.4,,,,,3.95,3.95,1.95,1.95,2.95,1.95,1.95,1.95,1.95,1.95,1.95,2.95,,,1.95,,,0.4,7.95,7.95,,3.95,1.95,1.95,,,,,,0.4,1.95,,0.4,3.95,,,7.95,,0.4,,0.4,0.45,0.4,0.45,0.45,0.95,1.95,3.95,1.95,0.45,0.45,,1.95,1.95,,,,,,,1.95,1.95,1.95,1.95,1.95,,,,,1.95,1.95,0.95,,,3.95,3.95,,0.45,0.45,0.45,1.95,1.95,1.95,1.95,1.95,1.95,,,1.95,,,,1.95,0.45,,,,1.95,,,,3.95,0.4,0.4,1.95,,,,0.95,1.95,,,0.45,1.95
118,10195260,,3.95,,,,,0.95,,,,,3.95,3.95,,3.95,7.95,7.95,,,,,,,,,3.95,,2.144,0.45,,1.95,0.4,,1.95,1.95,,,,1.495,1.95,0.45,,,,1.95,0.95,,,,,,0.45,,0.4,,,,,,1.95,0.95,,,,,0.45,0.95,0.4,,,,0.4,1.95,1.95,,1.95,,,,,,0.4,,,,,3.95,3.95,1.95,1.95,2.95,1.95,1.95,1.95,1.95,1.95,1.95,2.95,,,1.95,,,0.4,7.95,7.95,,3.95,1.95,1.95,,,,,,0.4,1.95,,0.4,3.95,,,7.95,,0.4,,0.4,0.45,0.4,0.45,0.45,0.95,1.95,3.95,1.95,0.45,0.45,,1.95,1.95,,,,,,,1.95,1.95,1.95,1.95,1.95,,,,,1.95,1.95,0.95,,,3.95,3.95,,0.45,0.45,0.45,1.95,1.95,1.95,1.95,1.95,1.95,,,1.95,,,,1.95,0.45,,,,1.95,,,,3.95,0.4,0.4,1.95,,,,0.95,1.95,,,0.45,1.95
118,10195320,,3.95,,,,,0.95,,,,,3.95,3.95,,3.95,7.95,7.95,,,,,,,,,3.95,,2.126,0.45,,1.95,0.4,,1.95,1.95,,,,1.45,1.95,0.45,,,,1.95,0.95,,,,,,0.45,,0.4,,,,,,1.95,0.95,,,,,0.45,0.95,0.4,,,,0.4,1.95,1.95,,1.95,,,,,,0.4,,,,,3.95,3.95,1.95,1.95,2.95,1.95,1.95,1.95,1.95,1.95,1.95,2.95,,,1.95,,,0.4,7.95,7.95,,3.95,1.95,1.95,,,,,,0.4,1.95,,0.4,3.95,,,7.95,,0.4,,0.4,0.45,0.4,0.45,0.45,0.95,1.95,4.95,1.95,0.45,0.45,,1.95,1.95,,,,,,,1.95,1.95,1.95,1.95,1.95,,,,,1.95,1.95,0.95,,,3.95,3.95,,0.45,0.45,0.45,1.95,1.95,1.95,1.95,1.95,1.95,,,1.95,,,,1.95,0.45,,,,1.95,,,,3.95,0.4,0.4,1.95,,,,0.95,1.95,,,0.45,1.95
118,10195380,,3.95,,,,,0.95,,,,,3.95,3.95,,3.95,7.95,7.95,,,,,,,,,3.95,,2.132,0.45,,1.95,0.4,,1.95,1.95,,,,1.533,1.95,0.45,,,,1.95,0.95,,,,,,0.45,,0.4,,,,,,1.95,0.95,,,,,0.45,0.95,0.4,,,,0.4,1.95,1.95,,1.95,,,,,,0.4,,,,,3.95,3.95,1.95,1.95,2.95,1.95,1.95,1.95,1.95,1.95,1.95,2.95,,,1.95,,,0.4,7.95,7.95,,3.95,1.95,1.95,,,,,,0.4,1.95,,0.4,3.95,,,7.95,,0.4,,0.4,0.45,0.4,0.45,0.45,0.95,1.95,3.95,1.95,0.45,0.45,,1.95,1.95,,,,,,,1.95,1.95,1.95,1.95,1.95,,,,,1.95,1.95,0.95,,,3.95,3.95,,0.45,0.45,0.45,1.95,1.95,1.95,1.95,1.95,1.95,,,1.95,,,,1.95,0.45,,,,1.95,,,,3.95,0.4,0.4,1.95,,,,0.95,1.95,,,0.45,1.95
118,10195440,,3.95,,,,,0.95,,,,,3.95,3.95,,3.95,7.95,7.95,,,,,,,,,3.95,,1.95,0.45,,1.95,0.4,,1.95,1.95,,,,1.405,1.95,0.45,,,,1.95,0.95,,,,,,0.45,,0.4,,,,,,1.95,0.95,,,,,0.45,0.95,0.4,,,,0.4,1.95,1.95,,1.95,,,,,,0.4,,,,,3.95,3.95,1.95,1.95,2.95,1.95,1.95,1.95,1.95,1.95,1.95,2.95,,,1.95,,,0.4,7.95,7.95,,3.95,1.95,1.95,,,,,,0.4,1.95,,0.4,3.95,,,7.95,,0.4,,0.4,0.45,0.4,0.45,0.45,0.95,1.95,1.95,1.95,0.45,0.45,,1.95,1.95,,,,,,,1.95,1.95,1.95,1.95,1.95,,,,,1.95,1.95,0.95,,,3.95,3.95,,0.45,0.45,0.45,1.95,1.95,1.95,1.95,1.95,1.95,,,1.95,,,,1.95,0.45,,,,1.95,,,,3.95,0.4,0.4,1.95,,,,0.95,1.95,,,0.45,1.95
118,10195500,,3.95,,,,,0.95,,,,,3.95,3.95,,3.95,7.95,7.95,,,,,,,,,3.95,,1.95,0.45,,1.95,0.4,,1.95,1.95,,,,1.405,1.95,0.45,,,,1.95,0.95,,,,,,0.45,,0.4,,,,,,1.95,0.95,,,,,0.45,0.95,0.4,,,,0.4,1.95,1.95,,1.95,,,,,,0.4,,,,,3.95,3.95,1.95,1.95,2.95,1.95,1.95,1.95,1.95,1.95,1.95,2.95,,,1.95,,,0.4,7.95,7.95,,3.95,1.95,1.95,,,,,,0.4,1.95,,0.4,3.95,,,7.95,,0.4,,0.4,0.45,0.4,0.45,0.45,0.95,1.95,1.95,1.95,0.45,0.45,,1.95,1.95,,,,,,,1.95,1.95,1.95,1.95,1.95,,,,,1.95,1.95,0.95,,,3.95,3.95,,0.45,0.45,0.45,1.95,1.95,1.95,1.95,1.95,1.95,,,1.95,,,,1.95,0.45,,,,1.95,,,,4.95,0.4,0.4,1.95,,,,0.95,1.95,,,0.45,1.95
118,10195560,,3.95,,,,,0.95,,,,,3.95,3.95,,3.95,7.95,7.95,,,,,,,,,3.95,,1.95,0.45,,1.95,0.4,,1.95,1.95,,,,1.533,1.95,0.45,,,,1.95,0.95,,,,,,0.45,,0.4,,,,,,1.95,0.95,,,,,0.45,0.95,0.4,,,,0.4,1.95,1.95,,1.95,,,,,,0.4,,,,,3.95,3.95,1.95,1.95,2.95,1.95,1.95,1.95,1.95,1.95,1.95,2.95,,,1.95,,,0.4,7.95,7.95,,3.95,1.95,1.95,,,,,,0.4,1.95,,0.4,3.95,,,7.95,,0.4,,0.4,0.45,0.4,0.45,0.45,0.95,1.95,1.95,1.95,0.45,0.45,,1.95,1.95,,,,,,,1.95,1.95,1.95,1.95,1.95,,,,,1.95,1.95,0.95,,,3.95,3.95,,0.45,0.45,0.45,1.95,1.95,1.95,1.95,1.95,1.95,,,1.95,,,,1.95,0.45,,,,1.95,,,,3.95,0.4,0.4,1.95,,,,0.95,1.95,,,0.45,1.95
118,10195620,,3.95,,,,,0.95,,,,,3.95,3.95,,3.95,7.95,7.95,,,,,,,,,3.95,,1.95,0.45,,1.95,0.4,,1.95,1.95,,,,1.405,1.95,0.45,,,,1.95,0.95,,,,,,0.45,,0.4,,,,,,1.95,0.95,,,,,0.45,0.95,0.4,,,,0.4,1.95,1.95,,1.95,,,,,,0.4,,,,,3.95,3.95,1.95,1.95,2.95,1.95,1.95,1.95,1.95,1.95,1.95,2.95,,,1.95,,,0.4,7.95,7.95,,3.95,1.95,1.95,,,,,,0.4,1.95,,0.4,3.95,,,7.95,,0.4,,0.4,0.45,0.4,0.45,0.45,0.95,1.95,1.95,1.95,0.45,0.45,,1.95,1.95,,,,,,,1.95,1.95,1.95,1.95,1.95,,,,,1.95,1.95,0.95,,,3.95,3.95,,0.45,0.45,0.45,1.95,1.95,1.95,1.95,1.95,1.95,,,1.95,,,,1.95,0.45,,,,1.95,,,,4.95,0.4,0.4,1.95,,,,0.95,1.95,,,0.45,1.95
118,10195680,,3.95,,,,,0.95,,,,,3.95,3.95,,3.95,7.95,7.95,,,,,,,,,3.95,,1.95,0.45,,1.95,0.4,,1.95,1.95,,,,1.488,1.95,0.45,,,,1.95,0.95,,,,,,0.45,,0.4,,,,,,1.95,0.95,,,,,0.45,0.95,0.4,,,,0.4,1.95,1.95,,1.95,,,,,,0.4,,,,,3.95,3.95,1.95,1.95,2.95,1.95,1.95,1.95,1.95,1.95,1.95,2.95,,,1.95,,,0.4,7.95,7.95,,3.95,1.95,1.95,,,,,,0.4,1.95,,0.4,3.95,,,7.95,,0.4,,0.4,0.45,0.4,0.45,0.45,0.95,1.95,1.95,1.95,0.45,0.45,,1.95,1.95,,,,,,,1.95,1.95,1.95,1.95,1.95,,,,,1.95,1.95,0.95,,,3.95,3.95,,0.45,0.45,0.45,1.95,1.95,1.95,1.95,1.95,1.95,,,1.95,,,,1.95,0.45,,,,1.95,,,,3.95,0.4,0.4,1.95,,,,0.95,1.95,,,0.45,1.95
118,10195740,,3.95,,,,,0.95,,,,,3.95,3.95,,3.95,7.95,7.95,,,,,,,,,3.95,,1.95,0.45,,1.95,0.4,,1.95,1.95,,,,1.533,1.95,0.45,,,,1.95,0.95,,,,,,0.45,,0.4,,,,,,1.95,0.95,,,,,0.45,0.95,0.4,,,,0.4,1.95,1.95,,1.95,,,,,,0.4,,,,,3.95,3.95,1.95,1.95,2.95,1.95,1.95,1.95,1.95,1.95,1.95,2.95,,,1.95,,,0.4,7.95,7.95,,3.95,1.95,1.95,,,,,,0.4,1.95,,0.4,3.95,,,7.95,,0.4,,0.4,0.45,0.4,0.45,0.45,0.95,1.95,1.95,1.95,0.45,0.45,,1.95,1.95,,,,,,,1.95,1.95,1.95,1.95,1.95,,,,,1.95,1.95,0.95,,,3.95,3.95,,0.45,0.45,0.45,1.95,1.95,1.95,1.95,1.95,1.95,,,1.95,,,,1.95,0.45,,,,1.95,,,,3.95,0.4,0.4,1.95,,,,0.95,1.95,,,0.45,1.95
118,10195800,,3.95,,,,,0.95,,,,,3.95,3.95,,3.95,7.95,7.95,,,,,,,,,3.95,,1.95,0.45,,1.95,0.4,,1.95,1.95,,,,1.488,1.95,0.45,,,,1.95,0.95,,,,,,0.45,,0.4,,,,,,1.95,0.95,,,,,0.45,0.95,0.4,,,,0.4,1.95,1.95,,1.95,,,,,,0.4,,,,,3.95,3.95,1.95,1.95,2.95,1.95,1.95,1.95,1.95,1.95,1.95,2.95,,,1.95,,,0.4,7.95,7.95,,3.95,1.95,1.95,,,,,,0.4,1.95,,0.4,3.95,,,7.95,,0.4,,0.4,0.45,0.4,0.45,0.45,0.95,1.95,1.95,1.95,0.45,0.45,,1.95,1.95,,,,,,,1.95,1.95,1.95,1.95,1.95,,,,,1.95,1.95,0.95,,,3.95,3.95,,0.45,0.45,0.45,1.95,1.95,1.95,1.95,1.95,1.95,,,1.95,,,,1.95,0.45,,,,1.95,,,,3.95,0.4,0.4,1.95,,,,0.95,1.95,,,0.45,1.95
118,10195860,,3.95,,,,,0.95,,,,,3.95,3.95,,3.95,7.95,7.95,,,,,,,,,3.95,,1.95,0.45,,1.95,0.4,,1.95,1.95,,,,1.405,1.95,0.45,,,,1.95,0.95,,,,,,0.45,,0.4,,,,,,1.95,0.95,,,,,0.45,0.95,0.4,,,,0.4,1.95,1.95,,1.95,,,,,,0.4,,,,,3.95,3.95,1.95,1.95,2.95,1.95,1.95,1.95,1.95,1.95,1.95,2.95,,,1.95,,,0.4,7.95,7.95,,3.95,1.95,1.95,,,,,,0.4,1.95,,0.4,3.95,,,7.95,,0.4,,0.4,0.45,0.4,0.45,0.45,0.95,1.95,1.95,1.95,0.45,0.45,,1.95,1.95,,,,,,,1.95,1.95,1.95,1.95,1.95,,,,,1.95,1.95,0.95,,,3.95,3.95,,0.45,0.45,0.45,1.95,1.95,1.95,1.95,1.95,1.95,,,1.95,,,,1.95,0.45,,,,1.95,,,,3.95,0.4,0.4,1.95,,,,0.95,1.95,,,0.45,1.95
118,10195920,,3.95,,,,,0.95,,,,,3.95,3.95,,3.95,7.95,7.95,,,,,,,,,3.95,,1.95,0.45,,1.95,0.4,,1.95,1.95,,,,1.495,1.95,0.45,,,,1.95,0.95,,,,,,0.45,,0.4,,,,,,1.95,0.95,,,,,0.45,0.95,0.4,,,,0.4,1.95,1.95,,1.95,,,,,,0.4,,,,,3.95,3.95,1.95,1.95,2.95,1.95,1.95,1.95,1.95,1.95,1.95,2.95,,,1.95,,,0.4,7.95,7.95,,3.95,1.95,1.95,,,,,,0.4,1.95,,0.4,3.95,,,7.95,,0.4,,0.4,0.45,0.4,0.45,0.45,0.95,1.95,1.95,1.95,0.45,0.45,,1.95,1.95,,,,,,,1.95,1.95,1.95,1.95,1.95,,,,,1.95,1.95,0.95,,,3.95,3.95,,0.45,0.45,0.45,1.95,1.95,1.95,1.95,1.95,1.95,,,1.95,,,,1.95,0.45,,,,1.95,,,,3.95,0.4,0.4,1.95,,,,0.95,1.95,,,0.45,1.95
118,10195980,,3.95,,,,,0.95,,,,,3.95,3.95,,3.95,7.95,7.95,,,,,,,,,3.95,,1.95,0.45,,1.95,0.4,,1.95,1.95,,,,1.488,1.95,0.45,,,,1.95,0.95,,,,,,0.45,,0.4,,,,,,1.95,0.95,,,,,0.45,0.95,0.4,,,,0.4,1.95,1.95,,1.95,,,,,,0.4,,,,,3.95,3.95,1.95,1.95,2.95,1.95,1.95,1.95,1.95,1.95,1.95,2.95,,,1.95,,,0.4,7.95,7.95,,3.95,1.95,1.95,,,,,,0.4,1.95,,0.4,3.95,,,7.95,,0.4,,0.4,0.45,0.4,0.45,0.45,0.95,1.95,1.95,1.95,0.45,0.45,,1.95,1.95,,,,,,,1.95,1.95,1.95,1.95,1.95,,,,,1.95,1.95,0.95,,,3.95,3.95,,0.45,0.45,0.45,1.95,1.95,1.95,1.95,1.95,1.95,,,1.95,,,,1.95,0.45,,,,1.95,,,,3.95,0.4,0.4,1.95,,,,0.95,1.95,,,0.45,1.95
118,10196040,,3.95,,,,,0.95,,,,,3.95,3.95,,3.95,7.95,7.95,,,,,,,,,3.95,,1.95,0.45,,1.95,0.4,,1.95,1.95,,,,1.45,1.95,0.45,,,,1.95,0.95,,,,,,0.45,,0.4,,,,,,1.95,0.95,,,,,0.45,0.95,0.4,,,,0.4,1.95,1.95,,1.95,,,,,,0.4,,,,,3.95,3.95,1.95,1.95,2.95,1.95,1.95,1.95,1.95,1.95,1.95,2.95,,,1.95,,,0.4,7.95,7.95,,3.95,1.95,1.95,,,,,,0.4,1.95,,0.4,3.95,,,7.95,,0.4,,0.4,0.45,0.4,0.45,0.45,0.95,1.95,1.95,1.95,0.45,0.45,,1.95,1.95,,,,,,,1.95,1.95,1.95,1.95,1.95,,,,,1.95,1.95,0.95,,,3.95,3.95,,0.45,0.45,0.45,1.95,1.95,1.95,1.95,1.95,1.95,,,1.95,,,,1.95,0.45,,,,1.95,,,,4.95,0.4,0.4,1.95,,,,0.95,1.95,,,0.45,1.95
118,10196100,,3.95,,,,,0.95,,,,,3.95,3.95,,3.95,7.95,7.95,,,,,,,,,3.95,,1.95,0.45,,1.95,0.4,,1.95,1.95,,,,1.488,1.95,0.45,,,,1.95,0.95,,,,,,0.45,,0.4,,,,,,1.95,0.95,,,,,0.45,0.95,0.4,,,,0.4,1.95,1.95,,1.95,,,,,,0.4,,,,,3.95,3.95,1.95,1.95,2.95,1.95,1.95,1.95,1.95,1.95,1.95,2.95,,,1.95,,,0.4,7.95,7.95,,3.95,1.95,1.95,,,,,,0.4,1.95,,0.4,3.95,,,7.95,,0.4,,0.4,0.45,0.4,0.45,0.45,0.95,1.95,1.95,1.95,0.45,0.45,,1.95,1.95,,,,,,,1.95,1.95,1.95,1.95,1.95,,,,,1.95,1.95,0.95,,,3.95,3.95,,0.45,0.45,0.45,1.95,1.95,1.95,1.95,1.95,1.95,,,1.95,,,,1.95,0.45,,,,1.95,,,,3.95,0.4,0.4,1.95,,,,0.95,1.95,,,0.45,1.95
118,10196160,,3.95,,,,,0.95,,,,,3.95,3.95,,3.95,7.95,7.95,,,,,,,,,3.95,,1.95,0.45,,1.95,0.4,,1.95,1.95,,,,1.533,1.95,0.45,,,,1.95,0.95,,,,,,0.45,,0.4,,,,,,1.95,0.95,,,,,0.45,0.95,0.4,,,,0.4,1.95,1.95,,1.95,,,,,,0.4,,,,,3.95,3.95,1.95,1.95,2.95,1.95,1.95,1.95,1.95,1.95,1.95,2.95,,,1.95,,,0.4,7.95,7.95,,3.95,1.95,1.95,,,,,,0.4,1.95,,0.4,3.95,,,7.95,,0.4,,0.4,0.45,0.4,0.45,0.45,0.95,1.95,1.95,1.95,0.45,0.45,,1.95,1.95,,,,,,,1.95,1.95,1.95,1.95,1.95,,,,,1.95,1.95,0.95,,,3.95,3.95,,0.45,0.45,0.45,1.95,1.95,1.95,1.95,1.95,1.95,,,1.95,,,,1.95,0.45,,,,1.95,,,,3.95,0.4,0.4,1.95,,,,0.95,1.95,,,0.45,1.95
118,10196220,,3.95,,,,,0.95,,,,,3.95,3.95,,3.95,7.95,7.95,,,,,,,,,3.95,,1.95,0.45,,1.95,0.4,,1.95,1.95,,,,1.488,1.95,0.45,,,,1.95,0.95,,,,,,0.45,,0.4,,,,,,1.95,0.95,,,,,0.45,0.95,0.4,,,,0.4,1.95,1.95,,1.95,,,,,,0.4,,,,,3.95,3.95,1.95,1.95,2.95,1.95,1.95,1.95,1.95,1.95,1.95,2.95,,,1.95,,,0.4,7.95,7.95,,3.95,1.95,1.95,,,,,,0.4,1.95,,0.4,3.95,,,7.95,,0.4,,0.4,0.45,0.4,0.45,0.45,0.95,1.95,1.95,1.95,0.45,0.45,,1.95,1.95,,,,,,,1.95,1.95,1.95,1.95,1.95,,,,,1.95,1.95,0.95,,,3.95,3.95,,0.45,0.45,0.45,1.95,1.95,1.95,1.95,1.95,1.95,,,1.95,,,,1.95,0.45,,,,1.95,,,,3.95,0.4,0.4,1.95,,,,0.95,1.95,,,0.45,1.95
118,10196280,,3.95,,,,,0.95,,,,,3.95,3.95,,3.95,7.95,7.95,,,,,,,,,3.95,,1.95,0.45,,1.95,0.4,,1.95,1.95,,,,1.45,1.95,0.45,,,,1.95,0.95,,,,,,0.45,,0.4,,,,,,1.95,0.95,,,,,0.45,0.95,0.4,,,,0.4,1.95,1.95,,1.95,,,,,,0.4,,,,,3.95,3.95,1.95,1.95,2.95,1.95,1.95,1.95,1.95,1.95,1.95,2.95,,,1.95,,,0.4,7.95,7.95,,3.95,1.95,1.95,,,,,,0.4,1.95,,0.4,3.95,,,7.95,,0.4,,0.4,0.45,0.4,0.45,0.45,0.95,1.95,1.95,1.95,0.45,0.45,,1.95,1.95,,,,,,,1.95,1.95,1.95,1.95,1.95,,,,,1.95,1.95,0.95,,,3.95,3.95,,0.45,0.45,0.45,1.95,1.95,1.95,1.95,1.95,1.95,,,1.95,,,,1.95,0.45,,,,1.95,,,,4.95,0.4,0.4,1.95,,,,0.95,1.95,,,0.45,1.95
118,10196340,,3.95,,,,,0.95,,,,,3.95,3.95,,3.95,7.95,7.95,,,,,,,,,3.95,,1.95,0.45,,1.95,0.4,,1.95,1.95,,,,1.488,1.95,0.45,,,,1.95,0.95,,,,,,0.45,,0.4,,,,,,1.95,0.95,,,,,0.45,0.95,0.4,,,,0.4,1.95,1.95,,1.95,,,,,,0.4,,,,,3.95,3.95,1.95,1.95,2.95,1.95,1.95,1.95,1.95,1.95,1.95,2.95,,,1.95,,,0.4,7.95,7.95,,3.95,1.95,1.95,,,,,,0.4,1.95,,0.4,3.95,,,7.95,,0.4,,0.4,0.45,0.4,0.45,0.45,0.95,1.95,1.95,1.95,0.45,0.45,,1.95,1.95,,,,,,,1.95,1.95,1.95,1.95,1.95,,,,,1.95,1.95,0.95,,,3.95,3.95,,0.45,0.45,0.45,1.95,1.95,1.95,1.95,1.95,1.95,,,1.95,,,,1.95,0.45,,,,1.95,,,,3.95,0.4,0.4,1.95,,,,0.95,1.95,,,0.45,1.95
118,10196400,,3.95,,,,,0.95,,,,,3.95,3.95,,3.95,7.95,7.95,,,,,,,,,3.95,,1.95,0.45,,1.95,0.4,,1.95,1.95,,,,1.488,1.95,0.45,,,,1.95,0.95,,,,,,0.45,,0.4,,,,,,1.95,0.95,,,,,0.45,0.95,0.4,,,,0.4,1.95,1.95,,1.95,,,,,,0.4,,,,,3.95,3.95,1.95,1.95,2.95,1.95,1.95,1.95,1.95,1.95,1.95,2.95,,,1.95,,,0.4,7.95,7.95,,3.95,1.95,1.95,,,,,,0.4,1.95,,0.4,3.95,,,7.95,,0.4,,0.4,0.45,0.4,0.45,0.45,0.95,1.95,1.95,1.95,0.45,0.45,,1.95,1.95,,,,,,,1.95,1.95,1.95,1.95,1.95,,,,,1.95,1.95,0.95,,,3.95,3.95,,0.45,0.45,0.45,1.95,1.95,1.95,1.95,1.95,1.95,,,1.95,,,,1.95,0.45,,,,1.95,,,,4.95,0.4,0.4,1.95,,,,0.95,1.95,,,0.45,1.95
118,10196460,,3.95,,,,,0.95,,,,,3.95,3.95,,3.95,7.95,7.95,,,,,,,,,3.95,,1.95,0.45,,1.95,0.4,,1.95,1.95,,,,1.45,1.95,0.45,,,,1.95,0.95,,,,,,0.45,,0.4,,,,,,1.95,0.95,,,,,0.45,0.95,0.4,,,,0.4,1.95,1.95,,1.95,,,,,,0.4,,,,,3.95,3.95,1.95,1.95,2.95,1.95,1.95,1.95,1.95,1.95,1.95,2.95,,,1.95,,,0.4,7.95,7.95,,3.95,1.95,1.95,,,,,,0.4,1.95,,0.4,3.95,,,7.95,,0.4,,0.4,0.45,0.4,0.45,0.45,0.95,1.95,1.95,1.95,0.45,0.45,,1.95,1.95,,,,,,,1.95,1.95,1.95,1.95,1.95,,,,,1.95,1.95,0.95,,,3.95,3.95,,0.45,0.45,0.45,1.95,1.95,1.95,1.95,1.95,1.95,,,1.95,,,,1.95,0.45,,,,1.95,,,,3.95,0.4,0.4,1.95,,,,0.95,1.95,,,0.45,1.95
118,10196520,,3.95,,,,,0.95,,,,,3.95,3.95,,3.95,7.95,7.95,,,,,,,,,3.95,,1.95,0.45,,1.95,0.4,,1.95,1.95,,,,1.45,1.95,0.45,,,,1.95,0.95,,,,,,0.45,,0.4,,,,,,1.95,0.95,,,,,0.45,0.95,0.4,,,,0.4,1.95,1.95,,1.95,,,,,,0.4,,,,,3.95,3.95,1.95,1.95,2.95,1.95,1.95,1.95,1.95,1.95,1.95,2.95,,,1.95,,,0.4,7.95,7.95,,3.95,1.95,1.95,,,,,,0.4,1.95,,0.4,3.95,,,7.95,,0.4,,0.4,0.45,0.4,0.45,0.45,0.95,1.95,1.95,1.95,0.45,0.45,,1.95,1.95,,,,,,,1.95,1.95,1.95,1.95,1.95,,,,,1.95,1.95,0.95,,,3.95,3.95,,0.45,0.45,0.45,1.95,1.95,1.95,1.95,1.95,1.95,,,1.95,,,,1.95,0.45,,,,1.95,,,,4.95,0.4,0.4,1.95,,,,0.95,1.95,,,0.45,1.95
118,10196580,,3.95,,,,,0.95,,,,,3.95,3.95,,3.95,7.95,7.95,,,,,,,,,3.95,,1.95,0.45,,1.95,0.4,,1.95,1.95,,,,1.488,1.95,0.45,,,,1.95,0.95,,,,,,0.45,,0.4,,,,,,1.95,0.95,,,,,0.45,0.95,0.4,,,,0.4,1.95,1.95,,1.95,,,,,,0.4,,,,,3.95,3.95,1.95,1.95,2.95,1.95,1.95,1.95,1.95,1.95,1.95,2.95,,,1.95,,,0.4,7.95,7.95,,3.95,1.95,1.95,,,,,,0.4,1.95,,0.4,3.95,,,7.95,,0.4,,0.4,0.45,0.4,0.45,0.45,0.95,1.95,1.95,1.95,0.45,0.45,,1.95,1.95,,,,,,,1.95,1.95,1.95,1.95,1.95,,,,,1.95,1.95,0.95,,,3.95,3.95,,0.45,0.45,0.45,1.95,1.95,1.95,1.95,1.95,1.95,,,1.95,,,,1.95,0.45,,,,1.95,,,,3.95,0.4,0.4,1.95,,,,0.95,1.95,,,0.45,1.95
118,10196640,,3.95,,,,,0.95,,,,,3.95,3.95,,3.95,7.95,7.95,,,,,,,,,3.95,,1.95,0.45,,1.95,0.4,,1.95,1.95,,,,1.45,1.95,0.45,,,,1.95,0.95,,,,,,0.45,,0.4,,,,,,1.95,0.95,,,,,0.45,0.95,0.4,,,,0.4,1.95,1.95,,1.95,,,,,,0.4,,,,,3.95,3.95,1.95,1.95,2.95,1.95,1.95,1.95,1.95,1.95,1.95,2.95,,,1.95,,,0.4,7.95,7.95,,3.95,1.95,1.95,,,,,,0.4,1.95,,0.4,3.95,,,7.95,,0.4,,0.4,0.45,0.4,0.45,0.45,0.95,1.95,1.95,1.95,0.45,0.45,,1.95,1.95,,,,,,,1.95,1.95,1.95,1.95,1.95,,,,,1.95,1.95,0.95,,,3.95,3.95,,0.45,0.45,0.45,1.95,1.95,1.95,1.95,1.95,1.95,,,1.95,,,,1.95,0.45,,,,1.95,,,,3.95,0.4,0.4,1.95,,,,0.95,1.95,,,0.45,1.95
118,10196700,,3.95,,,,,0.95,,,,,3.95,3.95,,3.95,7.95,7.95,,,,,,,,,3.95,,1.95,0.45,,1.95,0.4,,1.95,1.95,,,,1.488,1.95,0.45,,,,1.95,0.95,,,,,,0.45,,0.4,,,,,,1.95,0.95,,,,,0.45,0.95,0.4,,,,0.4,1.95,1.95,,1.95,,,,,,0.4,,,,,3.95,3.95,1.95,1.95,2.95,1.95,1.95,1.95,1.95,1.95,1.95,2.95,,,1.95,,,0.4,7.95,7.95,,3.95,1.95,1.95,,,,,,0.4,1.95,,0.4,3.95,,,7.95,,0.4,,0.4,0.45,0.4,0.45,0.45,0.95,1.95,1.95,1.95,0.45,0.45,,1.95,1.95,,,,,,,1.95,1.95,1.95,1.95,1.95,,,,,1.95,1.95,0.95,,,3.95,3.95,,0.45,0.45,0.45,1.95,1.95,1.95,1.95,1.95,1.95,,,1.95,,,,1.95,0.45,,,,1.95,,,,3.95,0.4,0.4,1.95,,,,0.95,1.95,,,0.45,1.95
118,10196760,,3.95,,,,,0.95,,,,,3.95,3.95,,3.95,7.95,7.95,,,,,,,,,3.95,,1.95,0.45,,1.95,0.4,,1.95,1.95,,,,1.45,1.95,0.45,,,,1.95,0.95,,,,,,0.45,,0.4,,,,,,1.95,0.95,,,,,0.45,0.95,0.4,,,,0.4,1.95,1.95,,1.95,,,,,,0.4,,,,,3.95,3.95,1.95,1.95,2.95,1.95,1.95,1.95,1.95,1.95,1.95,2.95,,,1.95,,,0.4,7.95,7.95,,3.95,1.95,1.95,,,,,,0.4,1.95,,0.4,3.95,,,7.95,,0.4,,0.4,0.45,0.4,0.45,0.45,0.95,1.95,1.95,1.95,0.45,0.45,,1.95,1.95,,,,,,,1.95,1.95,1.95,1.95,1.95,,,,,1.95,1.95,0.95,,,3.95,3.95,,0.45,0.45,0.45,1.95,1.95,1.95,1.95,1.95,1.95,,,1.95,,,,1.95,0.45,,,,1.95,,,,3.95,0.4,0.4,1.95,,,,0.95,1.95,,,0.45,1.95
118,10196820,,3.95,,,,,0.95,,,,,3.95,3.95,,3.95,7.95,7.95,,,,,,,,,3.95,,1.95,0.45,,1.95,0.4,,1.95,1.95,,,,1.45,1.95,0.45,,,,1.95,0.95,,,,,,0.45,,0.4,,,,,,1.95,0.95,,,,,0.45,0.95,0.4,,,,0.4,1.95,1.95,,1.95,,,,,,0.4,,,,,3.95,3.95,1.95,1.95,2.95,1.95,1.95,1.95,1.95,1.95,1.95,2.95,,,1.95,,,0.4,7.95,7.95,,3.95,1.95,1.95,,,,,,0.4,1.95,,0.4,3.95,,,7.95,,0.4,,0.4,0.45,0.4,0.45,0.45,0.95,1.95,1.95,1.95,0.45,0.45,,1.95,1.95,,,,,,,1.95,1.95,1.95,1.95,1.95,,,,,1.95,1.95,0.95,,,3.95,3.95,,0.45,0.45,0.45,1.95,1.95,1.95,1.95,1.95,1.95,,,1.95,,,,1.95,0.45,,,,1.95,,,,3.95,0.4,0.4,1.95,,,,0.95,1.95,,,0.45,1.95
118,10196880,,3.95,,,,,0.95,,,,,3.95,3.95,,3.95,7.95,7.95,,,,,,,,,3.95,,1.95,0.45,,1.95,0.4,,1.95,1.95,,,,1.488,1.95,0.45,,,,1.95,0.95,,,,,,0.45,,0.4,,,,,,1.95,0.95,,,,,0.45,0.95,0.4,,,,0.4,1.95,1.95,,1.95,,,,,,0.4,,,,,3.95,3.95,1.95,1.95,2.95,1.95,1.95,1.95,1.95,1.95,1.95,2.95,,,1.95,,,0.4,7.95,7.95,,3.95,1.95,1.95,,,,,,0.4,1.95,,0.4,3.95,,,7.95,,0.4,,0.4,0.45,0.4,0.45,0.45,0.95,1.95,1.95,1.95,0.45,0.45,,1.95,1.95,,,,,,,1.95,1.95,1.95,1.95,1.95,,,,,1.95,1.95,0.95,,,3.95,3.95,,0.45,0.45,0.45,1.95,1.95,1.95,1.95,1.95,1.95,,,1.95,,,,1.95,0.45,,,,1.95,,,,3.95,0.4,0.4,1.95,,,,0.95,1.95,,,0.45,1.95
118,10196940,,3.95,,,,,0.95,,,,,3.95,3.95,,3.95,7.95,7.95,,,,,,,,,3.95,,1.95,0.45,,1.95,0.4,,1.95,1.95,,,,1.488,1.95,0.45,,,,1.95,0.95,,,,,,0.45,,0.4,,,,,,1.95,0.95,,,,,0.45,0.95,0.4,,,,0.4,1.95,1.95,,1.95,,,,,,0.4,,,,,3.95,3.95,1.95,1.95,2.95,1.95,1.95,1.95,1.95,1.95,1.95,2.95,,,1.95,,,0.4,7.95,7.95,,3.95,1.95,1.95,,,,,,0.4,1.95,,0.4,3.95,,,7.95,,0.4,,0.4,0.45,0.4,0.45,0.45,0.95,1.95,1.95,1.95,0.45,0.45,,1.95,1.95,,,,,,,1.95,1.95,1.95,1.95,1.95,,,,,1.95,1.95,0.95,,,3.95,3.95,,0.45,0.45,0.45,1.95,1.95,1.95,1.95,1.95,1.95,,,1.95,,,,1.95,0.45,,,,1.95,,,,3.95,0.4,0.4,1.95,,,,0.95,1.95,,,0.45,1.95
118,10197000,,3.95,,,,,0.95,,,,,3.95,3.95,,3.95,7.95,7.95,,,,,,,,,3.95,,1.95,0.45,,1.95,0.4,,1.95,1.95,,,,1.488,1.95,0.45,,,,1.95,0.95,,,,,,0.45,,0.4,,,,,,1.95,0.95,,,,,0.45,0.95,0.4,,,,0.4,1.95,1.95,,1.95,,,,,,0.4,,,,,3.95,3.95,1.95,1.95,2.95,1.95,1.95,1.95,1.95,1.95,1.95,2.95,,,1.95,,,0.4,7.95,7.95,,3.95,1.95,1.95,,,,,,0.4,1.95,,0.4,3.95,,,7.95,,0.4,,0.4,0.45,0.4,0.45,0.45,0.95,1.95,1.95,1.95,0.45,0.45,,1.95,1.95,,,,,,,1.95,1.95,1.95,1.95,1.95,,,,,1.95,1.95,0.95,,,3.95,3.95,,0.45,0.45,0.45,1.95,1.95,1.95,1.95,1.95,1.95,,,1.95,,,,1.95,0.45,,,,1.95,,,,3.95,0.4,0.4,1.95,,,,0.95,1.95,,,0.45,1.95
118,10197060,,3.95,,,,,0.95,,,,,3.95,3.95,,3.95,7.95,7.95,,,,,,,,,3.95,,1.95,0.45,,1.95,0.4,,1.95,1.95,,,,1.488,1.95,0.45,,,,1.95,0.95,,,,,,0.45,,0.4,,,,,,1.95,0.95,,,,,0.45,0.95,0.4,,,,0.4,1.95,1.95,,1.95,,,,,,0.4,,,,,3.95,3.95,1.95,1.95,2.95,1.95,1.95,1.95,1.95,1.95,1.95,2.95,,,1.95,,,0.4,7.95,7.95,,3.95,1.95,1.95,,,,,,0.4,1.95,,0.4,3.95,,,7.95,,0.4,,0.4,0.45,0.4,0.45,0.45,0.95,1.95,1.95,1.95,0.45,0.45,,1.95,1.95,,,,,,,1.95,1.95,1.95,1.95,1.95,,,,,1.95,1.95,0.95,,,3.95,3.95,,0.45,0.45,0.45,1.95,1.95,1.95,1.95,1.95,1.95,,,1.95,,,,1.95,0.45,,,,1.95,,,,3.95,0.4,0.4,1.95,,,,0.95,1.95,,,0.45,1.95
118,10197120,,3.95,,,,,0.95,,,,,3.95,3.95,,3.95,7.95,7.95,,,,,,,,,3.95,,1.95,0.45,,1.95,0.4,,1.95,1.95,,,,1.45,1.95,0.45,,,,1.95,0.95,,,,,,0.45,,0.4,,,,,,1.95,0.95,,,,,0.45,0.95,0.4,,,,0.4,1.95,1.95,,1.95,,,,,,0.4,,,,,3.95,3.95,1.95,1.95,2.95,1.95,1.95,1.95,1.95,1.95,1.95,2.95,,,1.95,,,0.4,7.95,7.95,,3.95,1.95,1.95,,,,,,0.4,1.95,,0.4,3.95,,,7.95,,0.4,,0.4,0.45,0.4,0.45,0.45,0.95,1.95,1.95,1.95,0.45,0.45,,1.95,1.95,,,,,,,1.95,1.95,1.95,1.95,1.95,,,,,1.95,1.95,0.95,,,3.95,3.95,,0.45,0.45,0.45,1.95,1.95,1.95,1.95,1.95,1.95,,,1.95,,,,1.95,0.45,,,,1.95,,,,3.95,0.4,0.4,1.95,,,,0.95,1.95,,,0.45,1.95
118,10197180,,3.95,,,,,0.95,,,,,3.95,3.95,,3.95,7.95,7.95,,,,,,,,,3.95,,1.95,0.45,,1.95,0.4,,1.95,1.95,,,,1.45,1.95,0.45,,,,1.95,0.95,,,,,,0.45,,0.4,,,,,,1.95,0.95,,,,,0.45,0.95,0.4,,,,0.4,1.95,1.95,,1.95,,,,,,0.4,,,,,3.95,3.95,1.95,1.95,2.95,1.95,1.95,1.95,1.95,1.95,1.95,2.95,,,1.95,,,0.4,7.95,7.95,,3.95,1.95,1.95,,,,,,0.4,1.95,,0.4,3.95,,,7.95,,0.4,,0.4,0.45,0.4,0.45,0.45,0.95,1.95,1.95,1.95,0.45,0.45,,1.95,1.95,,,,,,,1.95,1.95,1.95,1.95,1.95,,,,,1.95,1.95,0.95,,,3.95,3.95,,0.45,0.45,0.45,1.95,1.95,1.95,1.95,1.95,1.95,,,1.95,,,,1.95,0.45,,,,1.95,,,,3.95,0.4,0.4,1.95,,,,0.95,1.95,,,0.45,1.95
118,10197240,,3.95,,,,,0.95,,,,,3.95,3.95,,3.95,7.95,7.95,,,,,,,,,3.95,,1.95,0.45,,1.95,0.4,,1.95,1.95,,,,1.488,1.95,0.45,,,,1.95,0.95,,,,,,0.45,,0.4,,,,,,1.95,0.95,,,,,0.45,0.95,0.4,,,,0.4,1.95,1.95,,1.95,,,,,,0.4,,,,,3.95,3.95,1.95,1.95,2.95,1.95,1.95,1.95,1.95,1.95,1.95,2.95,,,1.95,,,0.4,7.95,7.95,,3.95,1.95,1.95,,,,,,0.4,1.95,,0.4,3.95,,,7.95,,0.4,,0.4,0.45,0.4,0.45,0.45,0.95,1.95,1.95,1.95,0.45,0.45,,1.95,1.95,,,,,,,1.95,1.95,1.95,1.95,1.95,,,,,1.95,1.95,0.95,,,3.95,3.95,,0.45,0.45,0.45,1.95,1.95,1.95,1.95,1.95,1.95,,,1.95,,,,1.95,0.45,,,,1.95,,,,3.95,0.4,0.4,1.95,,,,0.95,1.95,,,0.45,1.95
118,10197300,,3.95,,,,,0.95,,,,,3.95,3.95,,3.95,7.95,7.95,,,,,,,,,3.95,,1.95,0.45,,1.95,0.4,,1.95,1.95,,,,1.488,1.95,0.45,,,,1.95,0.95,,,,,,0.45,,0.4,,,,,,1.95,0.95,,,,,0.45,0.95,0.4,,,,0.4,1.95,1.95,,1.95,,,,,,0.4,,,,,3.95,3.95,1.95,1.95,2.95,1.95,1.95,1.95,1.95,1.95,1.95,2.95,,,1.95,,,0.4,7.95,7.95,,3.95,1.95,1.95,,,,,,0.4,1.95,,0.4,3.95,,,7.95,,0.4,,0.4,0.45,0.4,0.45,0.45,0.95,1.95,1.95,1.95,0.45,0.45,,1.95,1.95,,,,,,,1.95,1.95,1.95,1.95,1.95,,,,,1.95,1.95,0.95,,,3.95,3.95,,0.45,0.45,0.45,1.95,1.95,1.95,1.95,1.95,1.95,,,1.95,,,,1.95,0.45,,,,1.95,,,,3.95,0.4,0.4,1.95,,,,0.95,1.95,,,0.45,1.95
118,10197360,,3.95,,,,,0.95,,,,,3.95,3.95,,3.95,7.95,7.95,,,,,,,,,3.95,,1.95,0.45,,1.95,0.4,,1.95,1.95,,,,1.488,1.95,0.45,,,,1.95,0.95,,,,,,0.45,,0.4,,,,,,1.95,0.95,,,,,0.45,0.95,0.4,,,,0.4,1.95,1.95,,1.95,,,,,,0.4,,,,,3.95,3.95,1.95,1.95,2.95,1.95,1.95,1.95,1.95,1.95,1.95,2.95,,,1.95,,,0.4,7.95,7.95,,3.95,1.95,1.95,,,,,,0.4,1.95,,0.4,3.95,,,7.95,,0.4,,0.4,0.45,0.4,0.45,0.45,0.95,1.95,1.95,1.95,0.45,0.45,,1.95,1.95,,,,,,,1.95,1.95,1.95,1.95,1.95,,,,,1.95,1.95,0.95,,,3.95,3.95,,0.45,0.45,0.45,1.95,1.95,1.95,1.95,1.95,1.95,,,1.95,,,,1.95,0.45,,,,1.95,,,,3.95,0.4,0.4,1.95,,,,0.95,1.95,,,0.45,1.95
118,10197420,,3.95,,,,,0.95,,,,,3.95,3.95,,3.95,7.95,7.95,,,,,,,,,3.95,,1.95,0.45,,1.95,0.4,,1.95,1.95,,,,1.488,1.95,0.45,,,,1.95,0.95,,,,,,0.45,,0.4,,,,,,1.95,0.95,,,,,0.45,0.95,0.4,,,,0.4,1.95,1.95,,1.95,,,,,,0.4,,,,,3.95,3.95,1.95,1.95,2.95,1.95,1.95,1.95,1.95,1.95,1.95,2.95,,,1.95,,,0.4,7.95,7.95,,3.95,1.95,1.95,,,,,,0.4,1.95,,0.4,3.95,,,7.95,,0.4,,0.4,0.45,0.4,0.45,0.45,0.95,1.95,1.95,1.95,0.45,0.45,,1.95,1.95,,,,,,,1.95,1.95,1.95,1.95,1.95,,,,,1.95,1.95,0.95,,,3.95,3.95,,0.45,0.45,0.45,1.95,1.95,1.95,1.95,1.95,1.95,,,1.95,,,,1.95,0.45,,,,1.95,,,,3.95,0.4,0.4,1.95,,,,0.95,1.95,,,0.45,1.95
118,10197480,,3.95,,,,,0.95,,,,,3.95,3.95,,3.95,7.95,7.95,,,,,,,,,3.95,,1.95,0.45,,1.95,0.4,,1.95,1.95,,,,1.488,1.95,0.45,,,,1.95,0.95,,,,,,0.45,,0.4,,,,,,1.95,0.95,,,,,0.45,0.95,0.4,,,,0.4,1.95,1.95,,1.95,,,,,,0.4,,,,,3.95,3.95,1.95,1.95,2.95,1.95,1.95,1.95,1.95,1.95,1.95,2.95,,,1.95,,,0.4,7.95,7.95,,3.95,1.95,1.95,,,,,,0.4,1.95,,0.4,3.95,,,7.95,,0.4,,0.4,0.45,0.4,0.45,0.45,0.95,1.95,1.95,1.95,0.45,0.45,,1.95,1.95,,,,,,,1.95,1.95,1.95,1.95,1.95,,,,,1.95,1.95,0.95,,,3.95,3.95,,0.45,0.45,0.45,1.95,1.95,1.95,1.95,1.95,1.95,,,1.95,,,,1.95,0.45,,,,1.95,,,,3.95,0.4,0.4,1.95,,,,0.95,1.95,,,0.45,1.95
118,10197540,,3.95,,,,,0.95,,,,,3.95,3.95,,3.95,7.95,7.95,,,,,,,,,3.95,,1.95,0.45,,1.95,0.4,,1.95,1.95,,,,1.45,1.95,0.45,,,,1.95,0.95,,,,,,0.45,,0.4,,,,,,1.95,0.95,,,,,0.45,0.95,0.4,,,,0.4,1.95,1.95,,1.95,,,,,,0.4,,,,,3.95,3.95,1.95,1.95,2.95,1.95,1.95,1.95,1.95,1.95,1.95,2.95,,,1.95,,,0.4,7.95,7.95,,3.95,1.95,1.95,,,,,,0.4,1.95,,0.4,3.95,,,7.95,,0.4,,0.4,0.45,0.4,0.45,0.45,0.95,1.95,1.95,1.95,0.45,0.45,,1.95,1.95,,,,,,,1.95,1.95,1.95,1.95,1.95,,,,,1.95,1.95,0.95,,,3.95,3.95,,0.45,0.45,0.45,1.95,1.95,1.95,1.95,1.95,1.95,,,1.95,,,,1.95,0.45,,,,1.95,,,,3.95,0.4,0.4,1.95,,,,0.95,1.95,,,0.45,1.95
118,10197600,,3.95,,,,,0.95,,,,,3.95,3.95,,3.95,7.95,7.95,,,,,,,,,3.95,,1.95,0.45,,1.95,0.4,,1.95,1.95,,,,1.45,1.95,0.45,,,,1.95,0.95,,,,,,0.45,,0.4,,,,,,1.95,0.95,,,,,0.45,0.95,0.4,,,,0.4,1.95,1.95,,1.95,,,,,,0.4,,,,,3.95,3.95,1.95,1.95,2.95,1.95,1.95,1.95,1.95,1.95,1.95,2.95,,,1.95,,,0.4,7.95,7.95,,3.95,1.95,1.95,,,,,,0.4,1.95,,0.4,3.95,,,7.95,,0.4,,0.4,0.45,0.4,0.45,0.45,0.95,1.95,1.95,1.95,0.45,0.45,,1.95,1.95,,,,,,,1.95,1.95,1.95,1.95,1.95,,,,,1.95,1.95,0.95,,,3.95,3.95,,0.45,0.45,0.45,1.95,1.95,1.95,1.95,1.95,1.95,,,1.95,,,,1.95,0.45,,,,1.95,,,,3.95,0.4,0.4,1.95,,,,0.95,1.95,,,0.45,1.95
118,10197660,,3.95,,,,,0.95,,,,,3.95,3.95,,3.95,7.95,7.95,,,,,,,,,3.95,,1.95,0.45,,1.95,0.4,,1.95,1.95,,,,1.45,1.95,0.45,,,,1.95,0.95,,,,,,0.45,,0.4,,,,,,1.95,0.95,,,,,0.45,0.95,0.4,,,,0.4,1.95,1.95,,1.95,,,,,,0.4,,,,,3.95,3.95,1.95,1.95,2.95,1.95,1.95,1.95,1.95,1.95,1.95,2.95,,,1.95,,,0.4,7.95,7.95,,3.95,1.95,1.95,,,,,,0.4,1.95,,0.4,3.95,,,7.95,,0.4,,0.4,0.45,0.4,0.45,0.45,0.95,1.95,1.95,1.95,0.45,0.45,,1.95,1.95,,,,,,,1.95,1.95,1.95,1.95,1.95,,,,,1.95,1.95,0.95,,,3.95,3.95,,0.45,0.45,0.45,1.95,1.95,1.95,1.95,1.95,1.95,,,1.95,,,,1.95,0.45,,,,1.95,,,,3.95,0.4,0.4,1.95,,,,0.95,1.95,,,0.45,1.95
118,10197720,,3.95,,,,,0.95,,,,,3.95,3.95,,3.95,7.95,7.95,,,,,,,,,3.95,,1.95,0.45,,1.95,0.4,,1.95,1.95,,,,1.35,1.95,0.45,,,,1.95,0.95,,,,,,0.45,,0.4,,,,,,1.95,0.95,,,,,0.45,0.95,0.4,,,,0.4,1.95,1.95,,1.95,,,,,,0.4,,,,,3.95,3.95,1.95,1.95,2.95,1.95,1.95,1.95,1.95,1.95,1.95,2.95,,,1.95,,,0.4,7.95,7.95,,3.95,1.95,1.95,,,,,,0.4,1.95,,0.4,3.95,,,7.95,,0.4,,0.4,0.45,0.4,0.45,0.45,0.95,1.95,1.95,1.95,0.45,0.45,,1.95,1.95,,,,,,,1.95,1.95,1.95,1.95,1.95,,,,,1.95,1.95,0.95,,,3.95,3.95,,0.45,0.45,0.45,1.95,1.95,1.95,1.95,1.95,1.95,,,1.95,,,,1.95,0.45,,,,1.95,,,,3.95,0.4,0.4,1.95,,,,0.95,1.95,,,0.45,1.95
118,10197780,,3.95,,,,,0.95,,,,,3.95,3.95,,3.95,7.95,7.95,,,,,,,,,3.95,,1.95,0.45,,1.95,0.4,,1.95,1.95,,,,1.45,1.95,0.45,,,,1.95,0.95,,,,,,0.45,,0.4,,,,,,1.95,0.95,,,,,0.45,0.95,0.4,,,,0.4,1.95,1.95,,1.95,,,,,,0.4,,,,,3.95,3.95,1.95,1.95,2.95,1.95,1.95,1.95,1.95,1.95,1.95,2.95,,,1.95,,,0.4,7.95,7.95,,3.95,1.95,1.95,,,,,,0.4,1.95,,0.4,3.95,,,7.95,,0.4,,0.4,0.45,0.4,0.45,0.45,0.95,1.95,1.95,1.95,0.45,0.45,,1.95,1.95,,,,,,,1.95,1.95,1.95,1.95,1.95,,,,,1.95,1.95,0.95,,,3.95,3.95,,0.45,0.45,0.45,1.95,1.95,1.95,1.95,1.95,1.95,,,1.95,,,,1.95,0.45,,,,1.95,,,,3.95,0.4,0.4,1.95,,,,0.95,1.95,,,0.45,1.95
118,10197840,,3.95,,,,,0.95,,,,,3.95,3.95,,3.95,7.95,7.95,,,,,,,,,3.95,,1.95,0.45,,1.95,0.4,,1.95,1.95,,,,1.45,1.95,0.45,,,,1.95,0.95,,,,,,0.45,,0.4,,,,,,1.95,0.95,,,,,0.45,0.95,0.4,,,,0.4,1.95,1.95,,1.95,,,,,,0.4,,,,,3.95,3.95,1.95,1.95,2.95,1.95,1.95,1.95,1.95,1.95,1.95,2.95,,,1.95,,,0.4,7.95,7.95,,3.95,1.95,1.95,,,,,,0.4,1.95,,0.4,3.95,,,7.95,,0.4,,0.4,0.45,0.4,0.45,0.45,0.95,1.95,1.95,1.95,0.45,0.45,,1.95,1.95,,,,,,,1.95,1.95,1.95,1.95,1.95,,,,,1.95,1.95,0.95,,,3.95,3.95,,0.45,0.45,0.45,1.95,1.95,1.95,1.95,1.95,1.95,,,1.95,,,,1.95,0.45,,,,1.95,,,,3.95,0.4,0.4,1.95,,,,0.95,1.95,,,0.45,1.95
118,10197900,,3.95,,,,,0.95,,,,,3.95,3.95,,3.95,7.95,7.95,,,,,,,,,3.95,,1.95,0.45,,1.95,0.4,,1.95,1.95,,,,1.45,1.95,0.45,,,,1.95,0.95,,,,,,0.45,,0.4,,,,,,1.95,0.95,,,,,0.45,0.95,0.4,,,,0.4,1.95,1.95,,1.95,,,,,,0.4,,,,,3.95,3.95,1.95,1.95,2.95,1.95,1.95,1.95,1.95,1.95,1.95,2.95,,,1.95,,,0.4,7.95,7.95,,3.95,1.95,1.95,,,,,,0.4,1.95,,0.4,3.95,,,7.95,,0.4,,0.4,0.45,0.4,0.45,0.45,0.95,1.95,1.95,1.95,0.45,0.45,,1.95,1.95,,,,,,,1.95,1.95,1.95,1.95,1.95,,,,,1.95,1.95,0.95,,,3.95,3.95,,0.45,0.45,0.45,1.95,1.95,1.95,1.95,1.95,1.95,,,1.95,,,,1.95,0.45,,,,1.95,,,,3.95,0.4,0.4,1.95,,,,0.95,1.95,,,0.45,1.95
118,10197960,,3.95,,,,,0.95,,,,,3.95,3.95,,3.95,7.95,7.95,,,,,,,,,3.95,,1.95,0.45,,1.95,0.4,,1.95,1.95,,,,1.45,1.95,0.45,,,,1.95,0.95,,,,,,0.45,,0.4,,,,,,1.95,0.95,,,,,0.45,0.95,0.4,,,,0.4,1.95,1.95,,1.95,,,,,,0.4,,,,,3.95,3.95,1.95,1.95,2.95,1.95,1.95,1.95,1.95,1.95,1.95,2.95,,,1.95,,,0.4,7.95,7.95,,3.95,1.95,1.95,,,,,,0.4,1.95,,0.4,3.95,,,7.95,,0.4,,0.4,0.45,0.4,0.45,0.45,0.95,1.95,1.95,1.95,0.45,0.45,,1.95,1.95,,,,,,,1.95,1.95,1.95,1.95,1.95,,,,,1.95,1.95,0.95,,,3.95,3.95,,0.45,0.45,0.45,1.95,1.95,1.95,1.95,1.95,1.95,,,1.95,,,,1.95,0.45,,,,1.95,,,,3.95,0.4,0.4,1.95,,,,0.95,1.95,,,0.45,1.95
118,10198020,,3.95,,,,,0.95,,,,,3.95,3.95,,3.95,7.95,7.95,,,,,,,,,3.95,,1.95,0.45,,1.95,0.4,,1.95,1.95,,,,1.45,1.95,0.45,,,,1.95,0.95,,,,,,0.45,,0.4,,,,,,1.95,0.95,,,,,0.45,0.95,0.4,,,,0.4,1.95,1.95,,1.95,,,,,,0.4,,,,,3.95,3.95,1.95,1.95,2.95,1.95,1.95,1.95,1.95,1.95,1.95,2.95,,,1.95,,,0.4,7.95,7.95,,3.95,1.95,1.95,,,,,,0.4,1.95,,0.4,3.95,,,7.95,,0.4,,0.4,0.45,0.4,0.45,0.45,0.95,1.95,1.95,1.95,0.45,0.45,,1.95,1.95,,,,,,,1.95,1.95,1.95,1.95,1.95,,,,,1.95,1.95,0.95,,,3.95,3.95,,0.45,0.45,0.45,1.95,1.95,1.95,1.95,1.95,1.95,,,1.95,,,,1.95,0.45,,,,1.95,,,,4.95,0.4,0.4,1.95,,,,0.95,1.95,,,0.45,1.95
118,10198080,,3.95,,,,,0.95,,,,,3.95,3.95,,3.95,7.95,7.95,,,,,,,,,3.95,,1.95,0.45,,1.95,0.4,,1.95,1.95,,,,1.45,1.95,0.45,,,,1.95,0.95,,,,,,0.45,,0.4,,,,,,1.95,0.95,,,,,0.45,0.95,0.4,,,,0.4,1.95,1.95,,1.95,,,,,,0.4,,,,,3.95,3.95,1.95,1.95,2.95,1.95,1.95,1.95,1.95,1.95,1.95,2.95,,,1.95,,,0.4,7.95,7.95,,3.95,1.95,1.95,,,,,,0.4,1.95,,0.4,3.95,,,7.95,,0.4,,0.4,0.45,0.4,0.45,0.45,0.95,1.95,1.95,1.95,0.45,0.45,,1.95,1.95,,,,,,,1.95,1.95,1.95,1.95,1.95,,,,,1.95,1.95,0.95,,,3.95,3.95,,0.45,0.45,0.45,1.95,1.95,1.95,1.95,1.95,1.95,,,1.95,,,,1.95,0.45,,,,1.95,,,,3.95,0.4,0.4,1.95,,,,0.95,1.95,,,0.45,1.95
118,10198140,,3.95,,,,,0.95,,,,,3.95,3.95,,3.95,7.95,7.95,,,,,,,,,3.95,,1.95,0.45,,1.95,0.4,,1.95,1.95,,,,1.45,1.95,0.45,,,,1.95,0.95,,,,,,0.45,,0.4,,,,,,1.95,0.95,,,,,0.45,0.95,0.4,,,,0.4,1.95,1.95,,1.95,,,,,,0.4,,,,,3.95,3.95,1.95,1.95,2.95,1.95,1.95,1.95,1.95,1.95,1.95,2.95,,,1.95,,,0.4,7.95,7.95,,3.95,1.95,1.95,,,,,,0.4,1.95,,0.4,3.95,,,7.95,,0.4,,0.4,0.45,0.4,0.45,0.45,0.95,1.95,1.95,1.95,0.45,0.45,,1.95,1.95,,,,,,,1.95,1.95,1.95,1.95,1.95,,,,,1.95,1.95,0.95,,,3.95,3.95,,0.45,0.45,0.45,1.95,1.95,1.95,1.95,1.95,1.95,,,1.95,,,,1.95,0.45,,,,1.95,,,,3.95,0.4,0.4,1.95,,,,0.95,1.95,,,0.45,1.95
118,10198200,,3.95,,,,,0.95,,,,,3.95,3.95,,3.95,7.95,7.95,,,,,,,,,3.95,,1.95,0.45,,1.95,0.4,,1.95,1.95,,,,1.45,1.95,0.45,,,,1.95,0.95,,,,,,0.45,,0.4,,,,,,1.95,0.95,,,,,0.45,0.95,0.4,,,,0.4,1.95,1.95,,1.95,,,,,,0.4,,,,,3.95,3.95,1.95,1.95,2.95,1.95,1.95,1.95,1.95,1.95,1.95,2.95,,,1.95,,,0.4,7.95,7.95,,3.95,1.95,1.95,,,,,,0.4,1.95,,0.4,3.95,,,7.95,,0.4,,0.4,0.45,0.4,0.45,0.45,0.95,1.95,1.95,1.95,0.45,0.45,,1.95,1.95,,,,,,,1.95,1.95,1.95,1.95,1.95,,,,,1.95,1.95,0.95,,,3.95,3.95,,0.45,0.45,0.45,1.95,1.95,1.95,1.95,1.95,1.95,,,1.95,,,,1.95,0.45,,,,1.95,,,,3.95,0.4,0.4,1.95,,,,0.95,1.95,,,0.45,1.95
118,10198260,,3.95,,,,,0.95,,,,,3.95,3.95,,3.95,7.95,7.95,,,,,,,,,3.95,,1.95,0.45,,1.95,0.4,,1.95,1.95,,,,1.45,1.95,0.45,,,,1.95,0.95,,,,,,0.45,,0.4,,,,,,1.95,0.95,,,,,0.45,0.95,0.4,,,,0.4,1.95,1.95,,1.95,,,,,,0.4,,,,,3.95,3.95,1.95,1.95,2.95,1.95,1.95,1.95,1.95,1.95,1.95,2.95,,,1.95,,,0.4,7.95,7.95,,3.95,1.95,1.95,,,,,,0.4,1.95,,0.4,3.95,,,7.95,,0.4,,0.4,0.45,0.4,0.45,0.45,0.95,1.95,1.95,1.95,0.45,0.45,,1.95,1.95,,,,,,,1.95,1.95,1.95,1.95,1.95,,,,,1.95,1.95,0.95,,,3.95,3.95,,0.45,0.45,0.45,1.95,1.95,1.95,1.95,1.95,1.95,,,1.95,,,,1.95,0.45,,,,1.95,,,,3.95,0.4,0.4,1.95,,,,0.95,1.95,,,0.45,1.95
118,10198320,,3.95,,,,,0.95,,,,,3.95,3.95,,3.95,7.95,7.95,,,,,,,,,3.95,,1.95,0.45,,1.95,0.4,,1.95,1.95,,,,1.45,1.95,0.45,,,,1.95,0.95,,,,,,0.45,,0.4,,,,,,1.95,0.95,,,,,0.45,0.95,0.4,,,,0.4,1.95,1.95,,1.95,,,,,,0.4,,,,,3.95,3.95,1.95,1.95,2.95,1.95,1.95,1.95,1.95,1.95,1.95,2.95,,,1.95,,,0.4,7.95,7.95,,3.95,1.95,1.95,,,,,,0.4,1.95,,0.4,3.95,,,7.95,,0.4,,0.4,0.45,0.4,0.45,0.45,0.95,1.95,1.95,1.95,0.45,0.45,,1.95,1.95,,,,,,,1.95,1.95,1.95,1.95,1.95,,,,,1.95,1.95,0.95,,,3.95,3.95,,0.45,0.45,0.45,1.95,1.95,1.95,1.95,1.95,1.95,,,1.95,,,,1.95,0.45,,,,1.95,,,,3.95,0.4,0.4,1.95,,,,0.95,1.95,,,0.45,1.95
118,10198380,,3.95,,,,,0.95,,,,,3.95,3.95,,3.95,7.95,7.95,,,,,,,,,3.95,,1.95,0.45,,1.95,0.4,,1.95,1.95,,,,1.45,1.95,0.45,,,,1.95,0.95,,,,,,0.45,,0.4,,,,,,1.95,0.95,,,,,0.45,0.95,0.4,,,,0.4,1.95,1.95,,1.95,,,,,,0.4,,,,,3.95,3.95,1.95,1.95,2.95,1.95,1.95,1.95,1.95,1.95,1.95,2.95,,,1.95,,,0.4,7.95,7.95,,3.95,1.95,1.95,,,,,,0.4,1.95,,0.4,3.95,,,7.95,,0.4,,0.4,0.45,0.4,0.45,0.45,0.95,1.95,1.95,1.95,0.45,0.45,,1.95,1.95,,,,,,,1.95,1.95,1.95,1.95,1.95,,,,,1.95,1.95,0.95,,,3.95,3.95,,0.45,0.45,0.45,1.95,1.95,1.95,1.95,1.95,1.95,,,1.95,,,,1.95,0.45,,,,1.95,,,,3.95,0.4,0.4,1.95,,,,0.95,1.95,,,0.45,1.95
118,10198440,,3.95,,,,,0.95,,,,,3.95,3.95,,3.95,7.95,7.95,,,,,,,,,3.95,,1.95,0.45,,1.95,0.4,,1.95,1.95,,,,1.45,1.95,0.45,,,,1.95,0.95,,,,,,0.45,,0.4,,,,,,1.95,0.95,,,,,0.45,0.95,0.4,,,,0.4,1.95,1.95,,1.95,,,,,,0.4,,,,,3.95,3.95,1.95,1.95,2.95,1.95,1.95,1.95,1.95,1.95,1.95,2.95,,,1.95,,,0.4,7.95,7.95,,3.95,1.95,1.95,,,,,,0.4,1.95,,0.4,3.95,,,7.95,,0.4,,0.4,0.45,0.4,0.45,0.45,0.95,1.95,1.95,1.95,0.45,0.45,,1.95,1.95,,,,,,,1.95,1.95,1.95,1.95,1.95,,,,,1.95,1.95,0.95,,,3.95,3.95,,0.45,0.45,0.45,1.95,1.95,1.95,1.95,1.95,1.95,,,1.95,,,,1.95,0.45,,,,1.95,,,,3.95,0.4,0.4,1.95,,,,0.95,1.95,,,0.45,1.95
118,10198500,,3.95,,,,,0.95,,,,,3.95,3.95,,3.95,7.95,7.95,,,,,,,,,3.95,,1.95,0.45,,1.95,0.4,,1.95,1.95,,,,1.45,1.95,0.45,,,,1.95,0.95,,,,,,0.45,,0.4,,,,,,1.95,0.95,,,,,0.45,0.95,0.4,,,,0.4,1.95,1.95,,1.95,,,,,,0.4,,,,,3.95,3.95,1.95,1.95,2.95,1.95,1.95,1.95,1.95,1.95,1.95,2.95,,,1.95,,,0.4,7.95,7.95,,3.95,1.95,1.95,,,,,,0.4,1.95,,0.4,3.95,,,7.95,,0.4,,0.4,0.45,0.4,0.45,0.45,0.95,1.95,1.95,1.95,0.45,0.45,,1.95,1.95,,,,,,,1.95,1.95,1.95,1.95,1.95,,,,,1.95,1.95,0.95,,,3.95,3.95,,0.45,0.45,0.45,1.95,1.95,1.95,1.95,1.95,1.95,,,1.95,,,,1.95,0.45,,,,1.95,,,,3.95,0.4,0.4,1.95,,,,0.95,1.95,,,0.45,1.95
118,10198560,,3.95,,,,,0.95,,,,,3.95,3.95,,3.95,7.95,7.95,,,,,,,,,3.95,,1.95,0.45,,1.95,0.4,,1.95,1.95,,,,1.45,1.95,0.45,,,,1.95,0.95,,,,,,0.45,,0.4,,,,,,1.95,0.95,,,,,0.45,0.95,0.4,,,,0.4,1.95,1.95,,1.95,,,,,,0.4,,,,,3.95,3.95,1.95,1.95,2.95,1.95,1.95,1.95,1.95,1.95,1.95,2.95,,,1.95,,,0.4,7.95,7.95,,3.95,1.95,1.95,,,,,,0.4,1.95,,0.4,3.95,,,7.95,,0.4,,0.4,0.45,0.4,0.45,0.45,0.95,1.95,1.95,1.95,0.45,0.45,,1.95,1.95,,,,,,,1.95,1.95,1.95,1.95,1.95,,,,,1.95,1.95,0.95,,,3.95,3.95,,0.45,0.45,0.45,1.95,1.95,1.95,1.95,1.95,1.95,,,1.95,,,,1.95,0.45,,,,1.95,,,,3.95,0.4,0.4,1.95,,,,0.95,1.95,,,0.45,1.95
118,10198620,,3.95,,,,,0.95,,,,,3.95,3.95,,3.95,7.95,7.95,,,,,,,,,3.95,,1.95,0.45,,1.95,0.4,,1.95,1.95,,,,1.45,1.95,0.45,,,,1.95,0.95,,,,,,0.45,,0.4,,,,,,1.95,0.95,,,,,0.45,0.95,0.4,,,,0.4,1.95,1.95,,1.95,,,,,,0.4,,,,,3.95,3.95,1.95,1.95,2.95,1.95,1.95,1.95,1.95,1.95,1.95,2.95,,,1.95,,,0.4,7.95,7.95,,3.95,1.95,1.95,,,,,,0.4,1.95,,0.4,3.95,,,7.95,,0.4,,0.4,0.45,0.4,0.45,0.45,0.95,1.95,1.95,1.95,0.45,0.45,,1.95,1.95,,,,,,,1.95,1.95,1.95,1.95,1.95,,,,,1.95,1.95,0.95,,,3.95,3.95,,0.45,0.45,0.45,1.95,1.95,1.95,1.95,1.95,1.95,,,1.95,,,,1.95,0.45,,,,1.95,,,,3.95,0.4,0.4,1.95,,,,0.95,1.95,,,0.45,1.95
118,10198680,,3.95,,,,,0.95,,,,,3.95,3.95,,3.95,7.95,7.95,,,,,,,,,3.95,,1.95,0.45,,1.95,0.4,,1.95,1.95,,,,1.45,1.95,0.45,,,,1.95,0.95,,,,,,0.45,,0.4,,,,,,1.95,0.95,,,,,0.45,0.95,0.4,,,,0.4,1.95,1.95,,1.95,,,,,,0.4,,,,,3.95,3.95,1.95,1.95,2.95,1.95,1.95,1.95,1.95,1.95,1.95,2.95,,,1.95,,,0.4,7.95,7.95,,3.95,1.95,1.95,,,,,,0.4,1.95,,0.4,3.95,,,7.95,,0.4,,0.4,0.45,0.4,0.45,0.45,0.95,1.95,1.95,1.95,0.45,0.45,,1.95,1.95,,,,,,,1.95,1.95,1.95,1.95,1.95,,,,,1.95,1.95,0.95,,,3.95,3.95,,0.45,0.45,0.45,1.95,1.95,1.95,1.95,1.95,1.95,,,1.95,,,,1.95,0.45,,,,1.95,,,,3.95,0.4,0.4,1.95,,,,0.95,1.95,,,0.45,1.95
118,10198740,,3.95,,,,,0.95,,,,,3.95,3.95,,3.95,7.95,7.95,,,,,,,,,3.95,,1.95,0.45,,1.95,0.4,,1.95,1.95,,,,1.45,1.95,0.45,,,,1.95,0.95,,,,,,0.45,,0.4,,,,,,1.95,0.95,,,,,0.45,0.95,0.4,,,,0.4,1.95,1.95,,1.95,,,,,,0.4,,,,,3.95,3.95,1.95,1.95,2.95,1.95,1.95,1.95,1.95,1.95,1.95,2.95,,,1.95,,,0.4,7.95,7.95,,3.95,1.95,1.95,,,,,,0.4,1.95,,0.4,3.95,,,7.95,,0.4,,0.4,0.45,0.4,0.45,0.45,0.95,1.95,1.95,1.95,0.45,0.45,,1.95,1.95,,,,,,,1.95,1.95,1.95,1.95,1.95,,,,,1.95,1.95,0.95,,,3.95,3.95,,0.45,0.45,0.45,1.95,1.95,1.95,1.95,1.95,1.95,,,1.95,,,,1.95,0.45,,,,1.95,,,,3.95,0.4,0.4,1.95,,,,0.95,1.95,,,0.45,1.95
118,10198800,,,,,,,,,,,,,,,,,,,,,,,,,,,,,,,,,,,,,,,,,,,,,,,,,,,,,,,,,,,,,,,,,,,,,,,,,,,,,,,,,,,,,,,,,,,,,,,,,,,,,,,,,,,,,,,,,,,,,,,,,,,,,,,,,,,,,,,,,,,,,,,,,,,,,,,,,,,,,,,,,,,,,,,,,,,,,,,,,,,,,,,,,,,,,,,,,,,,,,,,
118,10198860,,,,,,,,,,,,,,,,,,,,,,,,,,,,,,,,,,,,,,,,,,,,,,,,,,,,,,,,,,,,,,,,,,,,,,,,,,,,,,,,,,,,,,,,,,,,,,,,,,,,,,,,,,,,,,,,,,,,,,,,,,,,,,,,,,,,,,,,,,,,,,,,,,,,,,,,,,,,,,,,,,,,,,,,,,,,,,,,,,,,,,,,,,,,,,,,,,,,,,,,
118,10198920,,,,,,,0.95,,,,,,,,,7.95,7.95,,,,,,,,,,,1.95,,,,,,1.95,,,,,,,,,,,,0.95,,,,,,,,,0.45,,,,,,,,,,,,,,,,,,,,,,,,,,,,,,,,,,,1.95,,,,,,,,,,,,,,,,,,,,,,,,,,,,,,3.95,,,,,,,,,,,0.45,0.95,,,,,,,,,,,,,,,1.95,,1.95,1.95,,,,,,,,,,,3.95,3.95,,,,,,,1.95,,,,,,,,,,,,,,,,,,,,,,,,,,,1.95,,0.45,,1.95
118,10198980,,3.95,,,,,0.95,0.45,,,,3.95,3.95,,3.95,7.95,7.95,,,,,,,,,3.95,,1.95,0.45,,,0.4,,1.95,1.95,,,,1.45,1.95,0.45,,,,1.95,0.95,,,,,,0.45,,0.4,0.45,,,,,1.95,0.95,,,,,0.45,0.95,0.4,,,,0.4,1.95,1.95,,1.95,,,,,,0.4,,,,,3.95,3.95,1.95,1.95,2.95,1.95,1.95,1.95,1.95,1.95,1.95,2.95,,,1.95,,,0.4,7.95,7.95,,3.95,1.95,,,,,,,0.4,1.95,,0.4,3.95,,,7.95,,0.4,0.4,0.4,0.45,0.4,0.45,0.45,0.95,1.95,1.95,1.95,0.45,0.45,,,,,,,,,,1.95,1.95,1.95,1.95,1.95,1.95,,,,1.95,1.95,0.95,,,3.95,3.95,,0.45,0.45,0.45,1.95,1.95,1.95,1.95,1.95,1.95,,,1.95,,,,,0.45,,,,1.95,,,,3.95,0.4,0.4,1.95,,,,0.95,1.95,,0.45,0.45,1.95
118,10199040,,3.95,,,,,0.95,0.45,,,,3.95,3.95,,3.95,7.95,7.95,,,,,,,,,3.95,,1.95,0.45,,,0.4,,1.95,1.95,,,,1.283,1.95,0.45,,,,1.95,0.95,,,,,,0.45,,0.4,0.45,,,,,1.95,0.95,,,,,0.45,0.95,0.4,,,,0.4,1.95,1.95,,1.95,,,,,,0.4,,,,,3.95,3.95,1.95,1.95,2.95,1.95,1.95,1.95,1.95,1.95,1.95,2.95,,,1.95,,,0.4,7.95,7.95,,3.95,1.95,,,,,,,0.4,1.95,,0.4,3.95,,,7.95,,0.4,0.4,0.4,0.45,0.4,0.45,0.45,0.95,1.95,1.95,1.95,0.45,0.45,,,,,,,,,,1.95,1.95,1.95,1.95,1.95,1.95,,,,1.95,1.95,0.95,,,3.95,3.95,,0.45,0.45,0.45,1.95,1.95,1.95,1.95,1.95,1.95,,,1.95,,,,,0.45,,,,1.95,,,,3.95,0.4,0.4,1.95,,,,0.95,1.95,,0.45,0.45,1.95
118,10199100,,3.95,,,,,0.95,0.45,,,,3.95,3.95,,3.95,7.95,7.95,,,,,,,,,3.95,,1.95,0.45,,,0.4,,1.95,1.95,,,,1.45,1.95,0.45,,,,1.95,0.95,,,,,,0.45,,0.4,0.45,,,,,1.95,0.95,,,,,0.45,0.95,0.4,,,,0.4,1.95,1.95,,1.95,,,,,,0.4,,,,,3.95,3.95,1.95,1.95,2.95,1.95,1.95,1.95,1.95,1.95,1.95,2.95,,,1.95,,,0.4,7.95,7.95,,3.95,1.95,,,,,,,0.4,1.95,,0.4,3.95,,,7.95,,0.4,0.4,0.4,0.45,0.4,0.45,0.45,0.95,1.95,1.95,1.95,0.45,0.45,,,,,,,,,,1.95,1.95,1.95,1.95,1.95,1.95,,,,1.95,1.95,0.95,,,3.95,3.95,,0.45,0.45,0.45,1.95,1.95,1.95,1.95,1.95,1.95,,,1.95,,,,,0.45,,,,1.95,,,,3.95,0.4,0.4,1.95,,,,0.95,1.95,,0.45,0.45,1.95
118,10199160,,3.95,,,,,0.95,0.45,,,,3.95,3.95,,3.95,7.95,7.95,,,,,,,,,3.95,,1.95,0.45,,,0.4,,1.95,1.95,,,,1.45,1.95,0.45,,,,1.95,0.95,,,,,,0.45,,0.4,0.45,,,,,1.95,0.95,,,,,0.45,0.95,0.4,,,,0.4,1.95,1.95,,1.95,,,,,,0.4,,,,,3.95,3.95,1.95,1.95,2.95,1.95,1.95,1.95,1.95,1.95,1.95,2.95,,,1.95,,,0.4,7.95,7.95,,3.95,1.95,,,,,,,0.4,1.95,,0.4,3.95,,,7.95,,0.4,0.4,0.4,0.45,0.4,0.45,0.45,0.95,1.95,1.95,1.95,0.45,0.45,,,,,,,,,,1.95,1.95,1.95,1.95,1.95,1.95,,,,1.95,1.95,0.95,,,3.95,3.95,,0.45,0.45,0.45,1.95,1.95,1.95,1.95,1.95,1.95,,,1.95,,,,,0.45,,,,1.95,,,,3.95,0.4,0.4,1.95,,,,0.95,1.95,,0.45,0.45,1.95
118,10199220,,3.95,,,,,0.95,0.45,,,,3.95,3.95,,3.95,7.95,7.95,,,,,,,,,3.95,,1.95,0.45,,,0.4,,1.95,1.95,,,,1.283,1.95,0.45,,,,1.95,0.95,,,,,,0.45,,0.4,0.45,,,,,1.95,0.95,,,,,0.45,0.95,0.4,,,,0.4,1.95,1.95,,1.95,,,,,,0.4,,,,,3.95,3.95,1.95,1.95,2.95,1.95,1.95,1.95,1.95,1.95,1.95,2.95,,,1.95,,,0.4,7.95,7.95,,3.95,1.95,,,,,,,0.4,1.95,,0.4,3.95,,,7.95,,0.4,0.4,0.4,0.45,0.4,0.45,0.45,0.95,1.95,1.95,1.95,0.45,0.45,,,,,,,,,,1.95,1.95,1.95,1.95,1.95,1.95,,,,1.95,1.95,0.95,,,3.95,3.95,,0.45,0.45,0.45,1.95,1.95,1.95,1.95,1.95,1.95,,,1.95,,,,,0.45,,,,1.95,,,,3.45,0.4,0.4,1.95,,,,0.95,1.95,,0.45,0.45,1.95
118,10199280,,3.95,,,,,0.95,0.45,,,,3.95,3.95,,3.95,7.95,7.95,,,,,,,,,3.95,,1.95,0.45,,,0.4,,1.95,1.95,,,,1.45,1.95,0.45,,,,1.95,0.95,,,,,,0.45,,0.4,0.45,,,,,1.95,0.95,,,,,0.45,0.95,0.4,,,,0.4,1.95,1.95,,1.95,,,,,,0.4,,,,,3.95,3.95,1.95,1.95,2.95,1.95,1.95,1.95,1.95,1.95,1.95,2.95,,,1.95,,,0.4,7.95,7.95,,3.95,1.95,,,,,,,0.4,1.95,,0.4,3.95,,,7.95,,0.4,0.4,0.4,0.45,0.4,0.45,0.45,0.95,1.95,1.95,1.95,0.45,0.45,,,,,,,,,,1.95,1.95,1.95,1.95,1.95,1.95,,,,1.95,1.95,0.95,,,3.95,3.95,,0.45,0.45,0.45,1.95,1.95,1.95,1.95,1.95,1.95,,,1.95,,,,,0.45,,,,1.95,,,,3.45,0.4,0.4,1.95,,,,0.95,1.95,,0.45,0.45,1.95
118,10199340,,3.95,,,,,0.95,0.45,,,,3.95,3.95,,3.95,7.95,7.95,,,,,,,,,3.95,,1.95,0.45,,,0.4,,1.95,1.95,,,,1.45,1.95,0.45,,,,1.95,0.95,,,,,,0.45,,0.4,0.45,,,,,1.95,0.95,,,,,0.45,0.95,0.4,,,,0.4,1.95,1.95,,1.95,,,,,,0.4,,,,,3.95,3.95,1.95,1.95,2.95,1.95,1.95,1.95,1.95,1.95,1.95,2.95,,,1.95,,,0.4,7.95,7.95,,3.95,1.95,,,,,,,0.4,1.95,,0.4,3.95,,,7.95,,0.4,0.4,0.4,0.45,0.4,0.45,0.45,0.95,1.95,1.95,1.95,0.45,0.45,,,,,,,,,,1.95,1.95,1.95,1.95,1.95,1.95,,,,1.95,1.95,0.95,,,3.95,3.95,,0.45,0.45,0.45,1.95,1.95,1.95,1.95,1.95,1.95,,,1.95,,,,,0.45,,,,1.95,,,,3.95,0.4,0.4,1.95,,,,0.95,1.95,,0.45,0.45,1.95
118,10199400,,3.95,,,,,0.95,0.45,,,,3.95,3.95,,3.95,7.95,7.95,,,,,,,,,3.95,,1.95,0.45,,,0.4,,1.95,1.95,,,,1.283,1.95,0.45,,,,1.95,0.95,,,,,,0.45,,0.4,0.45,,,,,1.95,0.95,,,,,0.45,0.95,0.4,,,,0.4,1.95,1.95,,1.95,,,,,,0.4,,,,,3.95,3.95,1.95,1.95,2.95,1.95,1.95,1.95,1.95,1.95,1.95,2.95,,,1.95,,,0.4,7.95,7.95,,3.95,1.95,,,,,,,0.4,1.95,,0.4,3.95,,,7.95,,0.4,0.4,0.4,0.45,0.4,0.45,0.45,0.95,1.95,1.95,1.95,0.45,0.45,,,,,,,,,,1.95,1.95,1.95,1.95,1.95,1.95,,,,1.95,1.95,0.95,,,3.95,3.95,,0.45,0.45,0.45,1.95,1.95,1.95,1.95,1.95,1.95,,,1.95,,,,,0.45,,,,1.95,,,,3.95,0.4,0.4,1.95,,,,0.95,1.95,,0.45,0.45,1.95
118,10199460,,3.95,,,,,0.95,0.45,,,,3.95,3.95,,3.95,7.95,7.95,,,,,,,,,3.95,,1.95,0.45,,,0.4,,1.95,1.95,,,,1.283,1.95,0.45,,,,1.95,0.95,,,,,,0.45,,0.4,0.45,,,,,1.95,0.95,,,,,0.45,0.95,0.4,,,,0.4,1.95,1.95,,1.95,,,,,,0.4,,,,,3.95,3.95,1.95,1.95,2.95,1.95,1.95,1.95,1.95,1.95,1.95,2.95,,,1.95,,,0.4,7.95,7.95,,3.95,1.95,,,,,,,0.4,1.95,,0.4,3.95,,,7.95,,0.4,0.4,0.4,0.45,0.4,0.45,0.45,0.95,1.95,1.95,1.95,0.45,0.45,,,,,,,,,,1.95,1.95,1.95,1.95,1.95,1.95,,,,1.95,1.95,0.95,,,3.95,3.95,,0.45,0.45,0.45,1.95,1.95,1.95,1.95,1.95,1.95,,,1.95,,,,,0.45,,,,1.95,,,,3.95,0.4,0.4,1.95,,,,0.95,1.95,,0.45,0.45,1.95
118,10199520,,3.95,,,,,0.95,0.45,,,,3.95,3.95,,3.95,7.95,7.95,,,,,,,,,3.95,,1.95,0.45,,,0.4,,1.95,1.95,,,,1.45,1.95,0.45,,,,1.95,0.95,,,,,,0.45,,0.4,0.45,,,,,1.95,0.95,,,,,0.45,0.95,0.4,,,,0.4,1.95,1.95,,1.95,,,,,,0.4,,,,,3.95,3.95,1.95,1.95,2.95,1.95,1.95,1.95,1.95,1.95,1.95,2.95,,,1.95,,,0.4,7.95,7.95,,3.95,1.95,,,,,,,0.4,1.95,,0.4,3.95,,,7.95,,0.4,0.4,0.4,0.45,0.4,0.45,0.45,0.95,1.95,1.95,1.95,0.45,0.45,,,,,,,,,,1.95,1.95,1.95,1.95,1.95,1.95,,,,1.95,1.95,0.95,,,3.95,3.95,,0.45,0.45,0.45,1.95,1.95,1.95,1.95,1.95,1.95,,,1.95,,,,,0.45,,,,1.95,,,,3.95,0.4,0.4,1.95,,,,0.95,1.95,,0.45,0.45,1.95
118,10199580,,3.95,,,,,0.95,0.45,,,,3.95,3.95,,3.95,7.95,7.95,,,,,,,,,3.95,,1.95,0.45,,,0.4,,1.95,1.95,,,,1.283,1.95,0.45,,,,1.95,0.95,,,,,,0.45,,0.4,0.45,,,,,1.95,0.95,,,,,0.45,0.95,0.4,,,,0.4,1.95,1.95,,1.95,,,,,,0.4,,,,,3.95,3.95,1.95,1.95,2.95,1.95,1.95,1.95,1.95,1.95,1.95,2.95,,,1.95,,,0.4,7.95,7.95,,3.95,1.95,,,,,,,0.4,1.95,,0.4,3.95,,,7.95,,0.4,0.4,0.4,0.45,0.4,0.45,0.45,0.95,1.95,1.95,1.95,0.45,0.45,,,,,,,,,,1.95,1.95,1.95,1.95,1.95,1.95,,,,1.95,1.95,0.95,,,3.95,3.95,,0.45,0.45,0.45,1.95,1.95,1.95,1.95,1.95,1.95,,,1.95,,,,,0.45,,,,1.95,,,,3.95,0.4,0.4,1.95,,,,0.95,1.95,,0.45,0.45,1.95
118,10199640,,3.95,,,,,0.95,0.45,,,,3.95,3.95,,3.95,7.95,7.95,,,,,,,,,3.95,,1.95,0.45,,,0.4,,1.95,1.95,,,,1.45,1.95,0.45,,,,1.95,0.95,,,,,,0.45,,0.4,0.45,,,,,1.95,0.95,,,,,0.45,0.95,0.4,,,,0.4,1.95,1.95,,1.95,,,,,,0.4,,,,,3.95,3.95,1.95,1.95,2.95,1.95,1.95,1.95,1.95,1.95,1.95,2.95,,,1.95,,,0.4,7.95,7.95,,3.95,1.95,,,,,,,0.4,1.95,,0.4,3.95,,,7.95,,0.4,0.4,0.4,0.45,0.4,0.45,0.45,0.95,1.95,1.95,1.95,0.45,0.45,,,,,,,,,,1.95,1.95,1.95,1.95,1.95,1.95,,,,1.95,1.95,0.95,,,3.95,3.95,,0.45,0.45,0.45,1.95,1.95,1.95,1.95,1.95,1.95,,,1.95,,,,,0.45,,,,1.95,,,,3.95,0.4,0.4,1.95,,,,0.95,1.95,,0.45,0.45,1.95
118,10199700,,3.95,,,,,0.95,0.45,,,,3.95,3.95,,3.95,7.95,7.95,,,,,,,,,3.95,,1.95,0.45,,,0.4,,1.95,1.95,,,,1.283,1.95,0.45,,,,1.95,0.95,,,,,,0.45,,0.4,0.45,,,,,1.95,0.95,,,,,0.45,0.95,0.4,,,,0.4,1.95,1.95,,1.95,,,,,,0.4,,,,,3.95,3.95,1.95,1.95,2.95,1.95,1.95,1.95,1.95,1.95,1.95,2.95,,,1.95,,,0.4,7.95,7.95,,3.95,1.95,,,,,,,0.4,1.95,,0.4,3.95,,,7.95,,0.4,0.4,0.4,0.45,0.4,0.45,0.45,0.95,1.95,1.95,1.95,0.45,0.45,,,,,,,,,,1.95,1.95,1.95,1.95,1.95,1.95,,,,1.95,1.95,0.95,,,3.95,3.95,,0.45,0.45,0.45,1.95,1.95,1.95,1.95,1.95,1.95,,,1.95,,,,,0.45,,,,1.95,,,,3.95,0.4,0.4,1.95,,,,0.95,1.95,,0.45,0.45,1.95
118,10199760,,3.95,,,,,0.95,0.45,,,,3.95,3.95,,3.95,7.95,7.95,,,,,,,,,3.95,,1.95,0.45,,,0.4,,1.95,1.95,,,,1.45,1.95,0.45,,,,1.95,0.95,,,,,,0.45,,0.4,0.45,,,,,1.95,0.95,,,,,0.45,0.95,0.4,,,,0.4,1.95,1.95,,1.95,,,,,,0.4,,,,,3.95,3.95,1.95,1.95,2.95,1.95,1.95,1.95,1.95,1.95,1.95,2.95,,,1.95,,,0.4,7.95,7.95,,3.95,1.95,,,,,,,0.4,1.95,,0.4,3.95,,,7.95,,0.4,0.4,0.4,0.45,0.4,0.45,0.45,0.95,1.95,1.95,1.95,0.45,0.45,,,,,,,,,,1.95,1.95,1.95,1.95,1.95,1.95,,,,1.95,1.95,0.95,,,3.95,3.95,,0.45,0.45,0.45,1.95,1.95,1.95,1.95,1.95,1.95,,,1.95,,,,,0.45,,,,1.95,,,,3.95,0.4,0.4,1.95,,,,0.95,1.95,,0.45,0.45,1.95
118,10199820,,3.95,,,,,0.95,0.45,,,,3.95,3.95,,3.95,7.95,7.95,,,,,,,,,3.95,,1.95,0.45,,,0.4,,1.95,1.95,,,,1.45,1.95,0.45,,,,1.95,0.95,,,,,,0.45,,0.4,0.45,,,,,1.95,0.95,,,,,0.45,0.95,0.4,,,,0.4,1.95,1.95,,1.95,,,,,,0.4,,,,,3.95,3.95,1.95,1.95,2.95,1.95,1.95,1.95,1.95,1.95,1.95,2.95,,,1.95,,,0.4,7.95,7.95,,3.95,1.95,,,,,,,0.4,1.95,,0.4,3.95,,,7.95,,0.4,0.4,0.4,0.45,0.4,0.45,0.45,0.95,1.95,1.95,1.95,0.45,0.45,,,,,,,,,,1.95,1.95,1.95,1.95,1.95,1.95,,,,1.95,1.95,0.95,,,3.95,3.95,,0.45,0.45,0.45,1.95,1.95,1.95,1.95,1.95,1.95,,,1.95,,,,,0.45,,,,1.95,,,,3.95,0.4,0.4,1.95,,,,0.95,1.95,,0.45,0.45,1.95
118,10199880,,3.95,,,,,0.95,0.45,,,,3.95,3.95,,3.95,7.95,7.95,,,,,,,,,3.95,,1.95,0.45,,,0.4,,1.95,1.95,,,,1.45,1.95,0.45,,,,1.95,0.95,,,,,,0.45,,0.4,0.45,,,,,1.95,0.95,,,,,0.45,0.95,0.4,,,,0.4,1.95,1.95,,1.95,,,,,,0.4,,,,,3.95,3.95,1.95,1.95,2.95,1.95,1.95,1.95,1.95,1.95,1.95,2.95,,,1.95,,,0.4,7.95,7.95,,3.95,1.95,,,,,,,0.4,1.95,,0.4,3.95,,,7.95,,0.4,0.4,0.4,0.45,0.4,0.45,0.45,0.95,1.95,1.95,1.95,0.45,0.45,,,,,,,,,,1.95,1.95,1.95,1.95,1.95,1.95,,,,1.95,1.95,0.95,,,3.95,3.95,,0.45,0.45,0.45,1.95,1.95,1.95,1.95,1.95,1.95,,,1.95,,,,,0.45,,,,1.95,,,,3.95,0.4,0.4,1.95,,,,0.95,1.95,,0.45,0.45,1.95
118,10199940,,3.95,,,,,0.95,0.45,,,,3.95,3.95,,3.95,7.95,7.95,,,,,,,,,3.95,,1.95,0.45,,,0.4,,1.95,1.95,,,,1.45,1.95,0.45,,,,1.95,0.95,,,,,,0.45,,0.4,0.45,,,,,1.95,0.95,,,,,0.45,0.95,0.4,,,,0.4,1.95,1.95,,1.95,,,,,,0.4,,,,,3.95,3.95,1.95,1.95,2.95,1.95,1.95,1.95,1.95,1.95,1.95,2.95,,,1.95,,,0.4,7.95,7.95,,3.95,1.95,,,,,,,0.4,1.95,,0.4,3.95,,,7.95,,0.4,0.4,0.4,0.45,0.4,0.45,0.45,0.95,1.95,1.95,1.95,0.45,0.45,,,,,,,,,,1.95,1.95,1.95,1.95,1.95,1.95,,,,1.95,1.95,0.95,,,3.95,3.95,,0.45,0.45,0.45,1.95,1.95,1.95,1.95,1.95,1.95,,,1.95,,,,,0.45,,,,1.95,,,,3.95,0.4,0.4,1.95,,,,0.95,1.95,,0.45,0.45,1.95
118,10200000,,3.95,,,,,0.95,0.45,,,,3.95,3.95,,3.95,7.95,7.95,,,,,,,,,3.95,,1.95,0.45,,,0.4,,1.95,1.95,,,,1.45,1.95,0.45,,,,1.95,0.95,,,,,,0.45,,0.4,0.45,,,,,1.95,0.95,,,,,0.45,0.95,0.4,,,,0.4,1.95,1.95,,1.95,,,,,,0.4,,,,,3.95,3.95,1.95,1.95,2.95,1.95,1.95,1.95,1.95,1.95,1.95,2.95,,,1.95,,,0.4,7.95,7.95,,3.95,1.95,,,,,,,0.4,1.95,,0.4,3.95,,,7.95,,0.4,0.4,0.4,0.45,0.4,0.45,0.45,0.95,1.95,1.95,1.95,0.45,0.45,,,,,,,,,,1.95,1.95,1.95,1.95,1.95,1.95,,,,1.95,1.95,0.95,,,3.95,3.95,,0.45,0.45,0.45,1.95,1.95,1.95,1.95,1.95,1.95,,,1.95,,,,,0.45,,,,1.95,,,,3.95,0.4,0.4,1.95,,,,0.95,1.95,,0.45,0.45,1.95
118,10200060,,3.95,,,,,0.95,0.45,,,,3.95,3.95,,3.95,7.95,7.95,,,,,,,,,3.95,,1.95,0.45,,,0.4,,1.95,1.95,,,,1.45,1.95,0.45,,,,1.95,0.95,,,,,,0.45,,0.4,0.45,,,,,1.95,0.95,,,,,0.45,0.95,0.4,,,,0.4,1.95,1.95,,1.95,,,,,,0.4,,,,,3.95,3.95,1.95,1.95,2.95,1.95,1.95,1.95,1.95,1.95,1.95,2.95,,,1.95,,,0.4,7.95,7.95,,3.95,1.95,,,,,,,0.4,1.95,,0.4,3.95,,,7.95,,0.4,0.4,0.4,0.45,0.4,0.45,0.45,0.95,1.95,1.95,1.95,0.45,0.45,,,,,,,,,,1.95,1.95,1.95,1.95,1.95,1.95,,,,1.95,1.95,0.95,,,3.95,3.95,,0.45,0.45,0.45,1.95,1.95,1.95,1.95,1.95,1.95,,,1.95,,,,,0.45,,,,1.95,,,,3.95,0.4,0.4,1.95,,,,0.95,1.95,,0.45,0.45,1.95
118,10200120,,3.95,,,,,0.95,0.45,,,,3.95,3.95,,3.95,7.95,7.95,,,,,,,,,3.95,,1.95,0.45,,,0.4,,1.95,1.95,,,,1.45,1.95,0.45,,,,1.95,0.95,,,,,,0.45,,0.4,0.45,,,,,1.95,0.95,,,,,0.45,0.95,0.4,,,,0.4,1.95,1.95,,1.95,,,,,,0.4,,,,,3.95,3.95,1.95,1.95,2.95,1.95,1.95,1.95,1.95,1.95,1.95,2.95,,,1.95,,,0.4,7.95,7.95,,3.95,1.95,,,,,,,0.4,1.95,,0.4,3.95,,,7.95,,0.4,0.4,0.4,0.45,0.4,0.45,0.45,0.95,1.95,1.95,1.95,0.45,0.45,,,,,,,,,,1.95,1.95,1.95,1.95,1.95,1.95,,,,1.95,1.95,0.95,,,3.95,3.95,,0.45,0.45,0.45,1.95,1.95,1.95,1.95,1.95,1.95,,,1.95,,,,,0.45,,,,1.95,,,,3.95,0.4,0.4,1.95,,,,0.95,1.95,,0.45,0.45,1.95
118,10200180,,3.95,,,,,0.95,0.45,,,,3.95,3.95,,3.95,7.95,7.95,,,,,,,,,3.95,,1.95,0.45,,,0.4,,1.95,1.95,,,,1.45,1.95,0.45,,,,1.95,0.95,,,,,,0.45,,0.4,0.45,,,,,1.95,0.95,,,,,0.45,0.95,0.4,,,,0.4,1.95,1.95,,1.95,,,,,,0.4,,,,,3.95,3.95,1.95,1.95,2.95,1.95,1.95,1.95,1.95,1.95,1.95,2.95,,,1.95,,,0.4,7.95,7.95,,3.95,1.95,,,,,,,0.4,1.95,,0.4,3.95,,,7.95,,0.4,0.4,0.4,0.45,0.4,0.45,0.45,0.95,1.95,1.95,1.95,0.45,0.45,,,,,,,,,,1.95,1.95,1.95,1.95,1.95,1.95,,,,1.95,1.95,0.95,,,3.95,3.95,,0.45,0.45,0.45,1.95,1.95,1.95,1.95,1.95,1.95,,,1.95,,,,,0.45,,,,1.95,,,,3.95,0.4,0.4,1.95,,,,0.95,1.95,,0.45,0.45,1.95
118,10200240,,3.95,,,,,0.95,0.45,,,,3.95,3.95,,3.95,7.95,7.95,,,,,,,,,3.95,,1.95,0.45,,,0.4,,1.95,1.95,,,,1.617,1.95,0.45,,,,1.95,0.95,,,,,,0.45,,0.4,0.45,,,,,1.95,0.95,,,,,0.45,0.95,0.4,,,,0.4,1.95,1.95,,1.95,,,,,,0.4,,,,,3.95,3.95,1.95,1.95,2.95,1.95,1.95,1.95,1.95,1.95,1.95,2.95,,,1.95,,,0.4,7.95,7.95,,3.95,1.95,,,,,,,0.4,1.95,,0.4,3.95,,,7.95,,0.4,0.4,0.4,0.45,0.4,0.45,0.45,0.95,1.95,1.95,1.95,0.45,0.45,,,,,,,,,,1.95,1.95,1.95,1.95,1.95,1.95,,,,1.95,1.95,0.95,,,3.95,3.95,,0.45,0.45,0.45,1.95,1.95,1.95,1.95,1.95,1.95,,,1.95,,,,,0.45,,,,1.95,,,,3.95,0.4,0.4,1.95,,,,0.95,1.95,,0.45,0.45,1.95
118,10200300,,3.95,,,,,0.95,0.45,,,,3.95,3.95,,3.95,7.95,7.95,,,,,,,,,3.95,,1.95,0.45,,,0.4,,1.95,1.95,,,,1.45,1.95,0.45,,,,1.95,0.95,,,,,,0.45,,0.4,0.45,,,,,1.95,0.95,,,,,0.45,0.95,0.4,,,,0.4,1.95,1.95,,1.95,,,,,,0.4,,,,,3.95,3.95,1.95,1.95,2.95,1.95,1.95,1.95,1.95,1.95,1.95,2.95,,,1.95,,,0.4,7.95,7.95,,3.95,1.95,,,,,,,0.4,1.95,,0.4,3.95,,,7.95,,0.4,0.4,0.4,0.45,0.4,0.45,0.45,0.95,1.95,1.95,1.95,0.45,0.45,,,,,,,,,,1.95,1.95,1.95,1.95,1.95,1.95,,,,1.95,1.95,0.95,,,3.95,3.95,,0.45,0.45,0.45,1.95,1.95,1.95,1.95,1.95,1.95,,,1.95,,,,,0.45,,,,1.95,,,,3.95,0.4,0.4,1.95,,,,0.95,1.95,,0.45,0.45,1.95
118,10200360,,3.95,,,,,0.95,0.45,,,,3.95,3.95,,3.95,7.95,7.95,,,,,,,,,3.95,,1.95,0.45,,,0.4,,1.95,1.95,,,,1.45,1.95,0.45,,,,1.95,0.95,,,,,,0.45,,0.4,0.45,,,,,1.95,0.95,,,,,0.45,0.95,0.4,,,,0.4,1.95,1.95,,1.95,,,,,,0.4,,,,,3.95,3.95,1.95,1.95,2.95,1.95,1.95,1.95,1.95,1.95,1.95,2.95,,,1.95,,,0.4,7.95,7.95,,3.95,1.95,,,,,,,0.4,1.95,,0.4,3.95,,,7.95,,0.4,0.4,0.4,0.45,0.4,0.45,0.45,0.95,1.95,1.95,1.95,0.45,0.45,,,,,,,,,,1.95,1.95,1.95,1.95,1.95,1.95,,,,1.95,1.95,0.95,,,3.95,3.95,,0.45,0.45,0.45,1.95,1.95,1.95,1.95,1.95,1.95,,,1.95,,,,,0.45,,,,1.95,,,,3.95,0.4,0.4,1.95,,,,0.95,1.95,,0.45,0.45,1.95
118,10200420,,3.95,,,,,0.95,0.45,,,,3.95,3.95,,3.95,7.95,7.95,,,,,,,,,3.95,,1.95,0.45,,,0.4,,1.95,1.95,,,,1.45,1.95,0.45,,,,1.95,0.95,,,,,,0.45,,0.4,0.45,,,,,1.95,0.95,,,,,0.45,0.95,0.4,,,,0.4,1.95,1.95,,1.95,,,,,,0.4,,,,,3.95,3.95,1.95,1.95,2.95,1.95,1.95,1.95,1.95,1.95,1.95,2.95,,,1.95,,,0.4,7.95,7.95,,3.95,1.95,,,,,,,0.4,1.95,,0.4,3.95,,,7.95,,0.4,0.4,0.4,0.45,0.4,0.45,0.45,0.95,1.95,1.95,1.95,0.45,0.45,,,,,,,,,,1.95,1.95,1.95,1.95,1.95,1.95,,,,1.95,1.95,0.95,,,3.95,3.95,,0.45,0.45,0.45,1.95,1.95,1.95,1.95,1.95,1.95,,,1.95,,,,,0.45,,,,1.95,,,,3.95,0.4,0.4,1.95,,,,0.95,1.95,,0.45,0.45,1.95
118,10200480,,3.95,,,,,0.95,0.45,,,,3.95,3.95,,3.95,7.95,7.95,,,,,,,,,3.95,,1.95,0.45,,,0.4,,1.95,1.95,,,,1.45,1.95,0.45,,,,1.95,0.95,,,,,,0.45,,0.4,0.45,,,,,1.95,0.95,,,,,0.45,0.95,0.4,,,,0.4,1.95,1.95,,1.95,,,,,,0.4,,,,,3.95,3.95,1.95,1.95,2.95,1.95,1.95,1.95,1.95,1.95,1.95,2.95,,,1.95,,,0.4,7.95,7.95,,3.95,1.95,,,,,,,0.4,1.95,,0.4,3.95,,,7.95,,0.4,0.4,0.4,0.45,0.4,0.45,0.45,0.95,1.95,1.95,1.95,0.45,0.45,,,,,,,,,,1.95,1.95,1.95,1.95,1.95,1.95,,,,1.95,1.95,0.95,,,3.95,3.95,,0.45,0.45,0.45,1.95,1.95,1.95,1.95,1.95,1.95,,,1.95,,,,,0.45,,,,1.95,,,,3.95,0.4,0.4,1.95,,,,0.95,1.95,,0.45,0.45,1.95
118,10200540,,3.95,,,,,0.95,0.45,,,,3.95,3.95,,3.95,7.95,7.95,,,,,,,,,3.95,,1.95,0.45,,,0.4,,1.95,1.95,,,,1.45,1.95,0.45,,,,1.95,0.95,,,,,,0.45,,0.4,0.45,,,,,1.95,0.95,,,,,0.45,0.95,0.4,,,,0.4,1.95,1.95,,1.95,,,,,,0.4,,,,,3.95,3.95,1.95,1.95,2.95,1.95,1.95,1.95,1.95,1.95,1.95,2.95,,,1.95,,,0.4,7.95,7.95,,3.95,1.95,,,,,,,0.4,1.95,,0.4,3.95,,,7.95,,0.4,0.4,0.4,0.45,0.4,0.45,0.45,0.95,1.95,1.95,1.95,0.45,0.45,,,,,,,,,,1.95,1.95,1.95,1.95,1.95,1.95,,,,1.95,1.95,0.95,,,3.95,3.95,,0.45,0.45,0.45,1.95,1.95,1.95,1.95,1.95,1.95,,,1.95,,,,,0.45,,,,1.95,,,,3.95,0.4,0.4,1.95,,,,0.95,1.95,,0.45,0.45,1.95
118,10200600,,3.95,,,,,0.95,0.45,,,,3.95,3.95,,3.95,7.95,7.95,,,,,,,,,3.95,,1.95,0.45,,,0.4,,1.95,1.95,,,,1.283,1.95,0.45,,,,1.95,0.95,,,,,,0.45,,0.4,0.45,,,,,1.95,0.95,,,,,0.45,0.95,0.4,,,,0.4,1.95,1.95,,1.95,,,,,,0.4,,,,,3.95,3.95,1.95,1.95,2.95,1.95,1.95,1.95,1.95,1.95,1.95,2.95,,,1.95,,,0.4,7.95,7.95,,3.95,1.95,,,,,,,0.4,1.95,,0.4,3.95,,,7.95,,0.4,0.4,0.4,0.45,0.4,0.45,0.45,0.95,1.95,1.95,1.95,0.45,0.45,,,,,,,,,,1.95,1.95,1.95,1.95,1.95,1.95,,,,1.95,1.95,0.95,,,3.95,3.95,,0.45,0.45,0.45,1.95,1.95,1.95,1.95,1.95,1.95,,,1.95,,,,,0.45,,,,1.95,,,,3.95,0.4,0.4,1.95,,,,0.95,1.95,,0.45,0.45,1.95
118,10200660,,3.95,,,,,0.95,0.45,,,,3.95,3.95,,3.95,7.95,7.95,,,,,,,,,3.95,,1.95,0.45,,,0.4,,1.95,1.95,,,,1.45,1.95,0.45,,,,1.95,0.95,,,,,,0.45,,0.4,0.45,,,,,1.95,0.95,,,,,0.45,0.95,0.4,,,,0.4,1.95,1.95,,1.95,,,,,,0.4,,,,,3.95,3.95,1.95,1.95,2.95,1.95,1.95,1.95,1.95,1.95,1.95,2.95,,,1.95,,,0.4,7.95,7.95,,3.95,1.95,,,,,,,0.4,1.95,,0.4,3.95,,,7.95,,0.4,0.4,0.4,0.45,0.4,0.45,0.45,0.95,1.95,1.95,1.95,0.45,0.45,,,,,,,,,,1.95,1.95,1.95,1.95,1.95,1.95,,,,1.95,1.95,0.95,,,3.95,3.95,,0.45,0.45,0.45,1.95,1.95,1.95,1.95,1.95,1.95,,,1.95,,,,,0.45,,,,1.95,,,,3.95,0.4,0.4,1.95,,,,0.95,1.95,,0.45,0.45,1.95
118,10200720,,3.95,,,,,0.95,0.45,,,,3.95,3.95,,3.95,7.95,7.95,,,,,,,,,3.95,,1.95,0.45,,,0.4,,1.95,1.95,,,,1.45,1.95,0.45,,,,1.95,0.95,,,,,,0.45,,0.4,0.45,,,,,1.95,0.95,,,,,0.45,0.95,0.4,,,,0.4,1.95,1.95,,1.95,,,,,,0.4,,,,,3.95,3.95,1.95,1.95,2.95,1.95,1.95,1.95,1.95,1.95,1.95,2.95,,,1.95,,,0.4,7.95,7.95,,3.95,1.95,,,,,,,0.4,1.95,,0.4,3.95,,,7.95,,0.4,0.4,0.4,0.45,0.4,0.45,0.45,0.95,1.95,1.95,1.95,0.45,0.45,,,,,,,,,,1.95,1.95,1.95,1.95,1.95,1.95,,,,1.95,1.95,0.95,,,3.95,3.95,,0.45,0.45,0.45,1.95,1.95,1.95,1.95,1.95,1.95,,,1.95,,,,,0.45,,,,1.95,,,,3.95,0.4,0.4,1.95,,,,0.95,1.95,,0.45,0.45,1.95
118,10200780,,3.95,,,,,0.95,0.45,,,,3.95,3.95,,3.95,7.95,7.95,,,,,,,,,3.95,,1.95,0.45,,,0.4,,1.95,1.95,,,,1.45,1.95,0.45,,,,1.95,0.95,,,,,,0.45,,0.4,0.45,,,,,1.95,0.95,,,,,0.45,0.95,0.4,,,,0.4,1.95,1.95,,1.95,,,,,,0.4,,,,,3.95,3.95,1.95,1.95,2.95,1.95,1.95,1.95,1.95,1.95,1.95,2.95,,,1.95,,,0.4,7.95,7.95,,3.95,1.95,,,,,,,0.4,1.95,,0.4,3.95,,,7.95,,0.4,0.4,0.4,0.45,0.4,0.45,0.45,0.95,1.95,1.95,1.95,0.45,0.45,,,,,,,,,,1.95,1.95,1.95,1.95,1.95,1.95,,,,1.95,1.95,0.95,,,3.95,3.95,,0.45,0.45,0.45,1.95,1.95,1.95,1.95,1.95,1.95,,,1.95,,,,,0.45,,,,1.95,,,,3.95,0.4,0.4,1.95,,,,0.95,1.95,,0.45,0.45,1.95
118,10200840,,3.95,,,,,0.95,0.45,,,,3.95,3.95,,3.95,7.95,7.95,,,,,,,,,3.95,,1.95,0.45,,,0.4,,1.95,1.95,,,,1.283,1.95,0.45,,,,1.95,0.95,,,,,,0.45,,0.4,0.45,,,,,1.95,0.95,,,,,0.45,0.95,0.4,,,,0.4,1.95,1.95,,1.95,,,,,,0.4,,,,,3.95,3.95,1.95,1.95,2.95,1.95,1.95,1.95,1.95,1.95,1.95,2.95,,,1.95,,,0.4,7.95,7.95,,3.95,1.95,,,,,,,0.4,1.95,,0.4,3.95,,,7.95,,0.4,0.4,0.4,0.45,0.4,0.45,0.45,0.95,1.95,1.95,1.95,0.45,0.45,,,,,,,,,,1.95,1.95,1.95,1.95,1.95,1.95,,,,1.95,1.95,0.95,,,3.95,3.95,,0.45,0.45,0.45,1.95,1.95,1.95,1.95,1.95,1.95,,,1.95,,,,,0.45,,,,1.95,,,,3.95,0.4,0.4,1.95,,,,0.95,1.95,,0.45,0.45,1.95
118,10200900,,3.95,,,,,0.95,0.45,,,,3.95,3.95,,3.95,7.95,7.95,,,,,,,,,3.95,,1.95,0.45,,,0.4,,1.95,1.95,,,,1.45,1.95,0.45,,,,1.95,0.95,,,,,,0.45,,0.4,0.45,,,,,1.95,0.95,,,,,0.45,0.95,0.4,,,,0.4,1.95,1.95,,1.95,,,,,,0.4,,,,,3.95,3.95,1.95,1.95,2.95,1.95,1.95,1.95,1.95,1.95,1.95,2.95,,,1.95,,,0.4,7.95,7.95,,3.95,1.95,,,,,,,0.4,1.95,,0.4,3.95,,,7.95,,0.4,0.4,0.4,0.45,0.4,0.45,0.45,0.95,1.95,1.95,1.95,0.45,0.45,,,,,,,,,,1.95,1.95,1.95,1.95,1.95,1.95,,,,1.95,1.95,0.95,,,3.95,3.95,,0.45,0.45,0.45,1.95,1.95,1.95,1.95,1.95,1.95,,,1.95,,,,,0.45,,,,1.95,,,,3.95,0.4,0.4,1.95,,,,0.95,1.95,,0.45,0.45,1.95
118,10200960,,3.95,,,,,0.95,0.45,,,,3.95,3.95,,3.95,7.95,7.95,,,,,,,,,3.95,,1.95,0.45,,,0.4,,1.95,1.95,,,,1.45,1.95,0.45,,,,1.95,0.95,,,,,,0.45,,0.4,0.45,,,,,1.95,0.95,,,,,0.45,0.95,0.4,,,,0.4,1.95,1.95,,1.95,,,,,,0.4,,,,,3.95,3.95,1.95,1.95,2.95,1.95,1.95,1.95,1.95,1.95,1.95,2.95,,,1.95,,,0.4,7.95,7.95,,3.95,1.95,,,,,,,0.4,1.95,,0.4,3.95,,,7.95,,0.4,0.4,0.4,0.45,0.4,0.45,0.45,0.95,1.95,1.95,1.95,0.45,0.45,,,,,,,,,,1.95,1.95,1.95,1.95,1.95,1.95,,,,1.95,1.95,0.95,,,3.95,3.95,,0.45,0.45,0.45,1.95,1.95,1.95,1.95,1.95,1.95,,,1.95,,,,,0.45,,,,1.95,,,,3.95,0.4,0.4,1.95,,,,0.95,1.95,,0.45,0.45,1.95
118,10201020,,3.95,,,,,0.95,0.45,,,,3.95,3.95,,3.95,7.95,7.95,,,,,,,,,3.95,,1.95,0.45,,,0.4,,1.95,1.95,,,,1.283,1.95,0.45,,,,1.95,0.95,,,,,,0.45,,0.4,0.45,,,,,1.95,0.95,,,,,0.45,0.95,0.4,,,,0.4,1.95,1.95,,1.95,,,,,,0.4,,,,,3.95,3.95,1.95,1.95,2.95,1.95,1.95,1.95,1.95,1.95,1.95,2.95,,,1.95,,,0.4,7.95,7.95,,3.95,1.95,,,,,,,0.4,1.95,,0.4,3.95,,,7.95,,0.4,0.4,0.4,0.45,0.4,0.45,0.45,0.95,1.95,1.95,1.95,0.45,0.45,,,,,,,,,,1.95,1.95,1.95,1.95,1.95,1.95,,,,1.95,1.95,0.95,,,3.95,3.95,,0.45,0.45,0.45,1.95,1.95,1.95,1.95,1.95,1.95,,,1.95,,,,,0.45,,,,1.95,,,,3.95,0.4,0.4,1.95,,,,0.95,1.95,,0.45,0.45,1.95
118,10201080,,3.95,,,,,0.95,0.45,,,,3.95,3.95,,3.95,7.95,7.95,,,,,,,,,3.95,,1.95,0.45,,,0.4,,1.95,1.95,,,,1.45,1.95,0.45,,,,1.95,0.95,,,,,,0.45,,0.4,0.45,,,,,1.95,0.95,,,,,0.45,0.95,0.4,,,,0.4,1.95,1.95,,1.95,,,,,,0.4,,,,,3.95,3.95,1.95,1.95,2.95,1.95,1.95,1.95,1.95,1.95,1.95,2.95,,,1.95,,,0.4,7.95,7.95,,3.95,1.95,,,,,,,0.4,1.95,,0.4,3.95,,,7.95,,0.4,0.4,0.4,0.45,0.4,0.45,0.45,0.95,1.95,1.95,1.95,0.45,0.45,,,,,,,,,,1.95,1.95,1.95,1.95,1.95,1.95,,,,1.95,1.95,0.95,,,3.95,3.95,,0.45,0.45,0.45,1.95,1.95,1.95,1.95,1.95,1.95,,,1.95,,,,,0.45,,,,1.95,,,,3.95,0.4,0.4,1.95,,,,0.95,1.95,,0.45,0.45,1.95
118,10201140,,3.95,,,,,0.95,0.45,,,,3.95,3.95,,3.95,7.95,7.95,,,,,,,,,3.95,,1.95,0.45,,,0.4,,1.95,1.95,,,,1.45,1.95,0.45,,,,1.95,0.95,,,,,,0.45,,0.4,0.45,,,,,1.95,0.95,,,,,0.45,0.95,0.4,,,,0.4,1.95,1.95,,1.95,,,,,,0.4,,,,,3.95,3.95,1.95,1.95,2.95,1.95,1.95,1.95,1.95,1.95,1.95,2.95,,,1.95,,,0.4,7.95,7.95,,3.95,1.95,,,,,,,0.4,1.95,,0.4,3.95,,,7.95,,0.4,0.4,0.4,0.45,0.4,0.45,0.45,0.95,1.95,1.95,1.95,0.45,0.45,,,,,,,,,,1.95,1.95,1.95,1.95,1.95,1.95,,,,1.95,1.95,0.95,,,3.95,3.95,,0.45,0.45,0.45,1.95,1.95,1.95,1.95,1.95,1.95,,,1.95,,,,,0.45,,,,1.95,,,,3.95,0.4,0.4,1.95,,,,0.95,1.95,,0.45,0.45,1.95
118,10201200,,3.95,,,,,0.95,0.45,,,,3.95,3.95,,3.95,7.95,7.95,,,,,,,,,3.95,,1.95,0.45,,,0.4,,1.95,1.95,,,,1.45,1.95,0.45,,,,1.95,0.95,,,,,,0.45,,0.4,0.45,,,,,1.95,0.95,,,,,0.45,0.95,0.4,,,,0.4,1.95,1.95,,1.95,,,,,,0.4,,,,,3.95,3.95,1.95,1.95,2.95,1.95,1.95,1.95,1.95,1.95,1.95,2.95,,,1.95,,,0.4,7.95,7.95,,3.95,1.95,,,,,,,0.4,1.95,,0.4,3.95,,,7.95,,0.4,0.4,0.4,0.45,0.4,0.45,0.45,0.95,1.95,1.95,1.95,0.45,0.45,,,,,,,,,,1.95,1.95,1.95,1.95,1.95,1.95,,,,1.95,1.95,0.95,,,3.95,3.95,,0.45,0.45,0.45,1.95,1.95,1.95,1.95,1.95,1.95,,,1.95,,,,,0.45,,,,1.95,,,,3.95,0.4,0.4,1.95,,,,0.95,1.95,,0.45,0.45,1.95
118,10201260,,3.95,,,,,0.95,0.45,,,,3.95,3.95,,3.95,7.95,7.95,,,,,,,,,3.95,,1.95,0.45,,,0.4,,1.95,1.95,,,,1.45,1.95,0.45,,,,1.95,0.95,,,,,,0.45,,0.4,0.45,,,,,1.95,0.95,,,,,0.45,0.95,0.4,,,,0.4,1.95,1.95,,1.95,,,,,,0.4,,,,,3.95,3.95,1.95,1.95,2.95,1.95,1.95,1.95,1.95,1.95,1.95,2.95,,,1.95,,,0.4,7.95,7.95,,3.95,1.95,,,,,,,0.4,1.95,,0.4,3.95,,,7.95,,0.4,0.4,0.4,0.45,0.4,0.45,0.45,0.95,1.95,1.95,1.95,0.45,0.45,,,,,,,,,,1.95,1.95,1.95,1.95,1.95,1.95,,,,1.95,1.95,0.95,,,3.95,3.95,,0.45,0.45,0.45,1.95,1.95,1.95,1.95,1.95,1.95,,,1.95,,,,,0.45,,,,1.95,,,,3.95,0.4,0.4,1.95,,,,0.95,1.95,,0.45,0.45,1.95
118,10201320,,3.95,,,,,0.95,0.45,,,,3.95,3.95,,3.95,7.95,7.95,,,,,,,,,3.95,,1.95,0.45,,,0.4,,1.95,1.95,,,,1.45,1.95,0.45,,,,1.95,0.95,,,,,,0.45,,0.4,0.45,,,,,1.95,0.95,,,,,0.45,0.95,0.4,,,,0.4,1.95,1.95,,1.95,,,,,,0.4,,,,,3.95,3.95,1.95,1.95,2.95,1.95,1.95,1.95,1.95,1.95,1.95,2.95,,,1.95,,,0.4,7.95,7.95,,3.95,1.95,,,,,,,0.4,1.95,,0.4,3.95,,,7.95,,0.4,0.4,0.4,0.45,0.4,0.45,0.45,0.95,1.95,1.95,1.95,0.45,0.45,,,,,,,,,,1.95,1.95,1.95,1.95,1.95,1.95,,,,1.95,1.95,0.95,,,3.95,3.95,,0.45,0.45,0.45,1.95,1.95,1.95,1.95,1.95,1.95,,,1.95,,,,,0.45,,,,1.95,,,,3.95,0.4,0.4,1.95,,,,0.95,1.95,,0.45,0.45,1.95
118,10201380,,3.95,,,,,0.95,0.45,,,,3.95,3.95,,3.95,7.95,7.95,,,,,,,,,3.95,,1.95,0.45,,,0.4,,1.95,1.95,,,,1.45,1.95,0.45,,,,1.95,0.95,,,,,,0.45,,0.4,0.45,,,,,1.95,0.95,,,,,0.45,0.95,0.4,,,,0.4,1.95,1.95,,1.95,,,,,,0.4,,,,,3.95,3.95,1.95,1.95,2.95,1.95,1.95,1.95,1.95,1.95,1.95,2.95,,,1.95,,,0.4,7.95,7.95,,3.95,1.95,,,,,,,0.4,1.95,,0.4,3.95,,,7.95,,0.4,0.4,0.4,0.45,0.4,0.45,0.45,0.95,1.95,1.95,1.95,0.45,0.45,,,,,,,,,,1.95,1.95,1.95,1.95,1.95,1.95,,,,1.95,1.95,0.95,,,3.95,3.95,,0.45,0.45,0.45,1.95,1.95,1.95,1.95,1.95,1.95,,,1.95,,,,,0.45,,,,1.95,,,,3.95,0.4,0.4,1.95,,,,0.95,1.95,,0.45,0.45,1.95
118,10201440,,3.95,,,,,0.95,0.45,,,,3.95,3.95,,3.95,7.95,7.95,,,,,,,,,3.95,,1.95,0.45,,,0.4,,1.95,1.95,,,,1.45,1.95,0.45,,,,1.95,0.95,,,,,,0.45,,0.4,0.45,,,,,1.95,0.95,,,,,0.45,0.95,0.4,,,,0.4,1.95,1.95,,1.95,,,,,,0.4,,,,,3.95,3.95,1.95,1.95,2.95,1.95,1.95,1.95,1.95,1.95,1.95,2.95,,,1.95,,,0.4,7.95,7.95,,3.95,1.95,,,,,,,0.4,1.95,,0.4,3.95,,,7.95,,0.4,0.4,0.4,0.45,0.4,0.45,0.45,0.95,1.95,1.95,1.95,0.45,0.45,,,,,,,,,,1.95,1.95,1.95,1.95,1.95,1.95,,,,1.95,1.95,0.95,,,3.95,3.95,,0.45,0.45,0.45,1.95,1.95,1.95,1.95,1.95,1.95,,,1.95,,,,,0.45,,,,1.95,,,,3.95,0.4,0.4,1.95,,,,0.95,1.95,,0.45,0.45,1.95
118,10201500,,3.95,,,,,0.95,0.45,,,,3.95,3.95,,3.95,7.95,7.95,,,,,,,,,3.95,,1.95,0.45,,,0.4,,1.95,1.95,,,,1.45,1.95,0.45,,,,1.95,0.95,,,,,,0.45,,0.4,0.45,,,,,1.95,0.95,,,,,0.45,0.95,0.4,,,,0.4,1.95,1.95,,1.95,,,,,,0.4,,,,,3.95,3.95,1.95,1.95,2.95,1.95,1.95,1.95,1.95,1.95,1.95,2.95,,,1.95,,,0.4,7.95,7.95,,3.95,1.95,,,,,,,0.4,1.95,,0.4,3.95,,,7.95,,0.4,0.4,0.4,0.45,0.4,0.45,0.45,0.95,1.95,1.95,1.95,0.45,0.45,,,,,,,,,,1.95,1.95,1.95,1.95,1.95,1.95,,,,1.95,1.95,0.95,,,3.95,3.95,,0.45,0.45,0.45,1.95,1.95,1.95,1.95,1.95,1.95,,,1.95,,,,,0.45,,,,1.95,,,,3.95,0.4,0.4,1.95,,,,0.95,1.95,,0.45,0.45,1.95
118,10201560,,3.95,,,,,0.95,0.45,,,,3.95,3.95,,3.95,7.95,7.95,,,,,,,,,3.95,,1.95,0.45,,,0.4,,1.95,1.95,,,,1.45,1.95,0.45,,,,1.95,0.95,,,,,,0.45,,0.4,0.45,,,,,1.95,0.95,,,,,0.45,0.95,0.4,,,,0.4,1.95,1.95,,1.95,,,,,,0.4,,,,,3.95,3.95,1.95,1.95,2.95,1.95,1.95,1.95,1.95,1.95,1.95,2.95,,,1.95,,,0.4,7.95,7.95,,3.95,1.95,,,,,,,0.4,1.95,,0.4,3.95,,,7.95,,0.4,0.4,0.4,0.45,0.4,0.45,0.45,0.95,1.95,1.95,1.95,0.45,0.45,,,,,,,,,,1.95,1.95,1.95,1.95,1.95,1.95,,,,1.95,1.95,0.95,,,3.95,3.95,,0.45,0.45,0.45,1.95,1.95,1.95,1.95,1.95,1.95,,,1.95,,,,,0.45,,,,1.95,,,,3.95,0.4,0.4,1.95,,,,0.95,1.95,,0.45,0.45,1.95
118,10201620,,3.95,,,,,0.95,0.45,,,,3.95,3.95,,3.95,7.95,7.95,,,,,,,,,3.95,,1.95,0.45,,,0.4,,1.95,1.95,,,,1.45,1.95,0.45,,,,1.95,0.95,,,,,,0.45,,0.4,0.45,,,,,1.95,0.95,,,,,0.45,0.95,0.4,,,,0.4,1.95,1.95,,1.95,,,,,,0.4,,,,,3.95,3.95,1.95,1.95,2.95,1.95,1.95,1.95,1.95,1.95,1.95,2.95,,,1.95,,,0.4,7.95,7.95,,3.95,1.95,,,,,,,0.4,1.95,,0.4,3.95,,,7.95,,0.4,0.4,0.4,0.45,0.4,0.45,0.45,0.95,1.95,1.95,1.95,0.45,0.45,,,,,,,,,,1.95,1.95,1.95,1.95,1.95,1.95,,,,1.95,1.95,0.95,,,3.95,3.95,,0.45,0.45,0.45,1.95,1.95,1.95,1.95,1.95,1.95,,,1.95,,,,,0.45,,,,1.95,,,,3.95,0.4,0.4,1.95,,,,0.95,1.95,,0.45,0.45,1.95
118,10201680,,3.95,,,,,0.95,0.45,,,,3.95,3.95,,3.95,7.95,7.95,,,,,,,,,3.95,,1.95,0.45,,,0.4,,1.95,1.95,,,,1.45,1.95,0.45,,,,1.95,0.95,,,,,,0.45,,0.4,0.45,,,,,1.95,0.95,,,,,0.45,0.95,0.4,,,,0.4,1.95,1.95,,1.95,,,,,,0.4,,,,,3.95,3.95,1.95,1.95,2.95,1.95,1.95,1.95,1.95,1.95,1.95,2.95,,,1.95,,,0.4,7.95,7.95,,3.95,1.95,,,,,,,0.4,1.95,,0.4,3.95,,,7.95,,0.4,0.4,0.4,0.45,0.4,0.45,0.45,0.95,1.95,1.95,1.95,0.45,0.45,,,,,,,,,,1.95,1.95,1.95,1.95,1.95,1.95,,,,1.95,1.95,0.95,,,3.95,3.95,,0.45,0.45,0.45,1.95,1.95,1.95,1.95,1.95,1.95,,,1.95,,,,,0.45,,,,1.95,,,,3.95,0.4,0.4,1.95,,,,0.95,1.95,,0.45,0.45,1.95
118,10201740,,3.95,,,,,0.95,0.45,,,,3.95,3.95,,3.95,7.95,7.95,,,,,,,,,3.95,,1.95,0.45,,,0.4,,1.95,1.95,,,,1.45,1.95,0.45,,,,1.95,0.95,,,,,,0.45,,0.4,0.45,,,,,1.95,0.95,,,,,0.45,0.95,0.4,,,,0.4,1.95,1.95,,1.95,,,,,,0.4,,,,,3.95,3.95,1.95,1.95,2.95,1.95,1.95,1.95,1.95,1.95,1.95,2.95,,,1.95,,,0.4,7.95,7.95,,3.95,1.95,,,,,,,0.4,1.95,,0.4,3.95,,,7.95,,0.4,0.4,0.4,0.45,0.4,0.45,0.45,0.95,1.95,1.95,1.95,0.45,0.45,,,,,,,,,,1.95,1.95,1.95,1.95,1.95,1.95,,,,1.95,1.95,0.95,,,3.95,3.95,,0.45,0.45,0.45,1.95,1.95,1.95,1.95,1.95,1.95,,,1.95,,,,,0.45,,,,1.95,,,,3.95,0.4,0.4,1.95,,,,0.95,1.95,,0.45,0.45,1.95
118,10201800,,3.95,,,,,0.95,0.45,,,,3.95,3.95,,3.95,7.95,7.95,,,,,,,,,3.95,,1.95,0.45,,,0.4,,1.95,1.95,,,,1.45,1.95,0.45,,,,1.95,0.95,,,,,,0.45,,0.4,0.45,,,,,1.95,0.95,,,,,0.45,0.95,0.4,,,,0.4,1.95,1.95,,1.95,,,,,,0.4,,,,,3.95,3.95,1.95,1.95,2.95,1.95,1.95,1.95,1.95,1.95,1.95,2.95,,,1.95,,,0.4,7.95,7.95,,3.95,1.95,,,,,,,0.4,1.95,,0.4,3.95,,,7.95,,0.4,0.4,0.4,0.45,0.4,0.45,0.45,0.95,1.95,1.95,1.95,0.45,0.45,,,,,,,,,,1.95,1.95,1.95,1.95,1.95,1.95,,,,1.95,1.95,0.95,,,3.95,3.95,,0.45,0.45,0.45,1.95,1.95,1.95,1.95,1.95,1.95,,,1.95,,,,,0.45,,,,1.95,,,,3.95,0.4,0.4,1.95,,,,0.95,1.95,,0.45,0.45,1.95
118,10201860,,3.95,,,,,0.95,0.45,,,,3.95,3.95,,3.95,7.95,7.95,,,,,,,,,3.95,,1.95,0.45,,,0.4,,1.95,1.95,,,,1.45,1.95,0.45,,,,1.95,0.95,,,,,,0.45,,0.4,0.45,,,,,1.95,0.95,,,,,0.45,0.95,0.4,,,,0.4,1.95,1.95,,1.95,,,,,,0.4,,,,,3.95,3.95,1.95,1.95,2.95,1.95,1.95,1.95,1.95,1.95,1.95,2.95,,,1.95,,,0.4,7.95,7.95,,3.95,1.95,,,,,,,0.4,1.95,,0.4,3.95,,,7.95,,0.4,0.4,0.4,0.45,0.4,0.45,0.45,0.95,1.95,1.95,1.95,0.45,0.45,,,,,,,,,,1.95,1.95,1.95,1.95,1.95,1.95,,,,1.95,1.95,0.95,,,3.95,3.95,,0.45,0.45,0.45,1.95,1.95,1.95,1.95,1.95,1.95,,,1.95,,,,,0.45,,,,1.95,,,,3.95,0.4,0.4,1.95,,,,0.95,1.95,,0.45,0.45,1.95
118,10201920,,3.95,,,,,0.95,0.45,,,,3.95,3.95,,3.95,7.95,7.95,,,,,,,,,3.95,,1.95,0.45,,,0.4,,1.95,1.95,,,,1.45,1.95,0.45,,,,1.95,0.95,,,,,,0.45,,0.4,0.45,,,,,1.95,0.95,,,,,0.45,0.95,0.4,,,,0.4,1.95,1.95,,1.95,,,,,,0.4,,,,,3.95,3.95,1.95,1.95,2.95,1.95,1.95,1.95,1.95,1.95,1.95,2.95,,,1.95,,,0.4,7.95,7.95,,3.95,1.95,,,,,,,0.4,1.95,,0.4,3.95,,,7.95,,0.4,0.4,0.4,0.45,0.4,0.45,0.45,0.95,1.95,1.95,1.95,0.45,0.45,,,,,,,,,,1.95,1.95,1.95,1.95,1.95,1.95,,,,1.95,1.95,0.95,,,3.95,3.95,,0.45,0.45,0.45,1.95,1.95,1.95,1.95,1.95,1.95,,,1.95,,,,,0.45,,,,1.95,,,,3.95,0.4,0.4,1.95,,,,0.95,1.95,,0.45,0.45,1.95
118,10201980,,3.95,,,,,0.95,0.45,,,,3.95,3.95,,3.95,7.95,7.95,,,,,,,,,3.95,,1.95,0.45,,,0.4,,1.95,1.95,,,,1.45,1.95,0.45,,,,1.95,0.95,,,,,,0.45,,0.4,0.45,,,,,1.95,0.95,,,,,0.45,0.95,0.4,,,,0.4,1.95,1.95,,1.95,,,,,,0.4,,,,,3.95,3.95,1.95,1.95,2.95,1.95,1.95,1.95,1.95,1.95,1.95,2.95,,,1.95,,,0.4,7.95,7.95,,3.95,1.95,,,,,,,0.4,1.95,,0.4,3.95,,,7.95,,0.4,0.4,0.4,0.45,0.4,0.45,0.45,0.95,1.95,1.95,1.95,0.45,0.45,,,,,,,,,,1.95,1.95,1.95,1.95,1.95,1.95,,,,1.95,1.95,0.95,,,3.95,3.95,,0.45,0.45,0.45,1.95,1.95,1.95,1.95,1.95,1.95,,,1.95,,,,,0.45,,,,1.95,,,,3.95,0.4,0.4,1.95,,,,0.95,1.95,,0.45,0.45,1.95
118,10202040,,3.95,,,,,0.95,0.45,,,,3.95,3.95,,3.95,7.95,7.95,,,,,,,,,3.95,,1.95,0.45,,,0.4,,1.95,1.95,,,,1.45,1.95,0.45,,,,1.95,0.95,,,,,,0.45,,0.4,0.45,,,,,1.95,0.95,,,,,0.45,0.95,0.4,,,,0.4,1.95,1.95,,1.95,,,,,,0.4,,,,,3.95,3.95,1.95,1.95,2.95,1.95,1.95,1.95,1.95,1.95,1.95,2.95,,,1.95,,,0.4,7.95,7.95,,3.95,1.95,,,,,,,0.4,1.95,,0.4,3.95,,,7.95,,0.4,0.4,0.4,0.45,0.4,0.45,0.45,0.95,1.95,1.95,1.95,0.45,0.45,,,,,,,,,,1.95,1.95,1.95,1.95,1.95,1.95,,,,1.95,1.95,0.95,,,3.95,3.95,,0.45,0.45,0.45,1.95,1.95,1.95,1.95,1.95,1.95,,,1.95,,,,,0.45,,,,1.95,,,,3.95,0.4,0.4,1.95,,,,0.95,1.95,,0.45,0.45,1.95
118,10202100,,3.95,,,,,0.95,0.45,,,,3.95,3.95,,3.95,7.95,7.95,,,,,,,,,3.95,,1.95,0.45,,,0.4,,1.95,1.95,,,,1.45,1.95,0.45,,,,1.95,0.95,,,,,,0.45,,0.4,0.45,,,,,1.95,0.95,,,,,0.45,0.95,0.4,,,,0.4,1.95,1.95,,1.95,,,,,,0.4,,,,,3.95,3.95,1.95,1.95,2.95,1.95,1.95,1.95,1.95,1.95,1.95,2.95,,,1.95,,,0.4,7.95,7.95,,3.95,1.95,,,,,,,0.4,1.95,,0.4,3.95,,,7.95,,0.4,0.4,0.4,0.45,0.4,0.45,0.45,0.95,1.95,1.95,1.95,0.45,0.45,,,,,,,,,,1.95,1.95,1.95,1.95,1.95,1.95,,,,1.95,1.95,0.95,,,3.95,3.95,,0.45,0.45,0.45,1.95,1.95,1.95,1.95,1.95,1.95,,,1.95,,,,,0.45,,,,1.95,,,,3.95,0.4,0.4,1.95,,,,0.95,1.95,,0.45,0.45,1.95
118,10202160,,3.95,,,,,0.95,0.45,,,,3.95,3.95,,3.95,7.95,7.95,,,,,,,,,3.95,,1.95,0.45,,,0.4,,1.95,1.95,,,,1.45,1.95,0.45,,,,1.95,0.95,,,,,,0.45,,0.4,0.45,,,,,1.95,0.95,,,,,0.45,0.95,0.4,,,,0.4,1.95,1.95,,1.95,,,,,,0.4,,,,,3.95,3.95,1.95,1.95,2.95,1.95,1.95,1.95,1.95,1.95,1.95,2.95,,,1.95,,,0.4,7.95,7.95,,3.95,1.95,,,,,,,0.4,1.95,,0.4,3.95,,,7.95,,0.4,0.4,0.4,0.45,0.4,0.45,0.45,0.95,1.95,1.95,1.95,0.45,0.45,,,,,,,,,,1.95,1.95,1.95,1.95,1.95,1.95,,,,1.95,1.95,0.95,,,3.95,3.95,,0.45,0.45,0.45,1.95,1.95,1.95,1.95,1.95,1.95,,,1.95,,,,,0.45,,,,1.95,,,,3.95,0.4,0.4,1.95,,,,0.95,1.95,,0.45,0.45,1.95
118,10202220,,3.95,,,,,0.95,0.45,,,,3.95,3.95,,3.95,7.95,7.95,,,,,,,,,3.95,,1.95,0.45,,,0.4,,1.95,1.95,,,,1.45,1.95,0.45,,,,1.95,0.95,,,,,,0.45,,0.4,0.45,,,,,1.95,0.95,,,,,0.45,0.95,0.4,,,,0.4,1.95,1.95,,1.95,,,,,,0.4,,,,,3.95,3.95,1.95,1.95,2.95,1.95,1.95,1.95,1.95,1.95,1.95,2.95,,,1.95,,,0.4,7.95,7.95,,3.95,1.95,,,,,,,0.4,1.95,,0.4,3.95,,,7.95,,0.4,0.4,0.4,0.45,0.4,0.45,0.45,0.95,1.95,1.95,1.95,0.45,0.45,,,,,,,,,,1.95,1.95,1.95,1.95,1.95,1.95,,,,1.95,1.95,0.95,,,3.95,3.95,,0.45,0.45,0.45,1.95,1.95,1.95,1.95,1.95,1.95,,,1.95,,,,,0.45,,,,1.95,,,,3.95,0.4,0.4,1.95,,,,0.95,1.95,,0.45,0.45,1.95
118,10202280,,3.95,,,,,0.95,0.45,,,,3.95,3.95,,3.95,7.95,7.95,,,,,,,,,3.95,,1.95,0.45,,,0.4,,1.95,1.95,,,,1.45,1.95,0.45,,,,1.95,0.95,,,,,,0.45,,0.4,0.45,,,,,1.95,0.95,,,,,0.45,0.95,0.4,,,,0.4,1.95,1.95,,1.95,,,,,,0.4,,,,,3.95,3.95,1.95,1.95,2.95,1.95,1.95,1.95,1.95,1.95,1.95,2.95,,,1.95,,,0.4,7.95,7.95,,3.95,1.95,,,,,,,0.4,1.95,,0.4,3.95,,,7.95,,0.4,0.4,0.4,0.45,0.4,0.45,0.45,0.95,1.95,1.95,1.95,0.45,0.45,,,,,,,,,,1.95,1.95,1.95,1.95,1.95,1.95,,,,1.95,1.95,0.95,,,3.95,3.95,,0.45,0.45,0.45,1.95,1.95,1.95,1.95,1.95,1.95,,,1.95,,,,,0.45,,,,1.95,,,,3.95,0.4,0.4,1.95,,,,0.95,1.95,,0.45,0.45,1.95
118,10202340,,3.95,,,,,0.95,0.45,,,,3.95,3.95,,3.95,7.95,7.95,,,,,,,,,3.95,,1.95,0.45,,,0.4,,1.95,1.95,,,,1.45,1.95,0.45,,,,1.95,0.95,,,,,,0.45,,0.4,0.45,,,,,1.95,0.95,,,,,0.45,0.95,0.4,,,,0.4,1.95,1.95,,1.95,,,,,,0.4,,,,,3.95,3.95,1.95,1.95,2.95,1.95,1.95,1.95,1.95,1.95,1.95,2.95,,,1.95,,,0.4,7.95,7.95,,3.95,1.95,,,,,,,0.4,1.95,,0.4,3.95,,,7.95,,0.4,0.4,0.4,0.45,0.4,0.45,0.45,0.95,1.95,1.95,1.95,0.45,0.45,,,,,,,,,,1.95,1.95,1.95,1.95,1.95,1.95,,,,1.95,1.95,0.95,,,3.95,3.95,,0.45,0.45,0.45,1.95,1.95,1.95,1.95,1.95,1.95,,,1.95,,,,,0.45,,,,1.95,,,,3.95,0.4,0.4,1.95,,,,0.95,1.95,,0.45,0.45,1.95
118,10202400,,3.95,,,,,0.95,0.45,,,,3.95,3.95,,3.95,7.95,7.95,,,,,,,,,3.95,,1.95,0.45,,,0.4,,1.95,1.95,,,,1.45,1.95,0.45,,,,1.95,0.95,,,,,,0.45,,0.4,0.45,,,,,1.95,0.95,,,,,0.45,0.95,0.4,,,,0.4,1.95,1.95,,1.95,,,,,,0.4,,,,,3.95,3.95,1.95,1.95,2.95,1.95,1.95,1.95,1.95,1.95,1.95,2.95,,,1.95,,,0.4,7.95,7.95,,3.95,1.95,,,,,,,0.4,1.95,,0.4,3.95,,,7.95,,0.4,0.4,0.4,0.45,0.4,0.45,0.45,0.95,1.95,1.95,1.95,0.45,0.45,,,,,,,,,,1.95,1.95,1.95,1.95,1.95,1.95,,,,1.95,1.95,0.95,,,3.95,3.95,,0.45,0.45,0.45,1.95,1.95,1.95,1.95,1.95,1.95,,,1.95,,,,,0.45,,,,1.95,,,,3.95,0.4,0.4,1.95,,,,0.95,1.95,,0.45,0.45,1.95
118,10202460,,3.95,,,,,0.95,0.45,,,,3.95,3.95,,3.95,7.95,7.95,,,,,,,,,3.95,,1.95,0.45,,,0.4,,1.95,1.95,,,,1.45,1.95,0.45,,,,1.95,0.95,,,,,,0.45,,0.4,0.45,,,,,1.95,0.95,,,,,0.45,0.95,0.4,,,,0.4,1.95,1.95,,1.95,,,,,,0.4,,,,,3.95,3.95,1.95,1.95,2.95,1.95,1.95,1.95,1.95,1.95,1.95,2.95,,,1.95,,,0.4,7.95,7.95,,3.95,1.95,,,,,,,0.4,1.95,,0.4,3.95,,,7.95,,0.4,0.4,0.4,0.45,0.4,0.45,0.45,0.95,1.95,1.95,1.95,0.45,0.45,,,,,,,,,,1.95,1.95,1.95,1.95,1.95,1.95,,,,1.95,1.95,0.95,,,3.95,3.95,,0.45,0.45,0.45,1.95,1.95,1.95,1.95,1.95,1.95,,,1.95,,,,,0.45,,,,1.95,,,,3.95,0.4,0.4,1.95,,,,0.95,1.95,,0.45,0.45,1.95
118,10202520,,3.95,,,,,0.95,0.45,,,,3.95,3.95,,3.95,7.95,7.95,,,,,,,,,3.95,,1.95,0.45,,,0.4,,1.95,1.95,,,,1.45,1.95,0.45,,,,1.95,0.95,,,,,,0.45,,0.4,0.45,,,,,1.95,0.95,,,,,0.45,0.95,0.4,,,,0.4,1.95,1.95,,1.95,,,,,,0.4,,,,,3.95,3.95,1.95,1.95,2.95,1.95,1.95,1.95,1.95,1.95,1.95,2.95,,,1.95,,,0.4,7.95,7.95,,3.95,1.95,,,,,,,0.4,1.95,,0.4,3.95,,,7.95,,0.4,0.4,0.4,0.45,0.4,0.45,0.45,0.95,1.95,1.95,1.95,0.45,0.45,,,,,,,,,,1.95,1.95,1.95,1.95,1.95,1.95,,,,1.95,1.95,0.95,,,3.95,3.95,,0.45,0.45,0.45,1.95,1.95,1.95,1.95,1.95,1.95,,,1.95,,,,,0.45,,,,1.95,,,,3.95,0.4,0.4,1.95,,,,0.95,1.95,,0.45,0.45,1.95
118,10202580,,3.95,,,,,0.95,0.45,,,,3.95,3.95,,3.95,7.95,7.95,,,,,,,,,3.95,,1.95,0.45,,,0.4,,1.95,1.95,,,,1.45,1.95,0.45,,,,1.95,0.95,,,,,,0.45,,0.4,0.45,,,,,1.95,0.95,,,,,0.45,0.95,0.4,,,,0.4,1.95,1.95,,1.95,,,,,,0.4,,,,,3.95,3.95,1.95,1.95,2.95,1.95,1.95,1.95,1.95,1.95,1.95,2.95,,,1.95,,,0.4,7.95,7.95,,3.95,1.95,,,,,,,0.4,1.95,,0.4,3.95,,,7.95,,0.4,0.4,0.4,0.45,0.4,0.45,0.45,0.95,1.95,1.95,1.95,0.45,0.45,,,,,,,,,,1.95,1.95,1.95,1.95,1.95,1.95,,,,1.95,1.95,0.95,,,3.95,3.95,,0.45,0.45,0.45,1.95,1.95,1.95,1.95,1.95,1.95,,,1.95,,,,,0.45,,,,1.95,,,,3.95,0.4,0.4,1.95,,,,0.95,1.95,,0.45,0.45,1.95
118,10202640,,3.95,,,,,0.95,0.45,,,,3.95,3.95,,3.95,7.95,7.95,,,,,,,,,3.95,,1.95,0.45,,,0.4,,1.95,1.95,,,,1.45,1.95,0.45,,,,1.95,0.95,,,,,,0.45,,0.4,0.45,,,,,1.95,0.95,,,,,0.45,0.95,0.4,,,,0.4,1.95,1.95,,1.95,,,,,,0.4,,,,,3.95,3.95,1.95,1.95,2.95,1.95,1.95,1.95,1.95,1.95,1.95,2.95,,,1.95,,,0.4,7.95,7.95,,3.95,1.95,,,,,,,0.4,1.95,,0.4,3.95,,,7.95,,0.4,0.4,0.4,0.45,0.4,0.45,0.45,0.95,1.95,1.95,1.95,0.45,0.45,,,,,,,,,,1.95,1.95,1.95,1.95,1.95,1.95,,,,1.95,1.95,0.95,,,3.95,3.95,,0.45,0.45,0.45,1.95,1.95,1.95,1.95,1.95,1.95,,,1.95,,,,,0.45,,,,1.95,,,,3.95,0.4,0.4,1.95,,,,0.95,1.95,,0.45,0.45,1.95
118,10202700,,3.95,,,,,0.95,0.45,,,,3.95,3.95,,3.95,7.95,7.95,,,,,,,,,3.95,,1.95,0.45,,,0.4,,1.95,1.95,,,,1.45,1.95,0.45,,,,1.95,0.95,,,,,,0.45,,0.4,0.45,,,,,1.95,0.95,,,,,0.45,0.95,0.4,,,,0.4,1.95,1.95,,1.95,,,,,,0.4,,,,,3.95,3.95,1.95,1.95,2.95,1.95,1.95,1.95,1.95,1.95,1.95,2.95,,,1.95,,,0.4,7.95,7.95,,3.95,1.95,,,,,,,0.4,1.95,,0.4,3.95,,,7.95,,0.4,0.4,0.4,0.45,0.4,0.45,0.45,0.95,1.95,1.95,1.95,0.45,0.45,,,,,,,,,,1.95,1.95,1.95,1.95,1.95,1.95,,,,1.95,1.95,0.95,,,3.95,3.95,,0.45,0.45,0.45,1.95,1.95,1.95,1.95,1.95,1.95,,,1.95,,,,,0.45,,,,1.95,,,,3.95,0.4,0.4,1.95,,,,0.95,1.95,,0.45,0.45,1.95
118,10202760,,3.95,,,,,0.95,0.45,,,,3.95,3.95,,3.95,7.95,7.95,,,,,,,,,3.95,,1.95,0.45,,,0.4,,1.95,1.95,,,,1.45,1.95,0.45,,,,1.95,0.95,,,,,,0.45,,0.4,0.45,,,,,1.95,0.95,,,,,0.45,0.95,0.4,,,,0.4,1.95,1.95,,1.95,,,,,,0.4,,,,,3.95,3.95,1.95,1.95,2.95,1.95,1.95,1.95,1.95,1.95,1.95,2.95,,,1.95,,,0.4,7.95,7.95,,3.95,1.95,,,,,,,0.4,1.95,,0.4,3.95,,,7.95,,0.4,0.4,0.4,0.45,0.4,0.45,0.45,0.95,1.95,1.95,1.95,0.45,0.45,,,,,,,,,,1.95,1.95,1.95,1.95,1.95,1.95,,,,1.95,1.95,0.95,,,3.95,3.95,,0.45,0.45,0.45,1.95,1.95,1.95,1.95,1.95,1.95,,,1.95,,,,,0.45,,,,1.95,,,,3.95,0.4,0.4,1.95,,,,0.95,1.95,,0.45,0.45,1.95
118,10202820,,3.95,,,,,0.95,0.45,,,,3.95,3.95,,3.95,7.95,7.95,,,,,,,,,3.95,,1.95,0.45,,,0.4,,1.95,1.95,,,,1.45,1.95,0.45,,,,1.95,0.95,,,,,,0.45,,0.4,0.45,,,,,1.95,0.95,,,,,0.45,0.95,0.4,,,,0.4,1.95,1.95,,1.95,,,,,,0.4,,,,,3.95,3.95,1.95,1.95,2.95,1.95,1.95,1.95,1.95,1.95,1.95,2.95,,,1.95,,,0.4,7.95,7.95,,3.95,1.95,,,,,,,0.4,1.95,,0.4,3.95,,,7.95,,0.4,0.4,0.4,0.45,0.4,0.45,0.45,0.95,1.95,1.95,1.95,0.45,0.45,,,,,,,,,,1.95,1.95,1.95,1.95,1.95,1.95,,,,1.95,1.95,0.95,,,3.95,3.95,,0.45,0.45,0.45,1.95,1.95,1.95,1.95,1.95,1.95,,,1.95,,,,,0.45,,,,1.95,,,,3.95,0.4,0.4,1.95,,,,0.95,1.95,,0.45,0.45,1.95
118,10202880,,3.95,,,,,0.95,0.45,,,,3.95,3.95,,3.95,7.95,7.95,,,,,,,,,3.95,,1.95,0.45,,,0.4,,1.95,1.95,,,,1.45,1.95,0.45,,,,1.95,0.95,,,,,,0.45,,0.4,0.45,,,,,1.95,0.95,,,,,0.45,0.95,0.4,,,,0.4,1.95,1.95,,1.95,,,,,,0.4,,,,,3.95,3.95,1.95,1.95,2.95,1.95,1.95,1.95,1.95,1.95,1.95,2.95,,,1.95,,,0.4,7.95,7.95,,3.95,1.95,,,,,,,0.4,1.95,,0.4,3.95,,,7.95,,0.4,0.4,0.4,0.45,0.4,0.45,0.45,0.95,1.95,1.95,1.95,0.45,0.45,,,,,,,,,,1.95,1.95,1.95,1.95,1.95,1.95,,,,1.95,1.95,0.95,,,3.95,3.95,,0.45,0.45,0.45,1.95,1.95,1.95,1.95,1.95,1.95,,,1.95,,,,,0.45,,,,1.95,,,,3.95,0.4,0.4,1.95,,,,0.95,1.95,,0.45,0.45,1.95
118,10202940,,3.95,,,,,0.95,0.45,,,,3.95,3.95,,3.95,7.95,7.95,,,,,,,,,3.95,,1.95,0.45,,,0.4,,1.95,1.95,,,,1.45,1.95,0.45,,,,1.95,0.95,,,,,,0.45,,0.4,0.45,,,,,1.95,0.95,,,,,0.45,0.95,0.4,,,,0.4,1.95,1.95,,1.95,,,,,,0.4,,,,,3.95,3.95,1.95,1.95,2.95,1.95,1.95,1.95,1.95,1.95,1.95,2.95,,,1.95,,,0.4,7.95,7.95,,3.95,1.95,,,,,,,0.4,1.95,,0.4,3.95,,,7.95,,0.4,0.4,0.4,0.45,0.4,0.45,0.45,0.95,1.95,1.95,1.95,0.45,0.45,,,,,,,,,,1.95,1.95,1.95,1.95,1.95,1.95,,,,1.95,1.95,0.95,,,3.95,3.95,,0.45,0.45,0.45,1.95,1.95,1.95,1.95,1.95,1.95,,,1.95,,,,,0.45,,,,1.95,,,,3.95,0.4,0.4,1.95,,,,0.95,1.95,,0.45,0.45,1.95
118,10203000,,3.95,,,,,0.95,0.45,,,,3.95,3.95,,3.95,7.95,7.95,,,,,,,,,3.95,,1.95,0.45,,,0.4,,1.95,1.95,,,,1.45,1.95,0.45,,,,1.95,0.95,,,,,,0.45,,0.4,0.45,,,,,1.95,0.95,,,,,0.45,0.95,0.4,,,,0.4,1.95,1.95,,1.95,,,,,,0.4,,,,,3.95,3.95,1.95,1.95,2.95,1.95,1.95,1.95,1.95,1.95,1.95,2.95,,,1.95,,,0.4,7.95,7.95,,3.95,1.95,,,,,,,0.4,1.95,,0.4,3.95,,,7.95,,0.4,0.4,0.4,0.45,0.4,0.45,0.45,0.95,1.95,1.95,1.95,0.45,0.45,,,,,,,,,,1.95,1.95,1.95,1.95,1.95,1.95,,,,1.95,1.95,0.95,,,3.95,3.95,,0.45,0.45,0.45,1.95,1.95,1.95,1.95,1.95,1.95,,,1.95,,,,,0.45,,,,1.95,,,,3.95,0.4,0.4,1.95,,,,0.95,1.95,,0.45,0.45,1.95
118,10203060,,3.95,,,,,0.95,0.45,,,,3.95,3.95,,3.95,7.95,7.95,,,,,,,,,3.95,,1.95,0.45,,,0.4,,1.95,1.95,,,,1.45,1.95,0.45,,,,1.95,0.95,,,,,,0.45,,0.4,0.45,,,,,1.95,0.95,,,,,0.45,0.95,0.4,,,,0.4,1.95,1.95,,1.95,,,,,,0.4,,,,,3.95,3.95,1.95,1.95,2.95,1.95,1.95,1.95,1.95,1.95,1.95,2.95,,,1.95,,,0.4,7.95,7.95,,3.95,1.95,,,,,,,0.4,1.95,,0.4,3.95,,,7.95,,0.4,0.4,0.4,0.45,0.4,0.45,0.45,0.95,1.95,1.95,1.95,0.45,0.45,,,,,,,,,,1.95,1.95,1.95,1.95,1.95,1.95,,,,1.95,1.95,0.95,,,3.95,3.95,,0.45,0.45,0.45,1.95,1.95,1.95,1.95,1.95,1.95,,,1.95,,,,,0.45,,,,1.95,,,,3.95,0.4,0.4,1.95,,,,0.95,1.95,,0.45,0.45,1.95
118,10203120,,3.95,,,,,0.95,0.45,,,,3.95,3.95,,3.95,7.95,7.95,,,,,,,,,3.95,,1.95,0.45,,,0.4,,1.95,1.95,,,,1.45,1.95,0.45,,,,1.95,0.95,,,,,,0.45,,0.4,0.45,,,,,1.95,0.95,,,,,0.45,0.95,0.4,,,,0.4,1.95,1.95,,1.95,,,,,,0.4,,,,,3.95,3.95,1.95,1.95,2.95,1.95,1.95,1.95,1.95,1.95,1.95,2.95,,,1.95,,,0.4,7.95,7.95,,3.95,1.95,,,,,,,0.4,1.95,,0.4,3.95,,,7.95,,0.4,0.4,0.4,0.45,0.4,0.45,0.45,0.95,1.95,1.95,1.95,0.45,0.45,,,,,,,,,,1.95,1.95,1.95,1.95,1.95,1.95,,,,1.95,1.95,0.95,,,3.95,3.95,,0.45,0.45,0.45,1.95,1.95,1.95,1.95,1.95,1.95,,,1.95,,,,,0.45,,,,1.95,,,,3.95,0.4,0.4,1.95,,,,0.95,1.95,,0.45,0.45,1.95
118,10203180,,3.95,,,,,0.95,0.45,,,,3.95,3.95,,3.95,7.95,7.95,,,,,,,,,3.95,,1.95,0.45,,,0.4,,1.95,1.95,,,,1.45,1.95,0.45,,,,1.95,0.95,,,,,,0.45,,0.4,0.45,,,,,1.95,0.95,,,,,0.45,0.95,0.4,,,,0.4,1.95,1.95,,1.95,,,,,,0.4,,,,,3.95,3.95,1.95,1.95,2.95,1.95,1.95,1.95,1.95,1.95,1.95,2.95,,,1.95,,,0.4,7.95,7.95,,3.95,1.95,,,,,,,0.4,1.95,,0.4,3.95,,,7.95,,0.4,0.4,0.4,0.45,0.4,0.45,0.45,0.95,1.95,1.95,1.95,0.45,0.45,,,,,,,,,,1.95,1.95,1.95,1.95,1.95,1.95,,,,1.95,1.95,0.95,,,3.95,3.95,,0.45,0.45,0.45,1.95,1.95,1.95,1.95,1.95,1.95,,,1.95,,,,,0.45,,,,1.95,,,,3.95,0.4,0.4,1.95,,,,0.95,1.95,,0.45,0.45,1.95
118,10203240,,3.95,,,,,0.95,0.45,,,,3.95,3.95,,3.95,7.95,7.95,,,,,,,,,3.95,,1.95,0.45,,,0.4,,1.95,1.95,,,,1.45,1.95,0.45,,,,1.95,0.95,,,,,,0.45,,0.4,0.45,,,,,1.95,0.95,,,,,0.45,0.95,0.4,,,,0.4,1.95,1.95,,1.95,,,,,,0.4,,,,,3.95,3.95,1.95,1.95,2.95,1.95,1.95,1.95,1.95,1.95,1.95,2.95,,,1.95,,,0.4,7.95,7.95,,3.95,1.95,,,,,,,0.4,1.95,,0.4,3.95,,,7.95,,0.4,0.4,0.4,0.45,0.4,0.45,0.45,0.95,1.95,1.95,1.95,0.45,0.45,,,,,,,,,,1.95,1.95,1.95,1.95,1.95,1.95,,,,1.95,1.95,0.95,,,3.95,3.95,,0.45,0.45,0.45,1.95,1.95,1.95,1.95,1.95,1.95,,,1.95,,,,,0.45,,,,1.95,,,,3.95,0.4,0.4,1.95,,,,0.95,1.95,,0.45,0.45,1.95
118,10203300,,3.95,,,,,0.95,0.45,,,,3.95,3.95,,3.95,7.95,7.95,,,,,,,,,3.95,,1.95,0.45,,,0.4,,1.95,1.95,,,,1.45,1.95,0.45,,,,1.95,0.95,,,,,,0.45,,0.4,0.45,,,,,1.95,0.95,,,,,0.45,0.95,0.4,,,,0.4,1.95,1.95,,1.95,,,,,,0.4,,,,,3.95,3.95,1.95,1.95,2.95,1.95,1.95,1.95,1.95,1.95,1.95,2.95,,,1.95,,,0.4,7.95,7.95,,3.95,1.95,,,,,,,0.4,1.95,,0.4,3.95,,,7.95,,0.4,0.4,0.4,0.45,0.4,0.45,0.45,0.95,1.95,1.95,1.95,0.45,0.45,,,,,,,,,,1.95,1.95,1.95,1.95,1.95,1.95,,,,1.95,1.95,0.95,,,3.95,3.95,,0.45,0.45,0.45,1.95,1.95,1.95,1.95,1.95,1.95,,,1.95,,,,,0.45,,,,1.95,,,,3.95,0.4,0.4,1.95,,,,0.95,1.95,,0.45,0.45,1.95
118,10203360,,3.95,,,,,0.95,0.45,,,,3.95,3.95,,3.95,7.95,7.95,,,,,,,,,3.95,,1.95,0.45,,,0.4,,1.95,1.95,,,,1.45,1.95,0.45,,,,1.95,0.95,,,,,,0.45,,0.4,0.45,,,,,1.95,0.95,,,,,0.45,0.95,0.4,,,,0.4,1.95,1.95,,1.95,,,,,,0.4,,,,,3.95,3.95,1.95,1.95,2.95,1.95,1.95,1.95,1.95,1.95,1.95,2.95,,,1.95,,,0.4,7.95,7.95,,3.95,1.95,,,,,,,0.4,1.95,,0.4,3.95,,,7.95,,0.4,0.4,0.4,0.45,0.4,0.45,0.45,0.95,1.95,1.95,1.95,0.45,0.45,,,,,,,,,,1.95,1.95,1.95,1.95,1.95,1.95,,,,1.95,1.95,0.95,,,3.95,3.95,,0.45,0.45,0.45,1.95,1.95,1.95,1.95,1.95,1.95,,,1.95,,,,,0.45,,,,1.95,,,,3.95,0.4,0.4,1.95,,,,0.95,1.95,,0.45,0.45,1.95
118,10203420,,3.95,,,,,0.95,0.45,,,,3.95,3.95,,3.95,7.95,7.95,,,,,,,,,3.95,,1.95,0.45,,,0.4,,1.95,1.95,,,,1.45,1.95,0.45,,,,1.95,0.95,,,,,,0.45,,0.4,0.45,,,,,1.95,0.95,,,,,0.45,0.95,0.4,,,,0.4,1.95,1.95,,1.95,,,,,,0.4,,,,,3.95,3.95,1.95,1.95,2.95,1.95,1.95,1.95,1.95,1.95,1.95,2.95,,,1.95,,,0.4,7.95,7.95,,3.95,1.95,,,,,,,0.4,1.95,,0.4,3.95,,,7.95,,0.4,0.4,0.4,0.45,0.4,0.45,0.45,0.95,1.95,1.95,1.95,0.45,0.45,,,,,,,,,,1.95,1.95,1.95,1.95,1.95,1.95,,,,1.95,1.95,0.95,,,3.95,3.95,,0.45,0.45,0.45,1.95,1.95,1.95,1.95,1.95,1.95,,,1.95,,,,,0.45,,,,1.95,,,,3.95,0.4,0.4,1.95,,,,0.95,1.95,,0.45,0.45,1.95
118,10203480,,3.95,,,,,0.95,0.45,,,,3.95,3.95,,3.95,7.95,7.95,,,,,,,,,3.95,,1.95,0.45,,,0.4,,1.95,1.95,,,,1.45,1.95,0.45,,,,1.95,0.95,,,,,,0.45,,0.4,0.45,,,,,1.95,0.95,,,,,0.45,0.95,0.4,,,,0.4,1.95,1.95,,1.95,,,,,,0.4,,,,,3.95,3.95,1.95,1.95,2.95,1.95,1.95,1.95,1.95,1.95,1.95,2.95,,,1.95,,,0.4,7.95,7.95,,3.95,1.95,,,,,,,0.4,1.95,,0.4,3.95,,,7.95,,0.4,0.4,0.4,0.45,0.4,0.45,0.45,0.95,1.95,1.95,1.95,0.45,0.45,,,,,,,,,,1.95,1.95,1.95,1.95,1.95,1.95,,,,1.95,1.95,0.95,,,3.95,3.95,,0.45,0.45,0.45,1.95,1.95,1.95,1.95,1.95,1.95,,,1.95,,,,,0.45,,,,1.95,,,,3.95,0.4,0.4,1.95,,,,0.95,1.95,,0.45,0.45,1.95
118,10203540,,3.95,,,,,0.95,0.45,,,,3.95,3.95,,3.95,7.95,7.95,,,,,,,,,3.95,,1.95,0.45,,,0.4,,1.95,1.95,,,,1.45,1.95,0.45,,,,1.95,0.95,,,,,,0.45,,0.4,0.45,,,,,1.95,0.95,,,,,0.45,0.95,0.4,,,,0.4,1.95,1.95,,1.95,,,,,,0.4,,,,,3.95,3.95,1.95,1.95,2.95,1.95,1.95,1.95,1.95,1.95,1.95,2.95,,,1.95,,,0.4,7.95,7.95,,3.95,1.95,,,,,,,0.4,1.95,,0.4,3.95,,,7.95,,0.4,0.4,0.4,0.45,0.4,0.45,0.45,0.95,1.95,1.95,1.95,0.45,0.45,,,,,,,,,,1.95,1.95,1.95,1.95,1.95,1.95,,,,1.95,1.95,0.95,,,3.95,3.95,,0.45,0.45,0.45,1.95,1.95,1.95,1.95,1.95,1.95,,,1.95,,,,,0.45,,,,1.95,,,,3.95,0.4,0.4,1.95,,,,0.95,1.95,,0.45,0.45,1.95
118,10203600,,3.95,,,,,0.95,0.45,,,,3.95,3.95,,3.95,7.95,7.95,,,,,,,,,3.95,,1.95,0.45,,,0.4,,1.95,1.95,,,,1.45,1.95,0.45,,,,1.95,0.95,,,,,,0.45,,0.4,0.45,,,,,1.95,0.95,,,,,0.45,0.95,0.4,,,,0.4,1.95,1.95,,1.95,,,,,,0.4,,,,,3.95,3.95,1.95,1.95,2.95,1.95,1.95,1.95,1.95,1.95,1.95,2.95,,,1.95,,,0.4,7.95,7.95,,3.95,1.95,,,,,,,0.4,1.95,,0.4,3.95,,,7.95,,0.4,0.4,0.4,0.45,0.4,0.45,0.45,0.95,1.95,1.95,1.95,0.45,0.45,,,,,,,,,,1.95,1.95,1.95,1.95,1.95,1.95,,,,1.95,1.95,0.95,,,3.95,3.95,,0.45,0.45,0.45,1.95,1.95,1.95,1.95,1.95,1.95,,,1.95,,,,,0.45,,,,1.95,,,,3.95,0.4,0.4,1.95,,,,0.95,1.95,,0.45,0.45,1.95
118,10203660,,3.95,,,,,0.95,0.45,,,,3.95,3.95,,3.95,7.95,7.95,,,,,,,,,3.95,,1.95,0.45,,,0.4,,1.95,1.95,,,,1.45,1.95,0.45,,,,1.95,0.95,,,,,,0.45,,0.4,0.45,,,,,1.95,0.95,,,,,0.45,0.95,0.4,,,,0.4,1.95,1.95,,1.95,,,,,,0.4,,,,,3.95,3.95,1.95,1.95,2.95,1.95,1.95,1.95,1.95,1.95,1.95,2.95,,,1.95,,,0.4,7.95,7.95,,3.95,1.95,,,,,,,0.4,1.95,,0.4,3.95,,,7.95,,0.4,0.4,0.4,0.45,0.4,0.45,0.45,0.95,1.95,1.95,1.95,0.45,0.45,,,,,,,,,,1.95,1.95,1.95,1.95,1.95,1.95,,,,1.95,1.95,0.95,,,3.95,3.95,,0.45,0.45,0.45,1.95,1.95,1.95,1.95,1.95,1.95,,,1.95,,,,,0.45,,,,1.95,,,,3.95,0.4,0.4,1.95,,,,0.95,1.95,,0.45,0.45,1.95
118,10203720,,3.95,,,,,0.95,0.45,,,,3.95,3.95,,3.95,7.95,7.95,,,,,,,,,3.95,,1.95,0.45,,,0.4,,1.95,1.95,,,,1.45,1.95,0.45,,,,1.95,0.95,,,,,,0.45,,0.4,0.45,,,,,1.95,0.95,,,,,0.45,0.95,0.4,,,,0.4,1.95,1.95,,1.95,,,,,,0.4,,,,,3.95,3.95,1.95,1.95,2.95,1.95,1.95,1.95,1.95,1.95,1.95,2.95,,,1.95,,,0.4,7.95,7.95,,3.95,1.95,,,,,,,0.4,1.95,,0.4,3.95,,,7.95,,0.4,0.4,0.4,0.45,0.4,0.45,0.45,0.95,1.95,1.95,1.95,0.45,0.45,,,,,,,,,,1.95,1.95,1.95,1.95,1.95,1.95,,,,1.95,1.95,0.95,,,3.95,3.95,,0.45,0.45,0.45,1.95,1.95,1.95,1.95,1.95,1.95,,,1.95,,,,,0.45,,,,1.95,,,,3.95,0.4,0.4,1.95,,,,0.95,1.95,,0.45,0.45,1.95
118,10203780,,3.95,,,,,0.95,0.45,,,,3.95,3.95,,3.95,7.95,7.95,,,,,,,,,3.95,,1.95,0.45,,,0.4,,1.95,1.95,,,,1.45,1.95,0.45,,,,1.95,0.95,,,,,,0.45,,0.4,0.45,,,,,1.95,0.95,,,,,0.45,0.95,0.4,,,,0.4,1.95,1.95,,1.95,,,,,,0.4,,,,,3.95,3.95,1.95,1.95,2.95,1.95,1.95,1.95,1.95,1.95,1.95,2.95,,,1.95,,,0.4,7.95,7.95,,3.95,1.95,,,,,,,0.4,1.95,,0.4,3.95,,,7.95,,0.4,0.4,0.4,0.45,0.4,0.45,0.45,0.95,1.95,1.95,1.95,0.45,0.45,,,,,,,,,,1.95,1.95,1.95,1.95,1.95,1.95,,,,1.95,1.95,0.95,,,3.95,3.95,,0.45,0.45,0.45,1.95,1.95,1.95,1.95,1.95,1.95,,,1.95,,,,,0.45,,,,1.95,,,,3.95,0.4,0.4,1.95,,,,0.95,1.95,,0.45,0.45,1.95
118,10203840,,3.95,,,,,0.95,0.45,,,,3.95,3.95,,3.95,7.95,7.95,,,,,,,,,3.95,,1.95,0.45,,,0.4,,1.95,1.95,,,,1.45,1.95,0.45,,,,1.95,0.95,,,,,,0.45,,0.4,0.45,,,,,1.95,0.95,,,,,0.45,0.95,0.4,,,,0.4,1.95,1.95,,1.95,,,,,,0.4,,,,,3.95,3.95,1.95,1.95,2.95,1.95,1.95,1.95,1.95,1.95,1.95,2.95,,,1.95,,,0.4,7.95,7.95,,3.95,1.95,,,,,,,0.4,1.95,,0.4,3.95,,,7.95,,0.4,,0.4,0.45,0.4,0.45,0.45,0.95,1.95,1.95,1.95,0.45,0.45,,,,,,,,,,1.95,1.95,1.95,1.95,1.95,1.95,,,,1.95,1.95,0.95,,,3.95,3.95,,0.45,0.45,0.45,1.95,1.95,1.95,1.95,1.95,1.95,,,1.95,,,,,0.45,,,,1.95,,,,3.95,0.4,0.4,1.95,,,,0.95,1.95,,0.45,0.45,1.95
118,10203900,,3.95,,,,,0.95,0.45,,,,3.95,3.95,,3.95,7.95,7.95,,,,,,,,,3.95,,1.95,0.45,,,0.4,,1.95,1.95,,,,1.45,1.95,0.45,,,,1.95,0.95,,,,,,0.45,,0.4,0.45,,,,,1.95,0.95,,,,,0.45,0.95,0.4,,,,0.4,1.95,1.95,,1.95,,,,,,0.4,,,,,3.95,3.95,1.95,1.95,2.95,1.95,1.95,1.95,1.95,1.95,1.95,2.95,,,1.95,,,0.4,7.95,7.95,,3.95,1.95,,,,,,,0.4,1.95,,0.4,3.95,,,7.95,,0.4,,0.4,0.45,0.4,0.45,0.45,0.95,1.95,1.95,1.95,0.45,0.45,,,,,,,,,,1.95,1.95,1.95,1.95,1.95,1.95,,,,1.95,1.95,0.95,,,3.95,3.95,,0.45,0.45,0.45,1.95,1.95,1.95,1.95,1.95,1.95,,,1.95,,,,,0.45,,,,1.95,,,,3.95,0.4,0.4,1.95,,,,0.95,1.95,,0.45,0.45,1.95
118,10203960,,3.95,,,,,0.95,0.45,,,,3.95,3.95,,3.95,7.95,7.95,,,,,,,,,3.95,,1.95,0.45,,,0.4,,1.95,1.95,,,,1.45,1.95,0.45,,,,1.95,0.95,,,,,,0.45,,0.4,0.45,,,,,1.95,0.95,,,,,0.45,0.95,0.4,,,,0.4,1.95,1.95,,1.95,,,,,,0.4,,,,,3.95,3.95,1.95,1.95,2.95,1.95,1.95,1.95,1.95,1.95,1.95,2.95,,,1.95,,,0.4,7.95,7.95,,3.95,1.95,,,,,,,0.4,1.95,,0.4,3.95,,,7.95,,0.4,,0.4,0.45,0.4,0.45,0.45,0.95,1.95,1.95,1.95,0.45,0.45,,,,,,,,,,1.95,1.95,1.95,1.95,1.95,1.95,,,,1.95,1.95,0.95,,,3.95,3.95,,0.45,0.45,0.45,1.95,1.95,1.95,1.95,1.95,1.95,,,1.95,,,,,0.45,,,,1.95,,,,3.95,0.4,0.4,1.95,,,,0.95,1.95,,0.45,0.45,1.95
118,10204020,,3.95,,,,,0.95,0.45,,,,3.95,3.95,,3.95,7.95,7.95,,,,,,,,,3.95,,1.95,0.45,,,0.4,,1.95,1.95,,,,1.45,1.95,0.45,,,,1.95,0.95,,,,,,0.45,,0.4,0.45,,,,,1.95,0.95,,,,,0.45,0.95,0.4,,,,0.4,1.95,1.95,,1.95,,,,,,0.4,,,,,3.95,3.95,1.95,1.95,2.95,1.95,1.95,1.95,1.95,1.95,1.95,2.95,,,1.95,,,0.4,7.95,7.95,,3.95,1.95,,,,,,,0.4,1.95,,0.4,3.95,,,7.95,,0.4,,0.4,0.45,0.4,0.45,0.45,0.95,1.95,1.95,1.95,0.45,0.45,,,,,,,,,,1.95,1.95,1.95,1.95,1.95,1.95,,,,1.95,1.95,0.95,,,3.95,3.95,,0.45,0.45,0.45,1.95,1.95,1.95,1.95,1.95,1.95,,,1.95,,,,,0.45,,,,1.95,,,,3.95,0.4,0.4,1.95,,,,0.95,1.95,,0.45,0.45,1.95
118,10204080,,3.95,,,,,0.95,0.45,,,,3.95,3.95,,3.95,7.95,7.95,,,,,,,,,3.95,,1.95,0.45,,,0.4,,1.95,1.95,,,,1.45,1.95,0.45,,,,1.95,0.95,,,,,,0.45,,0.4,0.45,,,,,1.95,0.95,,,,,0.45,0.95,0.4,,,,0.4,1.95,1.95,,1.95,,,,,,0.4,,,,,3.95,3.95,1.95,1.95,2.95,1.95,1.95,1.95,1.95,1.95,1.95,2.95,,,1.95,,,0.4,7.95,7.95,,3.95,1.95,,,,,,,0.4,1.95,,0.4,3.95,,,7.95,,0.4,,0.4,0.45,0.4,0.45,0.45,0.95,1.95,1.95,1.95,0.45,0.45,,,,,,,,,,1.95,1.95,1.95,1.95,1.95,1.95,,,,1.95,1.95,0.95,,,3.95,3.95,,0.45,0.45,0.45,1.95,1.95,1.95,1.95,1.95,1.95,,,1.95,,,,,0.45,,,,1.95,,,,3.95,0.4,0.4,1.95,,,,0.95,1.95,,0.45,0.45,1.95
118,10204140,,3.95,,,,,0.95,0.45,,,,3.95,3.95,,3.95,7.95,7.95,,,,,,,,,3.95,,1.95,0.45,,,0.4,,1.95,1.95,,,,1.45,1.95,0.45,,,,1.95,0.95,,,,,,0.45,,0.4,0.45,,,,,1.95,0.95,,,,,0.45,0.95,0.4,,,,0.4,1.95,1.95,,1.95,,,,,,0.4,,,,,3.95,3.95,1.95,1.95,2.95,1.95,1.95,1.95,1.95,1.95,1.95,2.95,,,1.95,,,0.4,7.95,7.95,,3.95,1.95,,,,,,,0.4,1.95,,0.4,3.95,,,7.95,,0.4,,0.4,0.45,0.4,0.45,0.45,0.95,1.95,1.95,1.95,0.45,0.45,,,,,,,,,,1.95,1.95,1.95,1.95,1.95,1.95,,,,1.95,1.95,0.95,,,3.95,3.95,,0.45,0.45,0.45,1.95,1.95,1.95,1.95,1.95,1.95,,,1.95,,,,,0.45,,,,1.95,,,,3.95,0.4,0.4,1.95,,,,0.95,1.95,,0.45,0.45,1.95
118,10204200,,3.95,,,,,0.95,0.45,,,,3.95,3.95,,3.95,7.95,7.95,,,,,,,,,3.95,,1.95,0.45,,,0.4,,1.95,1.95,,,,1.45,1.95,0.45,,,,1.95,0.95,,,,,,0.45,,0.4,0.45,,,,,1.95,0.95,,,,,0.45,0.95,0.4,,,,0.4,1.95,1.95,,1.95,,,,,,0.4,,,,,3.95,3.95,1.95,1.95,2.95,1.95,1.95,1.95,1.95,1.95,1.95,2.95,,,1.95,,,0.4,7.95,7.95,,3.95,1.95,,,,,,,0.4,1.95,,0.4,3.95,,,7.95,,0.4,,0.4,0.45,0.4,0.45,0.45,0.95,1.95,1.95,1.95,0.45,0.45,,,,,,,,,,1.95,1.95,1.95,1.95,1.95,1.95,,,,1.95,1.95,0.95,,,3.95,3.95,,0.45,0.45,0.45,1.95,1.95,1.95,1.95,1.95,1.95,,,1.95,,,,,0.45,,,,1.95,,,,3.95,0.4,0.4,1.95,,,,0.95,1.95,,0.45,0.45,1.95
118,10204260,,3.95,,,,,0.95,0.45,,,,3.95,3.95,,3.95,7.95,7.95,,,,,,,,,3.95,,1.95,0.45,,,0.4,,1.95,1.95,,,,1.45,1.95,0.45,,,,1.95,0.95,,,,,,0.45,,0.4,0.45,,,,,1.95,0.95,,,,,0.45,0.95,0.4,,,,0.4,1.95,1.95,,1.95,,,,,,0.4,,,,,3.95,3.95,1.95,1.95,2.95,1.95,1.95,1.95,1.95,1.95,1.95,2.95,,,1.95,,,0.4,7.95,7.95,,3.95,1.95,,,,,,,0.4,1.95,,0.4,3.95,,,7.95,,0.4,,0.4,0.45,0.4,0.45,0.45,0.95,1.95,1.95,1.95,0.45,0.45,,,,,,,,,,1.95,1.95,1.95,1.95,1.95,1.95,,,,1.95,1.95,0.95,,,3.95,3.95,,0.45,0.45,0.45,1.95,1.95,1.95,1.95,1.95,1.95,,,1.95,,,,,0.45,,,,1.95,,,,3.95,0.4,0.4,1.95,,,,0.95,1.95,,0.45,0.45,1.95
118,10204320,,3.95,,,,,0.95,0.45,,,,3.95,3.95,,3.95,7.95,7.95,,,,,,,,,3.95,,1.95,0.45,,,0.4,,1.95,1.95,,,,1.45,1.95,0.45,,,,1.95,0.95,,,,,,0.45,,0.4,0.45,,,,,1.95,0.95,,,,,0.45,0.95,0.4,,,,0.4,1.95,1.95,,1.95,,,,,,0.4,,,,,3.95,3.95,1.95,1.95,2.95,1.95,1.95,1.95,1.95,1.95,1.95,2.95,,,1.95,,,0.4,7.95,7.95,,3.95,1.95,,,,,,,0.4,1.95,,0.4,3.95,,,7.95,,0.4,,0.4,0.45,0.4,0.45,0.45,0.95,1.95,1.95,1.95,0.45,0.45,,,,,,,,,,1.95,1.95,1.95,1.95,1.95,1.95,,,,1.95,1.95,0.95,,,3.95,3.95,,0.45,0.45,0.45,1.95,1.95,1.95,1.95,1.95,1.95,,,1.95,,,,,0.45,,,,1.95,,,,3.95,0.4,0.4,1.95,,,,0.95,1.95,,0.45,0.45,1.95
118,10204380,,3.95,,,,,0.95,0.45,,,,3.95,3.95,,3.95,7.95,7.95,,,,,,,,,3.95,,1.95,0.45,,,0.4,,1.95,1.95,,,,1.45,1.95,0.45,,,,1.95,0.95,,,,,,0.45,,0.4,0.45,,,,,1.95,0.95,,,,,0.45,0.95,0.4,,,,0.4,1.95,1.95,,1.95,,,,,,0.4,,,,,3.95,3.95,1.95,1.95,2.95,1.95,1.95,1.95,1.95,1.95,1.95,2.95,,,1.95,,,0.4,7.95,7.95,,3.95,1.95,,,,,,,0.4,1.95,,0.4,3.95,,,7.95,,0.4,,0.4,0.45,0.4,0.45,0.45,0.95,1.95,1.95,1.95,0.45,0.45,,,,,,,,,,1.95,1.95,1.95,1.95,1.95,1.95,,,,1.95,1.95,0.95,,,3.95,3.95,,0.45,0.45,0.45,1.95,1.95,1.95,1.95,1.95,1.95,,,1.95,,,,,0.45,,,,1.95,,,,3.95,0.4,0.4,1.95,,,,0.95,1.95,,0.45,0.45,1.95
118,10204440,,3.95,,,,,0.95,0.45,,,,3.95,3.95,,3.95,7.95,7.95,,,,,,,,,3.95,,1.95,0.45,,,0.4,,1.95,1.95,,,,1.45,1.95,0.45,,,,1.95,0.95,,,,,,0.45,,0.4,0.45,,,,,1.95,0.95,,,,,0.45,0.95,0.4,,,,0.4,1.95,1.95,,1.95,,,,,,0.4,,,,,3.95,3.95,1.95,1.95,2.95,1.95,1.95,1.95,1.95,1.95,1.95,2.95,,,1.95,,,0.4,7.95,7.95,,3.95,1.95,,,,,,,0.4,1.95,,0.4,3.95,,,7.95,,0.4,,0.4,0.45,0.4,0.45,0.45,0.95,1.95,1.95,1.95,0.45,0.45,,,,,,,,,,1.95,1.95,1.95,1.95,1.95,1.95,,,,1.95,1.95,0.95,,,3.95,3.95,,0.45,0.45,0.45,1.95,1.95,1.95,1.95,1.95,1.95,,,1.95,,,,,0.45,,,,1.95,,,,3.95,0.4,0.4,1.95,,,,0.95,1.95,,0.45,0.45,1.95
118,10204500,,3.95,,,,,0.95,0.45,,,,3.95,3.95,,3.95,7.95,7.95,,,,,,,,,3.95,,1.95,0.45,,,0.4,,1.95,1.95,,,,1.45,1.95,0.45,,,,1.95,0.95,,,,,,0.45,,0.4,0.45,,,,,1.95,0.95,,,,,0.45,0.95,0.4,,,,0.4,1.95,1.95,,1.95,,,,,,0.4,,,,,3.95,3.95,1.95,1.95,2.95,1.95,1.95,1.95,1.95,1.95,1.95,2.95,,,1.95,,,0.4,7.95,7.95,,3.95,1.95,,,,,,,0.4,1.95,,0.4,3.95,,,7.95,,0.4,,0.4,0.45,0.4,0.45,0.45,0.95,1.95,1.95,1.95,0.45,0.45,,,,,,,,,,1.95,1.95,1.95,1.95,1.95,1.95,,,,1.95,1.95,0.95,,,3.95,3.95,,0.45,0.45,0.45,1.95,1.95,1.95,1.95,1.95,1.95,,,1.95,,,,,0.45,,,,1.95,,,,3.95,0.4,0.4,1.95,,,,0.95,1.95,,0.45,0.45,1.95
118,10204560,,3.95,,,,,0.95,0.45,,,,3.95,3.95,,3.95,7.95,7.95,,,,,,,,,3.95,,1.95,0.45,,,0.4,,1.95,1.95,,,,1.45,1.95,0.45,,,,1.95,0.95,,,,,,0.45,,0.4,0.45,,,,,1.95,0.95,,,,,0.45,0.95,0.4,,,,0.4,1.95,1.95,,1.95,,,,,,0.4,,,,,3.95,3.95,1.95,1.95,2.95,1.95,1.95,1.95,1.95,1.95,1.95,2.95,,,1.95,,,0.4,7.95,7.95,,3.95,1.95,,,,,,,0.4,1.95,,0.4,3.95,,,7.95,,0.4,,0.4,0.45,0.4,0.45,0.45,0.95,1.95,1.95,1.95,0.45,0.45,,,,,,,,,,1.95,1.95,1.95,1.95,1.95,1.95,,,,1.95,1.95,0.95,,,3.95,3.95,,0.45,0.45,0.45,1.95,1.95,1.95,1.95,1.95,1.95,,,1.95,,,,,0.45,,,,1.95,,,,3.95,0.4,0.4,1.95,,,,0.95,1.95,,0.45,0.45,1.95
118,10204620,,3.95,,,,,0.95,0.45,,,,3.95,3.95,,3.95,7.95,7.95,,,,,,,,,3.95,,1.95,0.45,,,0.4,,1.95,1.95,,,,1.45,1.95,0.45,,,,1.95,0.95,,,,,,0.45,,0.4,0.45,,,,,1.95,0.95,,,,,0.45,0.95,0.4,,,,0.4,1.95,1.95,,1.95,,,,,,0.4,,,,,3.95,3.95,1.95,1.95,2.95,1.95,1.95,1.95,1.95,1.95,1.95,2.95,,,1.95,,,0.4,7.95,7.95,,3.95,1.95,,,,,,,0.4,1.95,,0.4,3.95,,,7.95,,0.4,,0.4,0.45,0.4,0.45,0.45,0.95,1.95,1.95,1.95,0.45,0.45,,,,,,,,,,1.95,1.95,1.95,1.95,1.95,1.95,,,,1.95,1.95,0.95,,,3.95,3.95,,0.45,0.45,0.45,1.95,1.95,1.95,1.95,1.95,1.95,,,1.95,,,,,0.45,,,,1.95,,,,3.95,0.4,0.4,1.95,,,,0.95,1.95,,0.45,0.45,1.95
118,10204680,,3.95,,,,,0.95,0.45,,,,3.95,3.95,,3.95,7.95,7.95,,,,,,,,,3.95,,1.95,0.45,,,0.4,,1.95,1.95,,,,1.45,1.95,0.45,,,,1.95,0.95,,,,,,0.45,,0.4,0.45,,,,,1.95,0.95,,,,,0.45,0.95,0.4,,,,0.4,1.95,1.95,,1.95,,,,,,0.4,,,,,3.95,3.95,1.95,1.95,2.95,1.95,1.95,1.95,1.95,1.95,1.95,2.95,,,1.95,,,0.4,7.95,7.95,,3.95,1.95,,,,,,,0.4,1.95,,0.4,3.95,,,7.95,,0.4,,0.4,0.45,0.4,0.45,0.45,0.95,1.95,1.95,1.95,0.45,0.45,,,,,,,,,,1.95,1.95,1.95,1.95,1.95,1.95,,,,1.95,1.95,0.95,,,3.95,3.95,,0.45,0.45,0.45,1.95,1.95,1.95,1.95,1.95,1.95,,,1.95,,,,,0.45,,,,1.95,,,,3.95,0.4,0.4,1.95,,,,0.95,1.95,,0.45,0.45,1.95
118,10204740,,3.95,,,,,0.95,0.45,,,,3.95,3.95,,3.95,7.95,7.95,,,,,,,,,3.95,,1.95,0.45,,,0.4,,1.95,1.95,,,,1.45,1.95,0.45,,,,1.95,0.95,,,,,,0.45,,0.4,0.45,,,,,1.95,0.95,,,,,0.45,0.95,0.4,,,,0.4,1.95,1.95,,1.95,,,,,,0.4,,,,,3.95,3.95,1.95,1.95,2.95,1.95,1.95,1.95,1.95,1.95,1.95,2.95,,,1.95,,,0.4,7.95,7.95,,3.95,1.95,,,,,,,0.4,1.95,,0.4,3.95,,,7.95,,0.4,,0.4,0.45,0.4,0.45,0.45,0.95,1.95,1.95,1.95,0.45,0.45,,,,,,,,,,1.95,1.95,1.95,1.95,1.95,1.95,,,,1.95,1.95,0.95,,,3.95,3.95,,0.45,0.45,0.45,1.95,1.95,1.95,1.95,1.95,1.95,,,1.95,,,,,0.45,,,,1.95,,,,3.95,0.4,0.4,1.95,,,,0.95,1.95,,0.45,0.45,1.95
118,10204800,,3.95,,,,,0.95,0.45,,,,3.95,3.95,,3.95,7.95,7.95,,,,,,,,,3.95,,1.95,0.45,,,0.4,,1.95,1.95,,,,1.45,1.95,0.45,,,,1.95,0.95,,,,,,0.45,,0.4,0.45,,,,,1.95,0.95,,,,,0.45,0.95,0.4,,,,0.4,1.95,1.95,,1.95,,,,,,0.4,,,,,3.95,3.95,1.95,1.95,2.95,1.95,1.95,1.95,1.95,1.95,1.95,2.95,,,1.95,,,0.4,7.95,7.95,,3.95,1.95,,,,,,,0.4,1.95,,0.4,3.95,,,7.95,,0.4,,0.4,0.45,0.4,0.45,0.45,0.95,1.95,1.95,1.95,0.45,0.45,,,,,,,,,,1.95,1.95,1.95,1.95,1.95,1.95,,,,1.95,1.95,0.95,,,3.95,3.95,,0.45,0.45,0.45,1.95,1.95,1.95,1.95,1.95,1.95,,,1.95,,,,,0.45,,,,1.95,,,,3.95,0.4,0.4,1.95,,,,0.95,1.95,,0.45,0.45,1.95
118,10204860,,3.95,,,,,0.95,0.45,,,,3.95,3.95,,3.95,7.95,7.95,,,,,,,,,3.95,,1.95,0.45,,,0.4,,1.95,1.95,,,,1.45,1.95,0.45,,,,1.95,0.95,,,,,,0.45,,0.4,0.45,,,,,1.95,0.95,,,,,0.45,0.95,0.4,,,,0.4,1.95,1.95,,1.95,,,,,,0.4,,,,,3.95,3.95,1.95,1.95,2.95,1.95,1.95,1.95,1.95,1.95,1.95,2.95,,,1.95,,,0.4,7.95,7.95,,3.95,1.95,,,,,,,0.4,1.95,,0.4,3.95,,,7.95,,0.4,,0.4,0.45,0.4,0.45,0.45,0.95,1.95,1.95,1.95,0.45,0.45,,,,,,,,,,1.95,1.95,1.95,1.95,1.95,1.95,,,,1.95,1.95,0.95,,,3.95,3.95,,0.45,0.45,0.45,1.95,1.95,1.95,1.95,1.95,1.95,,,1.95,,,,,0.45,,,,1.95,,,,3.95,0.4,0.4,1.95,,,,0.95,1.95,,0.45,0.45,1.95
118,10204920,,3.95,,,,,0.95,0.45,,,,3.95,3.95,,3.95,7.95,7.95,,,,,,,,,3.95,,1.95,0.45,,,0.4,,1.95,1.95,,,,1.45,1.95,0.45,,,,1.95,0.95,,,,,,0.45,,0.4,0.45,,,,,1.95,0.95,,,,,0.45,0.95,0.4,,,,0.4,1.95,1.95,,1.95,,,,,,0.4,,,,,3.95,3.95,1.95,1.95,2.95,1.95,1.95,1.95,1.95,1.95,1.95,2.95,,,1.95,,,0.4,7.95,7.95,,3.95,1.95,,,,,,,0.4,1.95,,0.4,3.95,,,7.95,,0.4,,0.4,0.45,0.4,0.45,0.45,0.95,1.95,1.95,1.95,0.45,0.45,,,,,,,,,,1.95,1.95,1.95,1.95,1.95,1.95,,,,1.95,1.95,0.95,,,3.95,3.95,,0.45,0.45,0.45,1.95,1.95,1.95,1.95,1.95,1.95,,,1.95,,,,,0.45,,,,1.95,,,,3.95,0.4,0.4,1.95,,,,0.95,1.95,,0.45,0.45,1.95
118,10204980,,3.95,,,,,0.95,0.45,,,,3.95,3.95,,3.95,7.95,7.95,,,,,,,,,3.95,,1.95,0.45,,,0.4,,1.95,1.95,,,,1.45,1.95,0.45,,,,1.95,0.95,,,,,,0.45,,0.4,0.45,,,,,1.95,0.95,,,,,0.45,0.95,0.4,,,,0.4,1.95,1.95,,1.95,,,,,,0.4,,,,,3.95,3.95,1.95,1.95,2.95,1.95,1.95,1.95,1.95,1.95,1.95,2.95,,,1.95,,,0.4,7.95,7.95,,3.95,1.95,,,,,,,0.4,1.95,,0.4,3.95,,,7.95,,0.4,,0.4,0.45,0.4,0.45,0.45,0.95,1.95,1.95,1.95,0.45,0.45,,,,,,,,,,1.95,1.95,1.95,1.95,1.95,1.95,,,,1.95,1.95,0.95,,,3.95,3.95,,0.45,0.45,0.45,1.95,1.95,1.95,1.95,1.95,1.95,,,1.95,,,,,0.45,,,,1.95,,,,3.95,0.4,0.4,1.95,,,,0.95,1.95,,0.45,0.45,1.95
118,10205040,,3.95,,,,,0.95,0.45,,,,3.95,3.95,,3.95,7.95,7.95,,,,,,,,,3.95,,1.95,0.45,,,0.4,,1.95,1.95,,,,1.45,1.95,0.45,,,,1.95,0.95,,,,,,0.45,,0.4,0.45,,,,,1.95,0.95,,,,,0.45,0.95,0.4,,,,0.4,1.95,1.95,,1.95,,,,,,0.4,,,,,3.95,3.95,1.95,1.95,2.95,1.95,1.95,1.95,1.95,1.95,1.95,2.95,,,1.95,,,0.4,7.95,7.95,,3.95,1.95,,,,,,,0.4,1.95,,0.4,3.95,,,7.95,,0.4,,0.4,0.45,0.4,0.45,0.45,0.95,1.95,1.95,1.95,0.45,0.45,,,,,,,,,,1.95,1.95,1.95,1.95,1.95,1.95,,,,1.95,1.95,0.95,,,3.95,3.95,,0.45,0.45,0.45,1.95,1.95,1.95,1.95,1.95,1.95,,,1.95,,,,,0.45,,,,1.95,,,,3.95,0.4,0.4,1.95,,,,0.95,1.95,,0.45,0.45,1.95
118,10205100,,3.95,,,,,0.95,0.45,,,,3.95,3.95,,3.95,7.95,7.95,,,,,,,,,3.95,,1.95,0.45,,,0.4,,1.95,1.95,,,,1.45,1.95,0.45,,,,1.95,0.95,,,,,,0.45,,0.4,0.45,,,,,1.95,0.95,,,,,0.45,0.95,0.4,,,,0.4,1.95,1.95,,1.95,,,,,,0.4,,,,,3.95,3.95,1.95,1.95,2.95,1.95,1.95,1.95,1.95,1.95,1.95,2.95,,,1.95,,,0.4,7.95,7.95,,3.95,1.95,,,,,,,0.4,1.95,,0.4,3.95,,,7.95,,0.4,,0.4,0.45,0.4,0.45,0.45,0.95,1.95,1.95,1.95,0.45,0.45,,,,,,,,,,1.95,1.95,1.95,1.95,1.95,1.95,,,,1.95,1.95,0.95,,,3.95,3.95,,0.45,0.45,0.45,1.95,1.95,1.95,1.95,1.95,1.95,,,1.95,,,,,0.45,,,,1.95,,,,3.95,0.4,0.4,1.95,,,,0.95,1.95,,0.45,0.45,1.95
118,10205160,,3.95,,,,,0.95,0.45,,,,3.95,3.95,,3.95,7.95,7.95,,,,,,,,,3.95,,1.95,0.45,,,0.4,,1.95,1.95,,,,1.45,1.95,0.45,,,,1.95,0.95,,,,,,0.45,,0.4,0.45,,,,,1.95,0.95,,,,,0.45,0.95,0.4,,,,0.4,1.95,1.95,,1.95,,,,,,0.4,,,,,3.95,3.95,1.95,1.95,2.95,1.95,1.95,1.95,1.95,1.95,1.95,2.95,,,1.95,,,0.4,7.95,7.95,,3.95,1.95,,,,,,,0.4,1.95,,0.4,3.95,,,7.95,,0.4,,0.4,0.45,0.4,0.45,0.45,0.95,1.95,1.95,1.95,0.45,0.45,,,,,,,,,,1.95,1.95,1.95,1.95,1.95,1.95,,,,1.95,1.95,0.95,,,3.95,3.95,,0.45,0.45,0.45,1.95,1.95,1.95,1.95,1.95,1.95,,,1.95,,,,,0.45,,,,1.95,,,,3.95,0.4,0.4,1.95,,,,0.95,1.95,,0.45,0.45,1.95
118,10205220,,3.95,,,,,0.95,0.45,,,,3.95,3.95,,3.95,7.95,7.95,,,,,,,,,3.95,,1.95,0.45,,,0.4,,1.95,1.95,,,,1.45,1.95,0.45,,,,1.95,0.95,,,,,,0.45,,0.4,0.45,,,,,1.95,0.95,,,,,0.45,0.95,0.4,,,,0.4,1.95,1.95,,1.95,,,,,,0.4,,,,,3.95,3.95,1.95,1.95,2.95,1.95,1.95,1.95,1.95,1.95,1.95,2.95,,,1.95,,,0.4,7.95,7.95,,3.95,1.95,,,,,,,0.4,1.95,,0.4,3.95,,,7.95,,0.4,,0.4,0.45,0.4,0.45,0.45,0.95,1.95,1.95,1.95,0.45,0.45,,,,,,,,,,1.95,1.95,1.95,1.95,1.95,1.95,,,,1.95,1.95,0.95,,,3.95,3.95,,0.45,0.45,0.45,1.95,1.95,1.95,1.95,1.95,1.95,,,1.95,,,,,0.45,,,,1.95,,,,3.95,0.4,0.4,1.95,,,,0.95,1.95,,0.45,0.45,1.95
118,10205280,,3.95,,,,,0.95,0.45,,,,3.95,3.95,,3.95,7.95,7.95,,,,,,,,,3.95,,1.95,0.45,,,0.4,,1.95,1.95,,,,1.45,1.95,0.45,,,,1.95,0.95,,,,,,0.45,,0.4,0.45,,,,,1.95,0.95,,,,,0.45,0.95,0.4,,,,0.4,1.95,1.95,,1.95,,,,,,0.4,,,,,3.95,3.95,1.95,1.95,2.95,1.95,1.95,1.95,1.95,1.95,1.95,2.95,,,1.95,,,0.4,7.95,7.95,,3.95,1.95,,,,,,,0.4,1.95,,0.4,3.95,,,7.95,,0.4,,0.4,0.45,0.4,0.45,0.45,0.95,1.95,1.95,1.95,0.45,0.45,,,,,,,,,,1.95,1.95,1.95,1.95,1.95,1.95,,,,1.95,1.95,0.95,,,3.95,3.95,,0.45,0.45,0.45,1.95,1.95,1.95,1.95,1.95,1.95,,,1.95,,,,,0.45,,,,1.95,,,,3.95,0.4,0.4,1.95,,,,0.95,1.95,,0.45,0.45,1.95
118,10205340,,3.95,,,,,0.95,0.45,,,,3.95,3.95,,3.95,7.95,7.95,,,,,,,,,3.95,,1.95,0.45,,,0.4,,1.95,1.95,,,,1.45,1.95,0.45,,,,1.95,0.95,,,,,,0.45,,0.4,0.45,,,,,1.95,0.95,,,,,0.45,0.95,0.4,,,,0.4,1.95,1.95,,1.95,,,,,,0.4,,,,,3.95,3.95,1.95,1.95,2.95,1.95,1.95,1.95,1.95,1.95,1.95,2.95,,,1.95,,,0.4,7.95,7.95,,3.95,1.95,,,,,,,0.4,1.95,,0.4,3.95,,,7.95,,0.4,,0.4,0.45,0.4,0.45,0.45,0.95,1.95,1.95,1.95,0.45,0.45,,,,,,,,,,1.95,1.95,1.95,1.95,1.95,1.95,,,,1.95,1.95,0.95,,,3.95,3.95,,0.45,0.45,0.45,1.95,1.95,1.95,1.95,1.95,1.95,,,1.95,,,,,0.45,,,,1.95,,,,3.95,0.4,0.4,1.95,,,,0.95,1.95,,0.45,0.45,1.95
118,10205400,,3.95,,,,,0.95,0.45,,,,3.95,3.95,,3.95,7.95,7.95,,,,,,,,,3.95,,1.95,0.45,,,0.4,,1.95,1.95,,,,1.45,1.95,0.45,,,,1.95,0.95,,,,,,0.45,,0.4,0.45,,,,,1.95,0.95,,,,,0.45,0.95,0.4,,,,0.4,1.95,1.95,,1.95,,,,,,0.4,,,,,3.95,3.95,1.95,1.95,2.95,1.95,1.95,1.95,1.95,1.95,1.95,2.95,,,1.95,,,0.4,7.95,7.95,,3.95,1.95,,,,,,,0.4,1.95,,0.4,3.95,,,7.95,,0.4,,0.4,0.45,0.4,0.45,0.45,0.95,1.95,1.95,1.95,0.45,0.45,,,,,,,,,,1.95,1.95,1.95,1.95,1.95,1.95,,,,1.95,1.95,0.95,,,3.95,3.95,,0.45,0.45,0.45,1.95,1.95,1.95,1.95,1.95,1.95,,,1.95,,,,,0.45,,,,1.95,,,,3.95,0.4,0.4,1.95,,,,0.95,1.95,,0.45,0.45,1.95
118,10205460,,3.95,,,,,0.95,0.45,,,,3.95,3.95,,3.95,7.95,7.95,,,,,,,,,3.95,,1.95,0.45,,,0.4,,1.95,1.95,,,,1.45,1.95,0.45,,,,1.95,0.95,,,,,,0.45,,0.4,0.45,,,,,1.95,0.95,,,,,0.45,0.95,0.4,,,,0.4,1.95,1.95,,1.95,,,,,,0.4,,,,,3.95,3.95,1.95,1.95,2.95,1.95,1.95,1.95,1.95,1.95,1.95,2.95,,,1.95,,,0.4,7.95,7.95,,3.95,1.95,,,,,,,0.4,1.95,,0.4,3.95,,,7.95,,0.4,,0.4,0.45,0.4,0.45,0.45,0.95,1.95,1.95,1.95,0.45,0.45,,,,,,,,,,1.95,1.95,1.95,1.95,1.95,1.95,,,,1.95,1.95,0.95,,,3.95,3.95,,0.45,0.45,0.45,1.95,1.95,1.95,1.95,1.95,1.95,,,1.95,,,,,0.45,,,,1.95,,,,3.95,0.4,0.4,1.95,,,,0.95,1.95,,0.45,0.45,1.95
118,10205520,,3.95,,,,,0.95,0.45,,,,3.95,3.95,,3.95,7.95,7.95,,,,,,,,,3.95,,1.95,0.45,,,0.4,,1.95,1.95,,,,1.45,1.95,0.45,,,,1.95,0.95,,,,,,0.45,,0.4,0.45,,,,,1.95,0.95,,,,,0.45,0.95,0.4,,,,0.4,1.95,1.95,,1.95,,,,,,0.4,,,,,3.95,3.95,1.95,1.95,2.95,1.95,1.95,1.95,1.95,1.95,1.95,2.95,,,1.95,,,0.4,7.95,7.95,,3.95,1.95,,,,,,,0.4,1.95,,0.4,3.95,,,7.95,,0.4,,0.4,0.45,0.4,0.45,0.45,0.95,1.95,1.95,1.95,0.45,0.45,,,,,,,,,,1.95,1.95,1.95,1.95,1.95,1.95,,,,1.95,1.95,0.95,,,3.95,3.95,,0.45,0.45,0.45,1.95,1.95,1.95,1.95,1.95,1.95,,,1.95,,,,,0.45,,,,1.95,,,,3.95,0.4,0.4,1.95,,,,0.95,1.95,,0.45,0.45,1.95
118,10205580,,3.95,,,,,0.95,0.45,,,,3.95,3.95,,3.95,7.95,7.95,,,,,,,,,3.95,,1.95,0.45,,,0.4,,1.95,1.95,,,,1.45,1.95,0.45,,,,1.95,0.95,,,,,,0.45,,0.4,0.45,,,,,1.95,0.95,,,,,0.45,0.95,0.4,,,,0.4,1.95,1.95,,1.95,,,,,,0.4,,,,,3.95,3.95,1.95,1.95,2.95,1.95,1.95,1.95,1.95,1.95,1.95,2.95,,,1.95,,,0.4,7.95,7.95,,3.95,1.95,,,,,,,0.4,1.95,,0.4,3.95,,,7.95,,0.4,,0.4,0.45,0.4,0.45,0.45,0.95,1.95,1.95,1.95,0.45,0.45,,,,,,,,,,1.95,1.95,1.95,1.95,1.95,1.95,,,,1.95,1.95,0.95,,,3.95,3.95,,0.45,0.45,0.45,1.95,1.95,1.95,1.95,1.95,1.95,,,1.95,,,,,0.45,,,,1.95,,,,3.95,0.4,0.4,1.95,,,,0.95,1.95,,0.45,0.45,1.95
118,10205640,,3.95,,,,,0.95,0.45,,,,3.95,3.95,,3.95,7.95,7.95,,,,,,,,,3.95,,1.95,0.45,,,0.4,,1.95,1.95,,,,1.45,1.95,0.45,,,,1.95,0.95,,,,,,0.45,,0.4,0.45,,,,,1.95,0.95,,,,,0.45,0.95,0.4,,,,0.4,1.95,1.95,,1.95,,,,,,0.4,,,,,3.95,3.95,1.95,1.95,2.95,1.95,1.95,1.95,1.95,1.95,1.95,2.95,,,1.95,,,0.4,7.95,7.95,,3.95,1.95,,,,,,,0.4,1.95,,0.4,3.95,,,7.95,,0.4,,0.4,0.45,0.4,0.45,0.45,0.95,1.95,1.95,1.95,0.45,0.45,,,,,,,,,,1.95,1.95,1.95,1.95,1.95,1.95,,,,1.95,1.95,0.95,,,3.95,3.95,,0.45,0.45,0.45,1.95,1.95,1.95,1.95,1.95,1.95,,,1.95,,,,,0.45,,,,1.95,,,,3.95,0.4,0.4,1.95,,,,0.95,1.95,,0.45,0.45,1.95
118,10205700,,3.95,,,,,0.95,0.45,,,,3.95,3.95,,3.95,7.95,7.95,,,,,,,,,3.95,,1.95,0.45,,,0.4,,1.95,1.95,,,,1.45,1.95,0.45,,,,1.95,0.95,,,,,,0.45,,0.4,0.45,,,,,1.95,0.95,,,,,0.45,0.95,0.4,,,,0.4,1.95,1.95,,1.95,,,,,,0.4,,,,,3.95,3.95,1.95,1.95,2.95,1.95,1.95,1.95,1.95,1.95,1.95,2.95,,,1.95,,,0.4,7.95,7.95,,3.95,1.95,,,,,,,0.4,1.95,,0.4,3.95,,,7.95,,0.4,,0.4,0.45,0.4,0.45,0.45,0.95,1.95,1.95,1.95,0.45,0.45,,,,,,,,,,1.95,1.95,1.95,1.95,1.95,1.95,,,,1.95,1.95,0.95,,,3.95,3.95,,0.45,0.45,0.45,1.95,1.95,1.95,1.95,1.95,1.95,,,1.95,,,,,0.45,,,,1.95,,,,3.95,0.4,0.4,1.95,,,,0.95,1.95,,0.45,0.45,1.95
118,10205760,,3.95,,,,,0.95,0.45,,,,3.95,3.95,,3.95,7.95,7.95,,,,,,,,,3.95,,1.95,0.45,,,0.4,,1.95,1.95,,,,1.45,1.95,0.45,,,,1.95,0.95,,,,,,0.45,,0.4,0.45,,,,,1.95,0.95,,,,,0.45,0.95,0.4,,,,0.4,1.95,1.95,,1.95,,,,,,0.4,,,,,3.95,3.95,1.95,1.95,2.95,1.95,1.95,1.95,1.95,1.95,1.95,2.95,,,1.95,,,0.4,7.95,7.95,,3.95,1.95,,,,,,,0.4,1.95,,0.4,3.95,,,7.95,,0.4,,0.4,0.45,0.4,0.45,0.45,0.95,1.95,1.95,1.95,0.45,0.45,,,,,,,,,,1.95,1.95,1.95,1.95,1.95,1.95,,,,1.95,1.95,0.95,,,3.95,3.95,,0.45,0.45,0.45,1.95,1.95,1.95,1.95,1.95,1.95,,,1.95,,,,,0.45,,,,1.95,,,,3.95,0.4,0.4,1.95,,,,0.95,1.95,,0.45,0.45,1.95
118,10205820,,3.95,,,,,0.95,0.45,,,,3.95,3.95,,3.95,7.95,7.95,,,,,,,,,3.95,,1.95,0.45,,,0.4,,1.95,1.95,,,,1.45,1.95,0.45,,,,1.95,0.95,,,,,,0.45,,0.4,0.45,,,,,1.95,0.95,,,,,0.45,0.95,0.4,,,,0.4,1.95,1.95,,1.95,,,,,,0.4,,,,,3.95,3.95,1.95,1.95,2.95,1.95,1.95,1.95,1.95,1.95,1.95,2.95,,,1.95,,,0.4,7.95,7.95,,3.95,1.95,,,,,,,0.4,1.95,,0.4,3.95,,,7.95,,0.4,,0.4,0.45,0.4,0.45,0.45,0.95,1.95,1.95,1.95,0.45,0.45,,,,,,,,,,1.95,1.95,1.95,1.95,1.95,1.95,,,,1.95,1.95,0.95,,,3.95,3.95,,0.45,0.45,0.45,1.95,1.95,1.95,1.95,1.95,1.95,,,1.95,,,,,0.45,,,,1.95,,,,3.95,0.4,0.4,1.95,,,,0.95,1.95,,0.45,0.45,1.95
118,10205880,,3.95,,,,,0.95,0.45,,,,3.95,3.95,,3.95,7.95,7.95,,,,,,,,,3.95,,1.95,0.45,,,0.4,,1.95,1.95,,,,1.45,1.95,0.45,,,,1.95,0.95,,,,,,0.45,,0.4,0.45,,,,,1.95,0.95,,,,,0.45,0.95,0.4,,,,0.4,1.95,1.95,,1.95,,,,,,0.4,,,,,3.95,3.95,1.95,1.95,2.95,1.95,1.95,1.95,1.95,1.95,1.95,2.95,,,1.95,,,0.4,7.95,7.95,,3.95,1.95,,,,,,,0.4,1.95,,0.4,3.95,,,7.95,,0.4,,0.4,0.45,0.4,0.45,0.45,0.95,1.95,1.95,1.95,0.45,0.45,,,,,,,,,,1.95,1.95,1.95,1.95,1.95,1.95,,,,1.95,1.95,0.95,,,3.95,3.95,,0.45,0.45,0.45,1.95,1.95,1.95,1.95,1.95,1.95,,,1.95,,,,,0.45,,,,1.95,,,,3.95,0.4,0.4,1.95,,,,0.95,1.95,,0.45,0.45,1.95
118,10205940,,3.95,,,,,0.95,0.45,,,,3.95,3.95,,3.95,7.95,7.95,,,,,,,,,3.95,,1.95,0.45,,,0.4,,1.95,1.95,,,,1.45,1.95,0.45,,,,1.95,0.95,,,,,,0.45,,0.4,0.45,,,,,1.95,0.95,,,,,0.45,0.95,0.4,,,,0.4,1.95,1.95,,1.95,,,,,,0.4,,,,,3.95,3.95,1.95,1.95,2.95,1.95,1.95,1.95,1.95,1.95,1.95,2.95,,,1.95,,,0.4,7.95,7.95,,3.95,1.95,,,,,,,0.4,1.95,,0.4,3.95,,,7.95,,0.4,,0.4,0.45,0.4,0.45,0.45,0.95,1.95,1.95,1.95,0.45,0.45,,,,,,,,,,1.95,1.95,1.95,1.95,1.95,1.95,,,,1.95,1.95,0.95,,,3.95,3.95,,0.45,0.45,0.45,1.95,1.95,1.95,1.95,1.95,1.95,,,1.95,,,,,0.45,,,,1.95,,,,3.95,0.4,0.4,1.95,,,,0.95,1.95,,0.45,0.45,1.95
118,10206000,,3.95,,,,,0.95,0.45,,,,3.95,3.95,,3.95,7.95,7.95,,,,,,,,,3.95,,1.95,0.45,,,0.4,,1.95,1.95,,,,1.617,1.95,0.45,,,,1.95,0.95,,,,,,0.45,,0.4,0.45,,,,,1.95,0.95,,,,,0.45,0.95,0.4,,,,0.4,1.95,1.95,,1.95,,,,,,0.4,,,,,3.95,3.95,1.95,1.95,2.95,1.95,1.95,1.95,1.95,1.95,1.95,2.95,,,1.95,,,0.4,7.95,7.95,,3.95,1.95,,,,,,,0.4,1.95,,0.4,3.95,,,7.95,,0.4,,0.4,0.45,0.4,0.45,0.45,0.95,1.95,1.95,1.95,0.45,0.45,,,,,,,,,,1.95,1.95,1.95,1.95,1.95,1.95,,,,1.95,1.95,0.95,,,3.95,3.95,,0.45,0.45,0.45,1.95,1.95,1.95,1.95,1.95,1.95,,,1.95,,,,,0.45,,,,1.95,,,,3.95,0.4,0.4,1.95,,,,0.95,1.95,,0.45,0.45,1.95
118,10206060,,3.95,,,,,0.95,0.45,,,,3.95,3.95,,3.95,7.95,7.95,,,,,,,,,3.95,,1.95,0.45,,,0.4,,1.95,1.95,,,,1.45,1.95,0.45,,,,1.95,0.95,,,,,,0.45,,0.4,0.45,,,,,1.95,0.95,,,,,0.45,0.95,0.4,,,,0.4,1.95,1.95,,1.95,,,,,,0.4,,,,,3.95,3.95,1.95,1.95,2.95,1.95,1.95,1.95,1.95,1.95,1.95,2.95,,,1.95,,,0.4,7.95,7.95,,3.95,1.95,,,,,,,0.4,1.95,,0.4,3.95,,,7.95,,0.4,,0.4,0.45,0.4,0.45,0.45,0.95,1.95,1.95,1.95,0.45,0.45,,,,,,,,,,1.95,1.95,1.95,1.95,1.95,1.95,,,,1.95,1.95,0.95,,,3.95,3.95,,0.45,0.45,0.45,1.95,1.95,1.95,1.95,1.95,1.95,,,1.95,,,,,0.45,,,,1.95,,,,3.95,0.4,0.4,1.95,,,,0.95,1.95,,0.45,0.45,1.95
118,10206120,,3.95,,,,,0.95,0.45,,,,3.95,3.95,,3.95,7.95,7.95,,,,,,,,,3.95,,1.95,0.45,,,0.4,,1.95,1.95,,,,1.45,1.95,0.45,,,,1.95,0.95,,,,,,0.45,,0.4,0.45,,,,,1.95,0.95,,,,,0.45,0.95,0.4,,,,0.4,1.95,1.95,,1.95,,,,,,0.4,,,,,3.95,3.95,1.95,1.95,2.95,1.95,1.95,1.95,1.95,1.95,1.95,2.95,,,1.95,,,0.4,7.95,7.95,,3.95,1.95,,,,,,,0.4,1.95,,0.4,3.95,,,7.95,,0.4,,0.4,0.45,0.4,0.45,0.45,0.95,1.95,1.95,1.95,0.45,0.45,,,,,,,,,,1.95,1.95,1.95,1.95,1.95,1.95,,,,1.95,1.95,0.95,,,3.95,3.95,,0.45,0.45,0.45,1.95,1.95,1.95,1.95,1.95,1.95,,,1.95,,,,,0.45,,,,1.95,,,,3.95,0.4,0.4,1.95,,,,0.95,1.95,,0.45,0.45,1.95
118,10206180,,3.95,,,,,0.95,0.45,,,,3.95,3.95,,3.95,7.95,7.95,,,,,,,,,3.95,,1.95,0.45,,,0.4,,1.95,1.95,,,,1.45,1.95,0.45,,,,1.95,0.95,,,,,,0.45,,0.4,0.45,,,,,1.95,0.95,,,,,0.45,0.95,0.4,,,,0.4,1.95,1.95,,1.95,,,,,,0.4,,,,,3.95,3.95,1.95,1.95,2.95,1.95,1.95,1.95,1.95,1.95,1.95,2.95,,,1.95,,,0.4,7.95,7.95,,3.95,1.95,,,,,,,0.4,1.95,,0.4,3.95,,,7.95,,0.4,,0.4,0.45,0.4,0.45,0.45,0.95,1.95,1.95,1.95,0.45,0.45,,,,,,,,,,1.95,1.95,1.95,1.95,1.95,1.95,,,,1.95,1.95,0.95,,,3.95,3.95,,0.45,0.45,0.45,1.95,1.95,1.95,1.95,1.95,1.95,,,1.95,,,,,0.45,,,,1.95,,,,3.95,0.4,0.4,1.95,,,,0.95,1.95,,0.45,0.45,1.95
118,10206240,,3.95,,,,,0.95,0.45,,,,3.95,3.95,,3.95,7.95,7.95,,,,,,,,,3.95,,1.95,0.45,,,0.4,,1.95,1.95,,,,1.45,1.95,0.45,,,,1.95,0.95,,,,,,0.45,,0.4,0.45,,,,,1.95,0.95,,,,,0.45,0.95,0.4,,,,0.4,1.95,1.95,,1.95,,,,,,0.4,,,,,3.95,3.95,1.95,1.95,2.95,1.95,1.95,1.95,1.95,1.95,1.95,2.95,,,1.95,,,0.4,7.95,7.95,,3.95,1.95,,,,,,,0.4,1.95,,0.4,3.95,,,7.95,,0.4,,0.4,0.45,0.4,0.45,0.45,0.95,1.95,1.95,1.95,0.45,0.45,,,,,,,,,,1.95,1.95,1.95,1.95,1.95,1.95,,,,1.95,1.95,0.95,,,3.95,3.95,,0.45,0.45,0.45,1.95,1.95,1.95,1.95,1.95,1.95,,,1.95,,,,,0.45,,,,1.95,,,,3.95,0.4,0.4,1.95,,,,0.95,1.95,,0.45,0.45,1.95
118,10206300,,3.95,,,,,0.95,0.45,,,,3.95,3.95,,3.95,7.95,7.95,,,,,,,,,3.95,,1.95,0.45,,,0.4,,1.95,1.95,,,,1.45,1.95,0.45,,,,1.95,0.95,,,,,,0.45,,0.4,0.45,,,,,1.95,0.95,,,,,0.45,0.95,0.4,,,,0.4,1.95,1.95,,1.95,,,,,,0.4,,,,,3.95,3.95,1.95,1.95,2.95,1.95,1.95,1.95,1.95,1.95,1.95,2.95,,,1.95,,,0.4,7.95,7.95,,3.95,1.95,,,,,,,0.4,1.95,,0.4,3.95,,,7.95,,0.4,,0.4,0.45,0.4,0.45,0.45,0.95,1.95,1.95,1.95,0.45,0.45,,,,,,,,,,1.95,1.95,1.95,1.95,1.95,1.95,,,,1.95,1.95,0.95,,,3.95,3.95,,0.45,0.45,0.45,1.95,1.95,1.95,1.95,1.95,1.95,,,1.95,,,,,0.45,,,,1.95,,,,3.95,0.4,0.4,1.95,,,,0.95,1.95,,0.45,0.45,1.95
118,10206360,,3.95,,,,,0.95,0.45,,,,3.95,3.95,,3.95,7.95,7.95,,,,,,,,,3.95,,1.95,0.45,,,0.4,,1.95,1.95,,,,1.45,1.95,0.45,,,,1.95,0.95,,,,,,0.45,,0.4,0.45,,,,,1.95,0.95,,,,,0.45,0.95,0.4,,,,0.4,1.95,1.95,,1.95,,,,,,0.4,,,,,3.95,3.95,1.95,1.95,2.95,1.95,1.95,1.95,1.95,1.95,1.95,2.95,,,1.95,,,0.4,7.95,7.95,,3.95,1.95,,,,,,,0.4,1.95,,0.4,3.95,,,7.95,,0.4,,0.4,0.45,0.4,0.45,0.45,0.95,1.95,1.95,1.95,0.45,0.45,,,,,,,,,,1.95,1.95,1.95,1.95,1.95,1.95,,,,1.95,1.95,0.95,,,3.95,3.95,,0.45,0.45,0.45,1.95,1.95,1.95,1.95,1.95,1.95,,,1.95,,,,,0.45,,,,1.95,,,,3.95,0.4,0.4,1.95,,,,0.95,1.95,,0.45,0.45,1.95
118,10206420,,3.95,,,,,0.95,0.45,,,,3.95,3.95,,3.95,7.95,7.95,,,,,,,,,3.95,,1.95,0.45,,,0.4,,1.95,1.95,,,,1.45,1.95,0.45,,,,1.95,0.95,,,,,,0.45,,0.4,0.45,,,,,1.95,0.95,,,,,0.45,0.95,0.4,,,,0.4,1.95,1.95,,1.95,,,,,,0.4,,,,,3.95,3.95,1.95,1.95,2.95,1.95,1.95,1.95,1.95,1.95,1.95,2.95,,,1.95,,,0.4,7.95,7.95,,3.95,1.95,,,,,,,0.4,1.95,,0.4,3.95,,,7.95,,0.4,,0.4,0.45,0.4,0.45,0.45,0.95,1.95,1.95,1.95,0.45,0.45,,,,,,,,,,1.95,1.95,1.95,1.95,1.95,1.95,,,,1.95,1.95,0.95,,,3.95,3.95,,0.45,0.45,0.45,1.95,1.95,1.95,1.95,1.95,1.95,,,1.95,,,,,0.45,,,,1.95,,,,3.95,0.4,0.4,1.95,,,,0.95,1.95,,0.45,0.45,1.95
118,10206480,,3.95,,,,,0.95,0.45,,,,3.95,3.95,,3.95,7.95,7.95,,,,,,,,,3.95,,1.95,0.45,,,0.4,,1.95,1.95,,,,1.45,1.95,0.45,,,,1.95,0.95,,,,,,0.45,,0.4,0.45,,,,,1.95,0.95,,,,,0.45,0.95,0.4,,,,0.4,1.95,1.95,,1.95,,,,,,0.4,,,,,3.95,3.95,1.95,1.95,2.95,1.95,1.95,1.95,1.95,1.95,1.95,2.95,,,1.95,,,0.4,7.95,7.95,,3.95,1.95,,,,,,,0.4,1.95,,0.4,3.95,,,7.95,,0.4,,0.4,0.45,0.4,0.45,0.45,0.95,1.95,1.95,1.95,0.45,0.45,,,,,,,,,,1.95,1.95,1.95,1.95,1.95,1.95,,,,1.95,1.95,0.95,,,3.95,3.95,,0.45,0.45,0.45,1.95,1.95,1.95,1.95,1.95,1.95,,,1.95,,,,,0.45,,,,1.95,,,,3.95,0.4,0.4,1.95,,,,0.95,1.95,,0.45,0.45,1.95
118,10206540,,3.95,,,,,0.95,0.45,,,,3.95,3.95,,3.95,7.95,7.95,,,,,,,,,3.95,,1.95,0.45,,,0.4,,1.95,1.95,,,,1.45,1.95,0.45,,,,1.95,0.95,,,,,,0.45,,0.4,0.45,,,,,1.95,0.95,,,,,0.45,0.95,0.4,,,,0.4,1.95,1.95,,1.95,,,,,,0.4,,,,,3.95,3.95,1.95,1.95,2.95,1.95,1.95,1.95,1.95,1.95,1.95,2.95,,,1.95,,,0.4,7.95,7.95,,3.95,1.95,,,,,,,0.4,1.95,,0.4,3.95,,,7.95,,0.4,,0.4,0.45,0.4,0.45,0.45,0.95,1.95,1.95,1.95,0.45,0.45,,,,,,,,,,1.95,1.95,1.95,1.95,1.95,1.95,,,,1.95,1.95,0.95,,,3.95,3.95,,0.45,0.45,0.45,1.95,1.95,1.95,1.95,1.95,1.95,,,1.95,,,,,0.45,,,,1.95,,,,3.95,0.4,0.4,1.95,,,,0.95,1.95,,0.45,0.45,1.95
118,10206600,,3.95,,,,,0.95,0.45,,,,3.95,3.95,,3.95,7.95,7.95,,,,,,,,,3.95,,1.95,0.45,,,0.4,,1.95,1.95,,,,1.45,1.95,0.45,,,,1.95,0.95,,,,,,0.45,,0.4,0.45,,,,,1.95,0.95,,,,,0.45,0.95,0.4,,,,0.4,1.95,1.95,,1.95,,,,,,0.4,,,,,3.95,3.95,1.95,1.95,2.95,1.95,1.95,1.95,1.95,1.95,1.95,2.95,,,1.95,,,0.4,7.95,7.95,,3.95,1.95,,,,,,,0.4,1.95,,0.4,3.95,,,7.95,,0.4,,0.4,0.45,0.4,0.45,0.45,0.95,1.95,1.95,1.95,0.45,0.45,,,,,,,,,,1.95,1.95,1.95,1.95,1.95,1.95,,,,1.95,1.95,0.95,,,3.95,3.95,,0.45,0.45,0.45,1.95,1.95,1.95,1.95,1.95,1.95,,,1.95,,,,,0.45,,,,1.95,,,,3.95,0.4,0.4,1.95,,,,0.95,1.95,,0.45,0.45,1.95
118,10206660,,3.95,,,,,0.95,0.45,,,,3.95,3.95,,3.95,7.95,7.95,,,,,,,,,3.95,,1.95,0.45,,,0.4,,1.95,1.95,,,,1.45,1.95,0.45,,,,1.95,0.95,,,,,,0.45,,0.4,0.45,,,,,1.95,0.95,,,,,0.45,0.95,0.4,,,,0.4,1.95,1.95,,1.95,,,,,,0.4,,,,,3.95,3.95,1.95,1.95,2.95,1.95,1.95,1.95,1.95,1.95,1.95,2.95,,,1.95,,,0.4,7.95,7.95,,3.95,1.95,,,,,,,0.4,1.95,,0.4,3.95,,,7.95,,0.4,,0.4,0.45,0.4,0.45,0.45,0.95,1.95,1.95,1.95,0.45,0.45,,,,,,,,,,1.95,1.95,1.95,1.95,1.95,1.95,,,,1.95,1.95,0.95,,,3.95,3.95,,0.45,0.45,0.45,1.95,1.95,1.95,1.95,1.95,1.95,,,1.95,,,,,0.45,,,,1.95,,,,3.95,0.4,0.4,1.95,,,,0.95,1.95,,0.45,0.45,1.95
118,10206720,,3.95,,,,,0.95,0.45,,,,3.95,3.95,,3.95,7.95,7.95,,,,,,,,,3.95,,1.95,0.45,,,0.4,,1.95,1.95,,,,1.45,1.95,0.45,,,,1.95,0.95,,,,,,0.45,,0.4,0.45,,,,,1.95,0.95,,,,,0.45,0.95,0.4,,,,0.4,1.95,1.95,,1.95,,,,,,0.4,,,,,3.95,3.95,1.95,1.95,2.95,1.95,1.95,1.95,1.95,1.95,1.95,2.95,,,1.95,,,0.4,7.95,7.95,,3.95,1.95,,,,,,,0.4,1.95,,0.4,3.95,,,7.95,,0.4,,0.4,0.45,0.4,0.45,0.45,0.95,1.95,1.95,1.95,0.45,0.45,,,,,,,,,,1.95,1.95,1.95,1.95,1.95,1.95,,,,1.95,1.95,0.95,,,3.95,3.95,,0.45,0.45,0.45,1.95,1.95,1.95,1.95,1.95,1.95,,,1.95,,,,,0.45,,,,1.95,,,,3.95,0.4,0.4,1.95,,,,0.95,1.95,,0.45,0.45,1.95
118,10206780,,3.95,,,,,0.95,0.45,,,,3.95,3.95,,3.95,7.95,7.95,,,,,,,,,3.95,,1.95,0.45,,,0.4,,1.95,1.95,,,,1.45,1.95,0.45,,,,1.95,0.95,,,,,,0.45,,0.4,0.45,,,,,1.95,0.95,,,,,0.45,0.95,0.4,,,,0.4,1.95,1.95,,1.95,,,,,,0.4,,,,,3.95,3.95,1.95,1.95,2.95,1.95,1.95,1.95,1.95,1.95,1.95,2.95,,,1.95,,,0.4,7.95,7.95,,3.95,1.95,,,,,,,0.4,1.95,,0.4,3.95,,,7.95,,0.4,,0.4,0.45,0.4,0.45,0.45,0.95,1.95,1.95,1.95,0.45,0.45,,,,,,,,,,1.95,1.95,1.95,1.95,1.95,1.95,,,,1.95,1.95,0.95,,,3.95,3.95,,0.45,0.45,0.45,1.95,1.95,1.95,1.95,1.95,1.95,,,1.95,,,,,0.45,,,,1.95,,,,3.95,0.4,0.4,1.95,,,,0.95,1.95,,0.45,0.45,1.95
118,10206840,,3.95,,,,,0.95,0.45,,,,3.95,3.95,,3.95,7.95,7.95,,,,,,,,,3.95,,1.95,0.45,,,0.4,,1.95,1.95,,,,1.45,1.95,0.45,,,,1.95,0.95,,,,,,0.45,,0.4,0.45,,,,,1.95,0.95,,,,,0.45,0.95,0.4,,,,0.4,1.95,1.95,,1.95,,,,,,0.4,,,,,3.95,3.95,1.95,1.95,2.95,1.95,1.95,1.95,1.95,1.95,1.95,2.95,,,1.95,,,0.4,7.95,7.95,,3.95,1.95,,,,,,,0.4,1.95,,0.4,3.95,,,7.95,,0.4,,0.4,0.45,0.4,0.45,0.45,0.95,1.95,1.95,1.95,0.45,0.45,,,,,,,,,,1.95,1.95,1.95,1.95,1.95,1.95,,,,1.95,1.95,0.95,,,3.95,3.95,,0.45,0.45,0.45,1.95,1.95,1.95,1.95,1.95,1.95,,,1.95,,,,,0.45,,,,1.95,,,,3.95,0.4,0.4,1.95,,,,0.95,1.95,,0.45,0.45,1.95
118,10206900,,3.95,,,,,0.95,0.45,,,,3.95,3.95,,3.95,7.95,7.95,,,,,,,,,3.95,,1.95,0.45,,,0.4,,1.95,1.95,,,,1.45,1.95,0.45,,,,1.95,0.95,,,,,,0.45,,0.4,0.45,,,,,1.95,0.95,,,,,0.45,0.95,0.4,,,,0.4,1.95,1.95,,1.95,,,,,,0.4,,,,,3.95,3.95,1.95,1.95,2.95,1.95,1.95,1.95,1.95,1.95,1.95,2.95,,,1.95,,,0.4,7.95,7.95,,3.95,1.95,,,,,,,0.4,1.95,,0.4,3.95,,,7.95,,0.4,,0.4,0.45,0.4,0.45,0.45,0.95,1.95,1.95,1.95,0.45,0.45,,,,,,,,,,1.95,1.95,1.95,1.95,1.95,1.95,,,,1.95,1.95,0.95,,,3.95,3.95,,0.45,0.45,0.45,1.95,1.95,1.95,1.95,1.95,1.95,,,1.95,,,,,0.45,,,,1.95,,,,3.95,0.4,0.4,1.95,,,,0.95,1.95,,0.45,0.45,1.95
118,10206960,,3.95,,,,,0.95,0.45,,,,3.95,3.95,,3.95,7.95,7.95,,,,,,,,,3.95,,1.95,0.45,,,0.4,,1.95,1.95,,,,1.45,1.95,0.45,,,,1.95,0.95,,,,,,0.45,,0.4,0.45,,,,,1.95,0.95,,,,,0.45,0.95,0.4,,,,0.4,1.95,1.95,,1.95,,,,,,0.4,,,,,3.95,3.95,1.95,1.95,2.95,1.95,1.95,1.95,1.95,1.95,1.95,2.95,,,1.95,,,0.4,7.95,7.95,,3.95,1.95,,,,,,,0.4,1.95,,0.4,3.95,,,7.95,,0.4,,0.4,0.45,0.4,0.45,0.45,0.95,1.95,1.95,1.95,0.45,0.45,,,,,,,,,,1.95,1.95,1.95,1.95,1.95,1.95,,,,1.95,1.95,0.95,,,3.95,3.95,,0.45,0.45,0.45,1.95,1.95,1.95,1.95,1.95,1.95,,,1.95,,,,,0.45,,,,1.95,,,,3.95,0.4,0.4,1.95,,,,0.95,1.95,,0.45,0.45,1.95
118,10207020,,3.95,,,,,0.95,0.45,,,,3.95,3.95,,3.95,7.95,7.95,,,,,,,,,3.95,,1.95,0.45,,,0.4,,1.95,1.95,,,,1.45,1.95,0.45,,,,1.95,0.95,,,,,,0.45,,0.4,0.45,,,,,1.95,0.95,,,,,0.45,0.95,0.4,,,,0.4,1.95,1.95,,1.95,,,,,,0.4,,,,,3.95,3.95,1.95,1.95,2.95,1.95,1.95,1.95,1.95,1.95,1.95,2.95,,,1.95,,,0.4,7.95,7.95,,3.95,1.95,,,,,,,0.4,1.95,,0.4,3.95,,,7.95,,0.4,,0.4,0.45,0.4,0.45,0.45,0.95,1.95,1.95,1.95,0.45,0.45,,,,,,,,,,1.95,1.95,1.95,1.95,1.95,1.95,,,,1.95,1.95,0.95,,,3.95,3.95,,0.45,0.45,0.45,1.95,1.95,1.95,1.95,1.95,1.95,,,1.95,,,,,0.45,,,,1.95,,,,3.95,0.4,0.4,1.95,,,,0.95,1.95,,0.45,0.45,1.95
118,10207080,,3.95,,,,,0.95,0.45,,,,3.95,3.95,,3.95,7.95,7.95,,,,,,,,,3.95,,1.95,0.45,,,0.4,,1.95,1.95,,,,1.45,1.95,0.45,,,,1.95,0.95,,,,,,0.45,,0.4,0.45,,,,,1.95,0.95,,,,,0.45,0.95,0.4,,,,0.4,1.95,1.95,,1.95,,,,,,0.4,,,,,3.95,3.95,1.95,1.95,2.95,1.95,1.95,1.95,1.95,1.95,1.95,2.95,,,1.95,,,0.4,7.95,7.95,,3.95,1.95,,,,,,,0.4,1.95,,0.4,3.95,,,7.95,,0.4,,0.4,0.45,0.4,0.45,0.45,0.95,1.95,1.95,1.95,0.45,0.45,,,,,,,,,,1.95,1.95,1.95,1.95,1.95,1.95,,,,1.95,1.95,0.95,,,3.95,3.95,,0.45,0.45,0.45,1.95,1.95,1.95,1.95,1.95,1.95,,,1.95,,,,,0.45,,,,1.95,,,,3.95,0.4,0.4,1.95,,,,0.95,1.95,,0.45,0.45,1.95
118,10207140,,3.95,,,,,0.95,0.45,,,,3.95,3.95,,3.95,7.95,7.95,,,,,,,,,3.95,,1.95,0.45,,,0.4,,1.95,1.95,,,,1.45,1.95,0.45,,,,1.95,0.95,,,,,,0.45,,0.4,0.45,,,,,1.95,0.95,,,,,0.45,0.95,0.4,,,,0.4,1.95,1.95,,1.95,,,,,,0.4,,,,,3.95,3.95,1.95,1.95,2.95,1.95,1.95,1.95,1.95,1.95,1.95,2.95,,,1.95,,,0.4,7.95,7.95,,3.95,1.95,,,,,,,0.4,1.95,,0.4,3.95,,,7.95,,0.4,,0.4,0.45,0.4,0.45,0.45,0.95,1.95,1.95,1.95,0.45,0.45,,,,,,,,,,1.95,1.95,1.95,1.95,1.95,1.95,,,,1.95,1.95,0.95,,,3.95,3.95,,0.45,0.45,0.45,1.95,1.95,1.95,1.95,1.95,1.95,,,1.95,,,,,0.45,,,,1.95,,,,3.95,0.4,0.4,1.95,,,,0.95,1.95,,0.45,0.45,1.95
118,10207200,,3.95,,,,,0.95,0.45,,,,3.95,3.95,,3.95,7.95,7.95,,,,,,,,,3.95,,1.95,0.45,,,0.4,,1.95,1.95,,,,1.45,1.95,0.45,,,,1.95,0.95,,,,,,0.45,,0.4,0.45,,,,,1.95,0.95,,,,,0.45,0.95,0.4,,,,0.4,1.95,1.95,,1.95,,,,,,0.4,,,,,3.95,3.95,1.95,1.95,2.95,1.95,1.95,1.95,1.95,1.95,1.95,2.95,,,1.95,,,0.4,7.95,7.95,,3.95,1.95,,,,,,,0.4,1.95,,0.4,3.95,,,7.95,,0.4,,0.4,0.45,0.4,0.45,0.45,0.95,1.95,1.95,1.95,0.45,0.45,,,,,,,,,,1.95,1.95,1.95,1.95,1.95,1.95,,,,1.95,1.95,0.95,,,3.95,3.95,,0.45,0.45,0.45,1.95,1.95,1.95,1.95,1.95,1.95,,,1.95,,,,,0.45,,,,1.95,,,,3.95,0.4,0.4,1.95,,,,0.95,1.95,,0.45,0.45,1.95
118,10207260,,3.95,,,,,0.95,0.45,,,,3.95,3.95,,3.95,7.95,7.95,,,,,,,,,3.95,,1.95,0.45,,,0.4,,1.95,1.95,,,,1.45,1.95,0.45,,,,1.95,0.95,,,,,,0.45,,0.4,0.45,,,,,1.95,0.95,,,,,0.45,0.95,0.4,,,,0.4,1.95,1.95,,1.95,,,,,,0.4,,,,,3.95,3.95,1.95,1.95,2.95,1.95,1.95,1.95,1.95,1.95,1.95,2.95,,,1.95,,,0.4,7.95,7.95,,3.95,1.95,,,,,,,0.4,1.95,,0.4,3.95,,,7.95,,0.4,,0.4,0.45,0.4,0.45,0.45,0.95,1.95,1.95,1.95,0.45,0.45,,,,,,,,,,1.95,1.95,1.95,1.95,1.95,1.95,,,,1.95,1.95,0.95,,,3.95,3.95,,0.45,0.45,0.45,1.95,1.95,1.95,1.95,1.95,1.95,,,1.95,,,,,0.45,,,,1.95,,,,3.95,0.4,0.4,1.95,,,,0.95,1.95,,0.45,0.45,1.95
118,10207320,,3.95,,,,,0.95,0.45,,,,3.95,3.95,,3.95,7.95,7.95,,,,,,,,,3.95,,1.95,0.45,,,0.4,,1.95,1.95,,,,1.45,1.95,0.45,,,,1.95,0.95,,,,,,0.45,,0.4,0.45,,,,,1.95,0.95,,,,,0.45,0.95,0.4,,,,0.4,1.95,1.95,,1.95,,,,,,0.4,,,,,3.95,3.95,1.95,1.95,2.95,1.95,1.95,1.95,1.95,1.95,1.95,2.95,,,1.95,,,0.4,7.95,7.95,,3.95,1.95,,,,,,,0.4,1.95,,0.4,3.95,,,7.95,,0.4,,0.4,0.45,0.4,0.45,0.45,0.95,1.95,1.95,1.95,0.45,0.45,,,,,,,,,,1.95,1.95,1.95,1.95,1.95,1.95,,,,1.95,1.95,0.95,,,3.95,3.95,,0.45,0.45,0.45,1.95,1.95,1.95,1.95,1.95,1.95,,,1.95,,,,,0.45,,,,1.95,,,,3.95,0.4,0.4,1.95,,,,0.95,1.95,,0.45,0.45,1.95
118,10207380,,3.95,,,,,0.95,0.45,,,,3.95,3.95,,3.95,7.95,7.95,,,,,,,,,3.95,,1.95,0.45,,,0.4,,1.95,1.95,,,,1.45,1.95,0.45,,,,1.95,0.95,,,,,,0.45,,0.4,0.45,,,,,1.95,0.95,,,,,0.45,0.95,0.4,,,,0.4,1.95,1.95,,1.95,,,,,,0.4,,,,,3.95,3.95,1.95,1.95,2.95,1.95,1.95,1.95,1.95,1.95,1.95,2.95,,,1.95,,,0.4,7.95,7.95,,3.95,1.95,,,,,,,0.4,1.95,,0.4,3.95,,,7.95,,0.4,,0.4,0.45,0.4,0.45,0.45,0.95,1.95,1.95,1.95,0.45,0.45,,,,,,,,,,1.95,1.95,1.95,1.95,1.95,1.95,,,,1.95,1.95,0.95,,,3.95,3.95,,0.45,0.45,0.45,1.95,1.95,1.95,1.95,1.95,1.95,,,1.95,,,,,0.45,,,,1.95,,,,3.95,0.4,0.4,1.95,,,,0.95,1.95,,0.45,0.45,1.95
118,10207440,,3.95,,,,,0.95,0.45,,,,3.95,3.95,,3.95,7.95,7.95,,,,,,,,,3.95,,1.95,0.45,,,0.4,,1.95,1.95,,,,1.45,1.95,0.45,,,,1.95,0.95,,,,,,0.45,,0.4,0.45,,,,,1.95,0.95,,,,,0.45,0.95,0.4,,,,0.4,1.95,1.95,,1.95,,,,,,0.4,,,,,3.95,3.95,1.95,1.95,2.95,1.95,1.95,1.95,1.95,1.95,1.95,2.95,,,1.95,,,0.4,7.95,7.95,,3.95,1.95,,,,,,,0.4,1.95,,0.4,3.95,,,7.95,,0.4,,0.4,0.45,0.4,0.45,0.45,0.95,1.95,1.95,1.95,0.45,0.45,,,,,,,,,,1.95,1.95,1.95,1.95,1.95,1.95,,,,1.95,1.95,0.95,,,3.95,3.95,,0.45,0.45,0.45,1.95,1.95,1.95,1.95,1.95,1.95,,,1.95,,,,,0.45,,,,1.95,,,,3.95,0.4,0.4,1.95,,,,0.95,1.95,,0.45,0.45,1.95
118,10207500,,3.95,,,,,0.95,0.45,,,,3.95,3.95,,3.95,7.95,7.95,,,,,,,,,3.95,,1.95,0.45,,,0.4,,1.95,1.95,,,,1.45,1.95,0.45,,,,1.95,0.95,,,,,,0.45,,0.4,0.45,,,,,1.95,0.95,,,,,0.45,0.95,0.4,,,,0.4,1.95,1.95,,1.95,,,,,,0.4,,,,,3.95,3.95,1.95,1.95,2.95,1.95,1.95,1.95,1.95,1.95,1.95,2.95,,,1.95,,,0.4,7.95,7.95,,3.95,1.95,,,,,,,0.4,1.95,,0.4,3.95,,,7.95,,0.4,,0.4,0.45,0.4,0.45,0.45,0.95,1.95,1.95,1.95,0.45,0.45,,,,,,,,,,1.95,1.95,1.95,1.95,1.95,1.95,,,,1.95,1.95,0.95,,,3.95,3.95,,0.45,0.45,0.45,1.95,1.95,1.95,1.95,1.95,1.95,,,1.95,,,,,0.45,,,,1.95,,,,3.95,0.4,0.4,1.95,,,,0.95,1.95,,0.45,0.45,1.95
118,10207560,,3.95,,,,,0.95,0.45,,,,3.95,3.95,,3.95,7.95,7.95,,,,,,,,,3.95,,1.95,0.45,,,0.4,,1.95,1.95,,,,1.45,1.95,0.45,,,,1.95,0.95,,,,,,0.45,,0.4,0.45,,,,,1.95,0.95,,,,,0.45,0.95,0.4,,,,0.4,1.95,1.95,,1.95,,,,,,0.4,,,,,3.95,3.95,1.95,1.95,2.95,1.95,1.95,1.95,1.95,1.95,1.95,2.95,,,1.95,,,0.4,7.95,7.95,,3.95,1.95,,,,,,,0.4,1.95,,0.4,3.95,,,7.95,,0.4,,0.4,0.45,0.4,0.45,0.45,0.95,1.95,1.95,1.95,0.45,0.45,,,,,,,,,,1.95,1.95,1.95,1.95,1.95,1.95,,,,1.95,1.95,0.95,,,3.95,3.95,,0.45,0.45,0.45,1.95,1.95,1.95,1.95,1.95,1.95,,,1.95,,,,,0.45,,,,1.95,,,,3.95,0.4,0.4,1.95,,,,0.95,1.95,,0.45,0.45,1.95
118,10207620,,3.95,,,,,0.95,0.45,,,,3.95,3.95,,3.95,7.95,7.95,,,,,,,,,3.95,,1.95,0.45,,,0.4,,1.95,1.95,,,,1.45,1.95,0.45,,,,1.95,0.95,,,,,,0.45,,0.4,0.45,,,,,1.95,0.95,,,,,0.45,0.95,0.4,,,,0.4,1.95,1.95,,1.95,,,,,,0.4,,,,,3.95,3.95,1.95,1.95,2.95,1.95,1.95,1.95,1.95,1.95,1.95,2.95,,,1.95,,,0.4,7.95,7.95,,3.95,1.95,,,,,,,0.4,1.95,,0.4,3.95,,,7.95,,0.4,,0.4,0.45,0.4,0.45,0.45,0.95,1.95,1.95,1.95,0.45,0.45,,,,,,,,,,1.95,1.95,1.95,1.95,1.95,1.95,,,,1.95,1.95,0.95,,,3.95,3.95,,0.45,0.45,0.45,1.95,1.95,1.95,1.95,1.95,1.95,,,1.95,,,,,0.45,,,,1.95,,,,3.95,0.4,0.4,1.95,,,,0.95,1.95,,0.45,0.45,1.95
118,10207680,,3.95,,,,,0.95,0.45,,,,3.95,3.95,,3.95,7.95,7.95,,,,,,,,,3.95,,1.95,0.45,,,0.4,,1.95,1.95,,,,1.45,1.95,0.45,,,,1.95,0.95,,,,,,0.45,,0.4,0.45,,,,,1.95,0.95,,,,,0.45,0.95,0.4,,,,0.4,1.95,1.95,,1.95,,,,,,0.4,,,,,3.95,3.95,1.95,1.95,2.95,1.95,1.95,1.95,1.95,1.95,1.95,2.95,,,1.95,,,0.4,7.95,7.95,,3.95,1.95,,,,,,,0.4,1.95,,0.4,3.95,,,7.95,,0.4,,0.4,0.45,0.4,0.45,0.45,0.95,1.95,1.95,1.95,0.45,0.45,,,,,,,,,,1.95,1.95,1.95,1.95,1.95,1.95,,,,1.95,1.95,0.95,,,3.95,3.95,,0.45,0.45,0.45,1.95,1.95,1.95,1.95,1.95,1.95,,,1.95,,,,,0.45,,,,1.95,,,,3.95,0.4,0.4,1.95,,,,0.95,1.95,,0.45,0.45,1.95
118,10207740,,3.95,,,,,0.95,0.45,,,,3.95,3.95,,3.95,7.95,7.95,,,,,,,,,3.95,,1.95,0.45,,,0.4,,1.95,1.95,,,,1.45,1.95,0.45,,,,1.95,0.95,,,,,,0.45,,0.4,0.45,,,,,1.95,0.95,,,,,0.45,0.95,0.4,,,,0.4,1.95,1.95,,1.95,,,,,,0.4,,,,,3.95,3.95,1.95,1.95,2.95,1.95,1.95,1.95,1.95,1.95,1.95,2.95,,,1.95,,,0.4,7.95,7.95,,3.95,1.95,,,,,,,0.4,1.95,,0.4,3.95,,,7.95,,0.4,,0.4,0.45,0.4,0.45,0.45,0.95,1.95,1.95,1.95,0.45,0.45,,,,,,,,,,1.95,1.95,1.95,1.95,1.95,1.95,,,,1.95,1.95,0.95,,,3.95,3.95,,0.45,0.45,0.45,1.95,1.95,1.95,1.95,1.95,1.95,,,1.95,,,,,0.45,,,,1.95,,,,3.95,0.4,0.4,1.95,,,,0.95,1.95,,0.45,0.45,1.95
118,10207800,,3.95,,,,,0.95,0.45,,,,3.95,3.95,,3.95,7.95,7.95,,,,,,,,,3.95,,1.95,0.45,,,0.4,,1.95,1.95,,,,1.45,1.95,0.45,,,,1.95,0.95,,,,,,0.45,,0.4,0.45,,,,,1.95,0.95,,,,,0.45,0.95,0.4,,,,0.4,1.95,1.95,,1.95,,,,,,0.4,,,,,3.95,3.95,1.95,1.95,2.95,1.95,1.95,1.95,1.95,1.95,1.95,2.95,,,1.95,,,0.4,7.95,7.95,,3.95,1.95,,,,,,,0.4,1.95,,0.4,3.95,,,7.95,,0.4,,0.4,0.45,0.4,0.45,0.45,0.95,1.95,1.95,1.95,0.45,0.45,,,,,,,,,,1.95,1.95,1.95,1.95,1.95,1.95,,,,1.95,1.95,0.95,,,3.95,3.95,,0.45,0.45,0.45,1.95,1.95,1.95,1.95,1.95,1.95,,,1.95,,,,,0.45,,,,1.95,,,,3.95,0.4,0.4,1.95,,,,0.95,1.95,,0.45,0.45,1.95
118,10207860,,3.95,,,,,0.95,0.45,,,,3.95,3.95,,3.95,7.95,7.95,,,,,,,,,3.95,,1.95,0.45,,,0.4,,1.95,1.95,,,,1.45,1.95,0.45,,,,1.95,0.95,,,,,,0.45,,0.4,0.45,,,,,1.95,0.95,,,,,0.45,0.95,0.4,,,,0.4,1.95,1.95,,1.95,,,,,,0.4,,,,,3.95,3.95,1.95,1.95,2.95,1.95,1.95,1.95,1.95,1.95,1.95,2.95,,,1.95,,,0.4,7.95,7.95,,3.95,1.95,,,,,,,0.4,1.95,,0.4,3.95,,,7.95,,0.4,,0.4,0.45,0.4,0.45,0.45,0.95,1.95,1.95,1.95,0.45,0.45,,,,,,,,,,1.95,1.95,1.95,1.95,1.95,1.95,,,,1.95,1.95,0.95,,,3.95,3.95,,0.45,0.45,0.45,1.95,1.95,1.95,1.95,1.95,1.95,,,1.95,,,,,0.45,,,,1.95,,,,3.95,0.4,0.4,1.95,,,,0.95,1.95,,0.45,0.45,1.95
118,10207920,,3.95,,,,,0.95,0.45,,,,3.95,3.95,,3.95,7.95,7.95,,,,,,,,,3.95,,1.95,0.45,,,0.4,,1.95,1.95,,,,1.45,1.95,0.45,,,,1.95,0.95,,,,,,0.45,,0.4,0.45,,,,,1.95,0.95,,,,,0.45,0.95,0.4,,,,0.4,1.95,1.95,,1.95,,,,,,0.4,,,,,3.95,3.95,1.95,1.95,2.95,1.95,1.95,1.95,1.95,1.95,1.95,2.95,,,1.95,,,0.4,7.95,7.95,,3.95,1.95,,,,,,,0.4,1.95,,0.4,3.95,,,7.95,,0.4,,0.4,0.45,0.4,0.45,0.45,0.95,1.95,1.95,1.95,0.45,0.45,,,,,,,,,,1.95,1.95,1.95,1.95,1.95,1.95,,,,1.95,1.95,0.95,,,3.95,3.95,,0.45,0.45,0.45,1.95,1.95,1.95,1.95,1.95,1.95,,,1.95,,,,,0.45,,,,1.95,,,,3.95,0.4,0.4,1.95,,,,0.95,1.95,,0.45,0.45,1.95
118,10207980,,3.95,,,,,0.95,0.45,,,,3.95,3.95,,3.95,7.95,7.95,,,,,,,,,3.95,,1.95,0.45,,,0.4,,1.95,1.95,,,,1.45,1.95,0.45,,,,1.95,0.95,,,,,,0.45,,0.4,0.45,,,,,1.95,0.95,,,,,0.45,0.95,0.4,,,,0.4,1.95,1.95,,1.95,,,,,,0.4,,,,,3.95,3.95,1.95,1.95,2.95,1.95,1.95,1.95,1.95,1.95,1.95,2.95,,,1.95,,,0.4,7.95,7.95,,3.95,1.95,,,,,,,0.4,1.95,,0.4,3.95,,,7.95,,0.4,,0.4,0.45,0.4,0.45,0.45,0.95,1.95,1.95,1.95,0.45,0.45,,,,,,,,,,1.95,1.95,1.95,1.95,1.95,1.95,,,,1.95,1.95,0.95,,,3.95,3.95,,0.45,0.45,0.45,1.95,1.95,1.95,1.95,1.95,1.95,,,1.95,,,,,0.45,,,,1.95,,,,3.95,0.4,0.4,1.95,,,,0.95,1.95,,0.45,0.45,1.95
118,10208040,,3.95,,,,,0.95,0.45,,,,3.95,3.95,,3.95,7.95,7.95,,,,,,,,,3.95,,1.95,0.45,,,0.4,,1.95,1.95,,,,1.45,1.95,0.45,,,,1.95,0.95,,,,,,0.45,,0.4,0.45,,,,,1.95,0.95,,,,,0.45,0.95,0.4,,,,0.4,1.95,1.95,,1.95,,,,,,0.4,,,,,3.95,3.95,1.95,1.95,2.95,1.95,1.95,1.95,1.95,1.95,1.95,2.95,,,1.95,,,0.4,7.95,7.95,,3.95,1.95,,,,,,,0.4,1.95,,0.4,3.95,,,7.95,,0.4,,0.4,0.45,0.4,0.45,0.45,0.95,1.95,1.95,1.95,0.45,0.45,,,,,,,,,,1.95,1.95,1.95,1.95,1.95,1.95,,,,1.95,1.95,0.95,,,3.95,3.95,,0.45,0.45,0.45,1.95,1.95,1.95,1.95,1.95,1.95,,,1.95,,,,,0.45,,,,1.95,,,,3.95,0.4,0.4,1.95,,,,0.95,1.95,,0.45,0.45,1.95
118,10208100,,3.95,,,,,0.95,0.45,,,,3.95,3.95,,3.95,7.95,7.95,,,,,,,,,3.95,,1.95,0.45,,,0.4,,1.95,1.95,,,,1.45,1.95,0.45,,,,1.95,0.95,,,,,,0.45,,0.4,0.45,,,,,1.95,0.95,,,,,0.45,0.95,0.4,,,,0.4,1.95,1.95,,1.95,,,,,,0.4,,,,,3.95,3.95,1.95,1.95,2.95,1.95,1.95,1.95,1.95,1.95,1.95,2.95,,,1.95,,,0.4,7.95,7.95,,3.95,1.95,,,,,,,0.4,1.95,,0.4,3.95,,,7.95,,0.4,,0.4,0.45,0.4,0.45,0.45,0.95,1.95,1.95,1.95,0.45,0.45,,,,,,,,,,1.95,1.95,1.95,1.95,1.95,1.95,,,,1.95,1.95,0.95,,,3.95,3.95,,0.45,0.45,0.45,1.95,1.95,1.95,1.95,1.95,1.95,,,1.95,,,,,0.45,,,,1.95,,,,3.95,0.4,0.4,1.95,,,,0.95,1.95,,0.45,0.45,1.95
118,10208160,,3.95,,,,,0.95,0.45,,,,3.95,3.95,,3.95,7.95,7.95,,,,,,,,,3.95,,1.95,0.45,,,0.4,,1.95,1.95,,,,1.45,1.95,0.45,,,,1.95,0.95,,,,,,0.45,,0.4,0.45,,,,,1.95,0.95,,,,,0.45,0.95,0.4,,,,0.4,1.95,1.95,,1.95,,,,,,0.4,,,,,3.95,3.95,1.95,1.95,2.95,1.95,1.95,1.95,1.95,1.95,1.95,2.95,,,1.95,,,0.4,7.95,7.95,,3.95,1.95,,,,,,,0.4,1.95,,0.4,3.95,,,7.95,,0.4,,0.4,0.45,0.4,0.45,0.45,0.95,1.95,1.95,1.95,0.45,0.45,,,,,,,,,,1.95,1.95,1.95,1.95,1.95,1.95,,,,1.95,1.95,0.95,,,3.95,3.95,,0.45,0.45,0.45,1.95,1.95,1.95,1.95,1.95,1.95,,,1.95,,,,,0.45,,,,1.95,,,,3.95,0.4,0.4,1.95,,,,0.95,1.95,,0.45,0.45,1.95
118,10208220,,3.95,,,,,0.95,0.45,,,,3.95,3.95,,3.95,7.95,7.95,,,,,,,,,3.95,,1.95,0.45,,,0.4,,1.95,1.95,,,,1.45,1.95,0.45,,,,1.95,0.95,,,,,,0.45,,0.4,0.45,,,,,1.95,0.95,,,,,0.45,0.95,0.4,,,,0.4,1.95,1.95,,1.95,,,,,,0.4,,,,,3.95,3.95,1.95,1.95,2.95,1.95,1.95,1.95,1.95,1.95,1.95,2.95,,,1.95,,,0.4,7.95,7.95,,3.95,1.95,,,,,,,0.4,1.95,,0.4,3.95,,,7.95,,0.4,,0.4,0.45,0.4,0.45,0.45,0.95,1.95,1.95,1.95,0.45,0.45,,,,,,,,,,1.95,1.95,1.95,1.95,1.95,1.95,,,,1.95,1.95,0.95,,,3.95,3.95,,0.45,0.45,0.45,1.95,1.95,1.95,1.95,1.95,1.95,,,1.95,,,,,0.45,,,,1.95,,,,3.95,0.4,0.4,1.95,,,,0.95,1.95,,0.45,0.45,1.95
118,10208280,,3.95,,,,,0.95,0.45,,,,3.95,3.95,,3.95,7.95,7.95,,,,,,,,,3.95,,1.95,0.45,,,0.4,,1.95,1.95,,,,1.45,1.95,0.45,,,,1.95,0.95,,,,,,0.45,,0.4,0.45,,,,,1.95,0.95,,,,,0.45,0.95,0.4,,,,0.4,1.95,1.95,,1.95,,,,,,0.4,,,,,3.95,3.95,1.95,1.95,2.95,1.95,1.95,1.95,1.95,1.95,1.95,2.95,,,1.95,,,0.4,7.95,7.95,,3.95,1.95,,,,,,,0.4,1.95,,0.4,3.95,,,7.95,,0.4,,0.4,0.45,0.4,0.45,0.45,0.95,1.95,1.95,1.95,0.45,0.45,,,,,,,,,,1.95,1.95,1.95,1.95,1.95,1.95,,,,1.95,1.95,0.95,,,3.95,3.95,,0.45,0.45,0.45,1.95,1.95,1.95,1.95,1.95,1.95,,,1.95,,,,,0.45,,,,1.95,,,,3.95,0.4,0.4,1.95,,,,0.95,1.95,,0.45,0.45,1.95
118,10208340,,3.95,,,,,0.95,0.45,,,,3.95,3.95,,3.95,7.95,7.95,,,,,,,,,3.95,,1.95,0.45,,,0.4,,1.95,1.95,,,,1.45,1.95,0.45,,,,1.95,0.95,,,,,,0.45,,0.4,0.45,,,,,1.95,0.95,,,,,0.45,0.95,0.4,,,,0.4,1.95,1.95,,1.95,,,,,,0.4,,,,,3.95,3.95,1.95,1.95,2.95,1.95,1.95,1.95,1.95,1.95,1.95,2.95,,,1.95,,,0.4,7.95,7.95,,3.95,1.95,,,,,,,0.4,1.95,,0.4,3.95,,,7.95,,0.4,,0.4,0.45,0.4,0.45,0.45,0.95,1.95,1.95,1.95,0.45,0.45,,,,,,,,,,1.95,1.95,1.95,1.95,1.95,1.95,,,,1.95,1.95,0.95,,,3.95,3.95,,0.45,0.45,0.45,1.95,1.95,1.95,1.95,1.95,1.95,,,1.95,,,,,0.45,,,,1.95,,,,3.45,0.4,0.4,1.95,,,,0.95,1.95,,0.45,0.45,1.95
118,10208400,,3.95,,,,,0.95,0.45,,,,3.95,3.95,,3.95,7.95,7.95,,,,,,,,,3.95,,1.95,0.45,,,0.4,,1.95,1.95,,,,1.45,1.95,0.45,,,,1.95,0.95,,,,,,0.45,,0.4,0.45,,,,,1.95,0.95,,,,,0.45,0.95,0.4,,,,0.4,1.95,1.95,,1.95,,,,,,0.4,,,,,3.95,3.95,1.95,1.95,2.95,1.95,1.95,1.95,1.95,1.95,1.95,2.95,,,1.95,,,0.4,7.95,7.95,,3.95,1.95,,,,,,,0.4,1.95,,0.4,3.95,,,7.95,,0.4,,0.4,0.45,0.4,0.45,0.45,0.95,1.95,1.95,1.95,0.45,0.45,,,,,,,,,,1.95,1.95,1.95,1.95,1.95,1.95,,,,1.95,1.95,0.95,,,3.95,3.95,,0.45,0.45,0.45,1.95,1.95,1.95,1.95,1.95,1.95,,,1.95,,,,,0.45,,,,1.95,,,,3.45,0.4,0.4,1.95,,,,0.95,1.95,,0.45,0.45,1.95
118,10208460,,3.95,,,,,0.95,0.45,,,,3.95,3.95,,3.95,7.95,7.95,,,,,,,,,3.95,,1.95,0.45,,,0.4,,1.95,1.95,,,,1.45,1.95,0.45,,,,1.95,0.95,,,,,,0.45,,0.4,0.45,,,,,1.95,0.95,,,,,0.45,0.95,0.4,,,,0.4,1.95,1.95,,1.95,,,,,,0.4,,,,,3.95,3.95,1.95,1.95,2.95,1.95,1.95,1.95,1.95,1.95,1.95,2.95,,,1.95,,,0.4,7.95,7.95,,3.95,1.95,,,,,,,0.4,1.95,,0.4,3.95,,,7.95,,0.4,,0.4,0.45,0.4,0.45,0.45,0.95,1.95,1.95,1.95,0.45,0.45,,,,,,,,,,1.95,1.95,1.95,1.95,1.95,1.95,,,,1.95,1.95,0.95,,,3.95,3.95,,0.45,0.45,0.45,1.95,1.95,1.95,1.95,1.95,1.95,,,1.95,,,,,0.45,,,,1.95,,,,3.95,0.4,0.4,1.95,,,,0.95,1.95,,0.45,0.45,1.95
118,10208520,,3.95,,,,,0.95,0.45,,,,3.95,3.95,,3.95,7.95,7.95,,,,,,,,,3.95,,1.95,0.45,,,0.4,,1.95,1.95,,,,1.45,1.95,0.45,,,,1.95,0.95,,,,,,0.45,,0.4,0.45,,,,,1.95,0.95,,,,,0.45,0.95,0.4,,,,0.4,1.95,1.95,,1.95,,,,,,0.4,,,,,3.95,3.95,1.95,1.95,2.95,1.95,1.95,1.95,1.95,1.95,1.95,2.95,,,1.95,,,0.4,7.95,7.95,,3.95,1.95,,,,,,,0.4,1.95,,0.4,3.95,,,7.95,,0.4,,0.4,0.45,0.4,0.45,0.45,0.95,1.95,1.95,1.95,0.45,0.45,,,,,,,,,,1.95,1.95,1.95,1.95,1.95,1.95,,,,1.95,1.95,0.95,,,3.95,3.95,,0.45,0.45,0.45,1.95,1.95,1.95,1.95,1.95,1.95,,,1.95,,,,,0.45,,,,1.95,,,,3.95,0.4,0.4,1.95,,,,0.95,1.95,,0.45,0.45,1.95
118,10208580,,3.95,,,,,0.95,0.45,,,,3.95,3.95,,3.95,7.95,7.95,,,,,,,,,3.95,,1.95,0.45,,,0.4,,1.95,1.95,,,,1.45,1.95,0.45,,,,1.95,0.95,,,,,,0.45,,0.4,0.45,,,,,1.95,0.95,,,,,0.45,0.95,0.4,,,,0.4,1.95,1.95,,1.95,,,,,,0.4,,,,,3.95,3.95,1.95,1.95,2.95,1.95,1.95,1.95,1.95,1.95,1.95,2.95,,,1.95,,,0.4,7.95,7.95,,3.95,1.95,,,,,,,0.4,1.95,,0.4,3.95,,,7.95,,0.4,,0.4,0.45,0.4,0.45,0.45,0.95,1.95,1.95,1.95,0.45,0.45,,,,,,,,,,1.95,1.95,1.95,1.95,1.95,1.95,,,,1.95,1.95,0.95,,,3.95,3.95,,0.45,0.45,0.45,1.95,1.95,1.95,1.95,1.95,1.95,,,1.95,,,,,0.45,,,,1.95,,,,3.95,0.4,0.4,1.95,,,,0.95,1.95,,0.45,0.45,1.95
118,10208640,,3.95,,,,,0.95,0.45,,,,3.95,3.95,,3.95,7.95,7.95,,,,,,,,,3.95,,1.95,0.45,,,0.4,,1.95,1.95,,,,1.45,1.95,0.45,,,,1.95,0.95,,,,,,0.45,,0.4,0.45,,,,,1.95,0.95,,,,,0.45,0.95,0.4,,,,0.4,1.95,1.95,,1.95,,,,,,0.4,,,,,3.95,3.95,1.95,1.95,2.95,1.95,1.95,1.95,1.95,1.95,1.95,2.95,,,1.95,,,0.4,7.95,7.95,,3.95,1.95,,,,,,,0.4,1.95,,0.4,3.95,,,7.95,,0.4,,0.4,0.45,0.4,0.45,0.45,0.95,1.95,1.95,1.95,0.45,0.45,,,,,,,,,,1.95,1.95,1.95,1.95,1.95,1.95,,,,1.95,1.95,0.95,,,3.95,3.95,,0.45,0.45,0.45,1.95,1.95,1.95,1.95,1.95,1.95,,,1.95,,,,,0.45,,,,1.95,,,,3.95,0.4,0.4,1.95,,,,0.95,1.95,,0.45,0.45,1.95
118,10208700,,3.95,,,,,0.95,0.45,,,,3.95,3.95,,3.95,7.95,7.95,,,,,,,,,3.95,,1.95,0.45,,,0.4,,1.95,1.95,,,,1.45,1.95,0.45,,,,1.95,0.95,,,,,,0.45,,0.4,0.45,,,,,1.95,0.95,,,,,0.45,0.95,0.4,,,,0.4,1.95,1.95,,1.95,,,,,,0.4,,,,,3.95,3.95,1.95,1.95,2.95,1.95,1.95,1.95,1.95,1.95,1.95,2.95,,,1.95,,,0.4,7.95,7.95,,3.95,1.95,,,,,,,0.4,1.95,,0.4,3.95,,,7.95,,0.4,,0.4,0.45,0.4,0.45,0.45,0.95,1.95,1.95,1.95,0.45,0.45,,,,,,,,,,1.95,1.95,1.95,1.95,1.95,1.95,,,,1.95,1.95,0.95,,,3.95,3.95,,0.45,0.45,0.45,1.95,1.95,1.95,1.95,1.95,1.95,,,1.95,,,,,0.45,,,,1.95,,,,3.95,0.4,0.4,1.95,,,,0.95,1.95,,0.45,0.45,1.95
118,10208760,,3.95,,,,,0.95,0.45,,,,3.95,3.95,,3.95,7.95,7.95,,,,,,,,,3.95,,1.95,0.45,,,0.4,,1.95,1.95,,,,1.45,1.95,0.45,,,,1.95,0.95,,,,,,0.45,,0.4,0.45,,,,,1.95,0.95,,,,,0.45,0.95,0.4,,,,0.4,1.95,1.95,,1.95,,,,,,0.4,,,,,3.95,3.95,1.95,1.95,2.95,1.95,1.95,1.95,1.95,1.95,1.95,2.95,,,1.95,,,0.4,7.95,7.95,,3.95,1.95,,,,,,,0.4,1.95,,0.4,3.95,,,7.95,,0.4,,0.4,0.45,0.4,0.45,0.45,0.95,1.95,1.95,1.95,0.45,0.45,,,,,,,,,,1.95,1.95,1.95,1.95,1.95,1.95,,,,1.95,1.95,0.95,,,3.95,3.95,,0.45,0.45,0.45,1.95,1.95,1.95,1.95,1.95,1.95,,,1.95,,,,,0.45,,,,1.95,,,,3.95,0.4,0.4,1.95,,,,0.95,1.95,,0.45,0.45,1.95
118,10208820,,3.95,,,,,0.95,0.45,,,,3.95,3.95,,3.95,7.95,7.95,,,,,,,,,3.95,,1.95,0.45,,,0.4,,1.95,1.95,,,,1.45,1.95,0.45,,,,1.95,0.95,,,,,,0.45,,0.4,0.45,,,,,1.95,0.95,,,,,0.45,0.95,0.4,,,,0.4,1.95,1.95,,1.95,,,,,,0.4,,,,,3.95,3.95,1.95,1.95,2.95,1.95,1.95,1.95,1.95,1.95,1.95,2.95,,,1.95,,,0.4,7.95,7.95,,3.95,1.95,,,,,,,0.4,1.95,,0.4,3.95,,,7.95,,0.4,,0.4,0.45,0.4,0.45,0.45,0.95,1.95,1.95,1.95,0.45,0.45,,,,,,,,,,1.95,1.95,1.95,1.95,1.95,1.95,,,,1.95,1.95,0.95,,,3.95,3.95,,0.45,0.45,0.45,1.95,1.95,1.95,1.95,1.95,1.95,,,1.95,,,,,0.45,,,,1.95,,,,3.95,0.4,0.4,1.95,,,,0.95,1.95,,0.45,0.45,1.95
118,10208880,,3.95,,,,,0.95,0.45,,,,3.95,3.95,,3.95,7.95,7.95,,,,,,,,,3.95,,1.95,0.45,,,0.4,,1.95,1.95,,,,1.45,1.95,0.45,,,,1.95,0.95,,,,,,0.45,,0.4,0.45,,,,,1.95,0.95,,,,,0.45,0.95,0.4,,,,0.4,1.95,1.95,,1.95,,,,,,0.4,,,,,3.95,3.95,1.95,1.95,2.95,1.95,1.95,1.95,1.95,1.95,1.95,2.95,,,1.95,,,0.4,7.95,7.95,,3.95,1.95,,,,,,,0.4,1.95,,0.4,3.95,,,7.95,,0.4,,0.4,0.45,0.4,0.45,0.45,0.95,1.95,1.95,1.95,0.45,0.45,,,,,,,,,,1.95,1.95,1.95,1.95,1.95,1.95,,,,1.95,1.95,0.95,,,3.95,3.95,,0.45,0.45,0.45,1.95,1.95,1.95,1.95,1.95,1.95,,,1.95,,,,,0.45,,,,1.95,,,,3.95,0.4,0.4,1.95,,,,0.95,1.95,,0.45,0.45,1.95
118,10208940,,3.95,,,,,0.95,0.45,,,,3.95,3.95,,3.95,7.95,7.95,,,,,,,,,3.95,,1.95,0.45,,,0.4,,1.95,1.95,,,,1.45,1.95,0.45,,,,1.95,0.95,,,,,,0.45,,0.4,0.45,,,,,1.95,0.95,,,,,0.45,0.95,0.4,,,,0.4,1.95,1.95,,1.95,,,,,,0.4,,,,,3.95,3.95,1.95,1.95,2.95,1.95,1.95,1.95,1.95,1.95,1.95,2.95,,,1.95,,,0.4,7.95,7.95,,3.95,1.95,,,,,,,0.4,1.95,,0.4,3.95,,,7.95,,0.4,,0.4,0.45,0.4,0.45,0.45,0.95,1.95,1.95,1.95,0.45,0.45,,,,,,,,,,1.95,1.95,1.95,1.95,1.95,1.95,,,,1.95,1.95,0.95,,,3.95,3.95,,0.45,0.45,0.45,1.95,1.95,1.95,1.95,1.95,1.95,,,1.95,,,,,0.45,,,,1.95,,,,3.95,0.4,0.4,1.95,,,,0.95,1.95,,0.45,0.45,1.95
118,10209000,,3.95,,,,,0.95,0.45,,,,3.95,3.95,,3.95,7.95,7.95,,,,,,,,,3.95,,1.95,0.45,,,0.4,,1.95,1.95,,,,1.45,1.95,0.45,,,,1.95,0.95,,,,,,0.45,,0.4,0.45,,,,,1.95,0.95,,,,,0.45,0.95,0.4,,,,0.4,1.95,1.95,,1.95,,,,,,0.4,,,,,3.95,3.95,1.95,1.95,2.95,1.95,1.95,1.95,1.95,1.95,1.95,2.95,,,1.95,,,0.4,7.95,7.95,,3.95,1.95,,,,,,,0.4,1.95,,0.4,3.95,,,7.95,,0.4,,0.4,0.45,0.4,0.45,0.45,0.95,1.95,1.95,1.95,0.45,0.45,,,,,,,,,,1.95,1.95,1.95,1.95,1.95,1.95,,,,1.95,1.95,0.95,,,3.95,3.95,,0.45,0.45,0.45,1.95,1.95,1.95,1.95,1.95,1.95,,,1.95,,,,,0.45,,,,1.95,,,,3.95,0.4,0.4,1.95,,,,0.95,1.95,,0.45,0.45,1.95
118,10209060,,3.95,,,,,0.95,0.45,,,,3.95,3.95,,3.95,7.95,7.95,,,,,,,,,3.95,,1.95,0.45,,,0.4,,1.95,1.95,,,,1.45,1.95,0.45,,,,1.95,0.95,,,,,,0.45,,0.4,0.45,,,,,1.95,0.95,,,,,0.45,0.95,0.4,,,,0.4,1.95,1.95,,1.95,,,,,,0.4,,,,,3.95,3.95,1.95,1.95,2.95,1.95,1.95,1.95,1.95,1.95,1.95,2.95,,,1.95,,,0.4,7.95,7.95,,3.95,1.95,,,,,,,0.4,1.95,,0.4,3.95,,,7.95,,0.4,,0.4,0.45,0.4,0.45,0.45,0.95,1.95,1.95,1.95,0.45,0.45,,,,,,,,,,1.95,1.95,1.95,1.95,1.95,1.95,,,,1.95,1.95,0.95,,,3.95,3.95,,0.45,0.45,0.45,1.95,1.95,1.95,1.95,1.95,1.95,,,1.95,,,,,0.45,,,,1.95,,,,3.95,0.4,0.4,1.95,,,,0.95,1.95,,0.45,0.45,1.95
118,10209120,,3.95,,,,,0.95,0.45,,,,3.95,3.95,,3.95,7.95,7.95,,,,,,,,,3.95,,1.95,0.45,,,0.4,,1.95,1.95,,,,1.45,1.95,0.45,,,,1.95,0.95,,,,,,0.45,,0.4,0.45,,,,,1.95,0.95,,,,,0.45,0.95,0.4,,,,0.4,1.95,1.95,,1.95,,,,,,0.4,,,,,3.95,3.95,1.95,1.95,2.95,1.95,1.95,1.95,1.95,1.95,1.95,2.95,,,1.95,,,0.4,7.95,7.95,,3.95,1.95,,,,,,,0.4,1.95,,0.4,3.95,,,7.95,,0.4,,0.4,0.45,0.4,0.45,0.45,0.95,1.95,1.95,1.95,0.45,0.45,,,,,,,,,,1.95,1.95,1.95,1.95,1.95,1.95,,,,1.95,1.95,0.95,,,3.95,3.95,,0.45,0.45,0.45,1.95,1.95,1.95,1.95,1.95,1.95,,,1.95,,,,,0.45,,,,1.95,,,,3.95,0.4,0.4,1.95,,,,0.95,1.95,,0.45,0.45,1.95
118,10209180,,3.95,,,,,0.95,0.45,,,,3.95,3.95,,3.95,7.95,7.95,,,,,,,,,3.95,,1.95,0.45,,,0.4,,1.95,1.95,,,,1.45,1.95,0.45,,,,1.95,0.95,,,,,,0.45,,0.4,0.45,,,,,1.95,0.95,,,,,0.45,0.95,0.4,,,,0.4,1.95,1.95,,1.95,,,,,,0.4,,,,,3.95,3.95,1.95,1.95,2.95,1.95,1.95,1.95,1.95,1.95,1.95,2.95,,,1.95,,,0.4,7.95,7.95,,3.95,1.95,,,,,,,0.4,1.95,,0.4,3.95,,,7.95,,0.4,,0.4,0.45,0.4,0.45,0.45,0.95,1.95,1.95,1.95,0.45,0.45,,,,,,,,,,1.95,1.95,1.95,1.95,1.95,1.95,,,,1.95,1.95,0.95,,,3.95,3.95,,0.45,0.45,0.45,1.95,1.95,1.95,1.95,1.95,1.95,,,1.95,,,,,0.45,,,,1.95,,,,3.95,0.4,0.4,1.95,,,,0.95,1.95,,0.45,0.45,1.95
118,10209240,,3.95,,,,,0.95,0.45,,,,3.95,3.95,,3.95,7.95,7.95,,,,,,,,,3.95,,1.95,0.45,,,0.4,,1.95,1.95,,,,1.45,1.95,0.45,,,,1.95,0.95,,,,,,0.45,,0.4,0.45,,,,,1.95,0.95,,,,,0.45,0.95,0.4,,,,0.4,1.95,1.95,,1.95,,,,,,0.4,,,,,3.95,3.95,1.95,1.95,2.95,1.95,1.95,1.95,1.95,1.95,1.95,2.95,,,1.95,,,0.4,7.95,7.95,,3.95,1.95,,,,,,,0.4,1.95,,0.4,3.95,,,7.95,,0.4,,0.4,0.45,0.4,0.45,0.45,0.95,1.95,1.95,1.95,0.45,0.45,,,,,,,,,,1.95,1.95,1.95,1.95,1.95,1.95,,,,1.95,1.95,0.95,,,3.95,3.95,,0.45,0.45,0.45,1.95,1.95,1.95,1.95,1.95,1.95,,,1.95,,,,,0.45,,,,1.95,,,,3.95,0.4,0.4,1.95,,,,0.95,1.95,,0.45,0.45,1.95
118,10209300,,3.95,,,,,0.95,0.45,,,,3.95,3.95,,3.95,7.95,7.95,,,,,,,,,3.95,,1.95,0.45,,,0.4,,1.95,1.95,,,,1.45,1.95,0.45,,,,1.95,0.95,,,,,,0.45,,0.4,0.45,,,,,1.95,0.95,,,,,0.45,0.95,0.4,,,,0.4,1.95,1.95,,1.95,,,,,,0.4,,,,,3.95,3.95,1.95,1.95,2.95,1.95,1.95,1.95,1.95,1.95,1.95,2.95,,,1.95,,,0.4,7.95,7.95,,3.95,1.95,,,,,,,0.4,1.95,,0.4,3.95,,,7.95,,0.4,,0.4,0.45,0.4,0.45,0.45,0.95,1.95,1.95,1.95,0.45,0.45,,,,,,,,,,1.95,1.95,1.95,1.95,1.95,1.95,,,,1.95,1.95,0.95,,,3.95,3.95,,0.45,0.45,0.45,1.95,1.95,1.95,1.95,1.95,1.95,,,1.95,,,,,0.45,,,,1.95,,,,3.95,0.4,0.4,1.95,,,,0.95,1.95,,0.45,0.45,1.95
118,10209360,,3.95,,,,,0.95,0.45,,,,3.95,3.95,,3.95,7.95,7.95,,,,,,,,,3.95,,1.95,0.45,,,0.4,,1.95,1.95,,,,1.45,1.95,0.45,,,,1.95,0.95,,,,,,0.45,,0.4,0.45,,,,,1.95,0.95,,,,,0.45,0.95,0.4,,,,0.4,1.95,1.95,,1.95,,,,,,0.4,,,,,3.95,3.95,1.95,1.95,2.95,1.95,1.95,1.95,1.95,1.95,1.95,2.95,,,1.95,,,0.4,7.95,7.95,,3.95,1.95,,,,,,,0.4,1.95,,0.4,3.95,,,7.95,,0.4,,0.4,0.45,0.4,0.45,0.45,0.95,1.95,1.95,1.95,0.45,0.45,,,,,,,,,,1.95,1.95,1.95,1.95,1.95,1.95,,,,1.95,1.95,0.95,,,3.95,3.95,,0.45,0.45,0.45,1.95,1.95,1.95,1.95,1.95,1.95,,,1.95,,,,,0.45,,,,1.95,,,,3.95,0.4,0.4,1.95,,,,0.95,1.95,,0.45,0.45,1.95
118,10209420,,3.95,,,,,0.95,0.45,,,,3.95,3.95,,3.95,7.95,7.95,,,,,,,,,3.95,,1.95,0.45,,,0.4,,1.95,1.95,,,,1.45,1.95,0.45,,,,1.95,0.95,,,,,,0.45,,0.4,0.45,,,,,1.95,0.95,,,,,0.45,0.95,0.4,,,,0.4,1.95,1.95,,1.95,,,,,,0.4,,,,,3.95,3.95,1.95,1.95,2.95,1.95,1.95,1.95,1.95,1.95,1.95,2.95,,,1.95,,,0.4,7.95,7.95,,3.95,1.95,,,,,,,0.4,1.95,,0.4,3.95,,,7.95,,0.4,,0.4,0.45,0.4,0.45,0.45,0.95,1.95,1.95,1.95,0.45,0.45,,,,,,,,,,1.95,1.95,1.95,1.95,1.95,1.95,,,,1.95,1.95,0.95,,,3.95,3.95,,0.45,0.45,0.45,1.95,1.95,1.95,1.95,1.95,1.95,,,1.95,,,,,0.45,,,,1.95,,,,3.95,0.4,0.4,1.95,,,,0.95,1.95,,0.45,0.45,1.95
118,10209480,,3.95,,,,,0.95,0.45,,,,3.95,3.95,,3.95,7.95,7.95,,,,,,,,,3.95,,1.95,0.45,,,0.4,,1.95,1.95,,,,1.45,1.95,0.45,,,,1.95,0.95,,,,,,0.45,,0.4,0.45,,,,,1.95,0.95,,,,,0.45,0.95,0.4,,,,0.4,1.95,1.95,,1.95,,,,,,0.4,,,,,3.95,3.95,1.95,1.95,2.95,1.95,1.95,1.95,1.95,1.95,1.95,2.95,,,1.95,,,0.4,7.95,7.95,,3.95,1.95,,,,,,,0.4,1.95,,0.4,3.95,,,7.95,,0.4,,0.4,0.45,0.4,0.45,0.45,0.95,1.95,1.95,1.95,0.45,0.45,,,,,,,,,,1.95,1.95,1.95,1.95,1.95,1.95,,,,1.95,1.95,0.95,,,3.95,3.95,,0.45,0.45,0.45,1.95,1.95,1.95,1.95,1.95,1.95,,,1.95,,,,,0.45,,,,1.95,,,,3.95,0.4,0.4,1.95,,,,0.95,1.95,,0.45,0.45,1.95
118,10209540,,3.95,,,,,0.95,0.45,,,,3.95,3.95,,3.95,7.95,7.95,,,,,,,,,3.95,,1.95,0.45,,,0.4,,1.95,1.95,,,,1.45,1.95,0.45,,,,1.95,0.95,,,,,,0.45,,0.4,0.45,,,,,1.95,0.95,,,,,0.45,0.95,0.4,,,,0.4,1.95,1.95,,1.95,,,,,,0.4,,,,,3.95,3.95,1.95,1.95,2.95,1.95,1.95,1.95,1.95,1.95,1.95,2.95,,,1.95,,,0.4,7.95,7.95,,3.95,1.95,,,,,,,0.4,1.95,,0.4,3.95,,,7.95,,0.4,,0.4,0.45,0.4,0.45,0.45,0.95,1.95,1.95,1.95,0.45,0.45,,,,,,,,,,1.95,1.95,1.95,1.95,1.95,1.95,,,,1.95,1.95,0.95,,,3.95,3.95,,0.45,0.45,0.45,1.95,1.95,1.95,1.95,1.95,1.95,,,1.95,,,,,0.45,,,,1.95,,,,3.95,0.4,0.4,1.95,,,,0.95,1.95,,0.45,0.45,1.95
118,10209600,,3.95,,,,,0.95,0.45,,,,3.95,3.95,,3.95,7.95,7.95,,,,,,,,,3.95,,1.95,0.45,,,0.4,,1.95,1.95,,,,1.45,1.95,0.45,,,,1.95,0.95,,,,,,0.45,,0.4,0.45,,,,,1.95,0.95,,,,,0.45,0.95,0.4,,,,0.4,1.95,1.95,,1.95,,,,,,0.4,,,,,3.95,3.95,1.95,1.95,2.95,1.95,1.95,1.95,1.95,1.95,1.95,2.95,,,1.95,,,0.4,7.95,7.95,,3.95,1.95,,,,,,,0.4,1.95,,0.4,3.95,,,7.95,,0.4,,0.4,0.45,0.4,0.45,0.45,0.95,1.95,1.95,1.95,0.45,0.45,,,,,,,,,,1.95,1.95,1.95,1.95,1.95,1.95,,,,1.95,1.95,0.95,,,3.95,3.95,,0.45,0.45,0.45,1.95,1.95,1.95,1.95,1.95,1.95,,,1.95,,,,,0.45,,,,1.95,,,,3.95,0.4,0.4,1.95,,,,0.95,1.95,,0.45,0.45,1.95
118,10209660,,3.95,,,,,0.95,0.45,,,,3.95,3.95,,3.95,7.95,7.95,,,,,,,,,3.95,,1.95,0.45,,,0.4,,1.95,1.95,,,,1.45,1.95,0.45,,,,1.95,0.95,,,,,,0.45,,0.4,0.45,,,,,1.95,0.95,,,,,0.45,0.95,0.4,,,,0.4,1.95,1.95,,1.95,,,,,,0.4,,,,,3.95,3.95,1.95,1.95,2.95,1.95,1.95,1.95,1.95,1.95,1.95,2.95,,,1.95,,,0.4,7.95,7.95,,3.95,1.95,,,,,,,0.4,1.95,,0.4,4.521,,,7.95,,0.4,,0.4,0.45,0.4,0.45,0.45,0.95,1.95,1.95,1.95,0.45,0.45,,,,,,,,,,1.95,1.95,1.95,1.95,1.95,1.95,,,,1.95,1.95,0.95,,,3.95,3.95,,0.45,0.45,0.45,1.95,1.95,1.95,1.95,1.95,1.95,,,1.95,,,,,0.45,,,,1.95,,,,3.95,0.4,0.4,1.95,,,,0.95,1.95,,0.45,0.45,1.95
118,10209720,,3.95,,,,,0.95,0.45,,,,3.95,3.95,,3.95,7.95,7.95,,,,,,,,,3.95,,1.95,0.45,,,0.4,,1.95,1.95,,,,1.45,1.95,0.45,,,,1.95,0.95,,,,,,0.45,,0.4,0.45,,,,,1.95,0.95,,,,,0.45,0.95,0.4,,,,0.4,1.95,1.95,,1.95,,,,,,0.4,,,,,3.95,3.95,1.95,1.95,2.95,1.95,1.95,1.95,1.95,1.95,1.95,2.95,,,1.95,,,0.4,7.95,7.95,,3.95,1.95,,,,,,,0.4,1.95,,0.4,4.521,,,7.95,,0.4,,0.4,0.45,0.4,0.45,0.45,0.95,1.95,1.95,1.95,0.45,0.45,,,,,,,,,,1.95,1.95,1.95,1.95,1.95,1.95,,,,1.95,1.95,0.95,,,3.95,3.95,,0.45,0.45,0.45,1.95,1.95,1.95,1.95,1.95,1.95,,,1.95,,,,,0.45,,,,1.95,,,,3.95,0.4,0.4,1.95,,,,0.95,1.95,,0.45,0.45,1.95
118,10209780,,3.95,,,,,0.95,0.45,,,,3.95,3.95,,3.95,7.95,7.95,,,,,,,,,3.95,,1.95,0.45,,,0.4,,1.95,1.95,,,,1.45,1.95,0.45,,,,1.95,0.95,,,,,,0.45,,0.4,0.45,,,,,1.95,0.95,,,,,0.45,0.95,0.4,,,,0.4,1.95,1.95,,1.95,,,,,,0.4,,,,,3.95,3.95,1.95,1.95,2.95,1.95,1.95,1.95,1.95,1.95,1.95,2.95,,,1.95,,,0.4,7.95,7.95,,3.95,1.95,,,,,,,0.4,1.95,,0.4,4.521,,,7.95,,0.4,,0.4,0.45,0.4,0.45,0.45,0.95,1.95,1.95,1.95,0.45,0.45,,,,,,,,,,1.95,1.95,1.95,1.95,1.95,1.95,,,,1.95,1.95,0.95,,,3.95,3.95,,0.45,0.45,0.45,1.95,1.95,1.95,1.95,1.95,1.95,,,1.95,,,,,0.45,,,,1.95,,,,3.95,0.4,0.4,1.95,,,,0.95,1.95,,0.45,0.45,1.95
118,10209840,,3.95,,,,,0.95,0.45,,,,3.95,3.95,,3.95,7.95,7.95,,,,,,,,,3.95,,1.95,0.45,,,0.4,,1.95,1.95,,,,1.45,1.95,0.45,,,,1.95,0.95,,,,,,0.45,,0.4,0.45,,,,,1.95,0.95,,,,,0.45,0.95,0.4,,,,0.4,1.95,1.95,,1.95,,,,,,0.4,,,,,3.95,3.95,1.95,1.95,2.95,1.95,1.95,1.95,1.95,1.95,1.95,2.95,,,1.95,,,0.4,7.95,7.95,,3.95,1.95,,,,,,,0.4,1.95,,0.4,4.283,,,7.95,,0.4,,0.4,0.45,0.4,0.45,0.45,0.95,1.95,1.95,1.95,0.45,0.45,,,,,,,,,,1.95,1.95,1.95,1.95,1.95,1.95,,,,1.95,1.95,0.95,,,3.95,3.95,,0.45,0.45,0.45,1.95,1.95,1.95,1.95,1.95,1.95,,,1.95,,,,,0.45,,,,1.95,,,,3.95,0.4,0.4,1.95,,,,0.95,1.95,,0.45,0.45,1.95
118,10209900,,3.95,,,,,0.95,0.45,,,,3.95,3.95,,3.95,7.95,7.95,,,,,,,,,3.95,,1.95,0.45,,,0.4,,1.95,1.95,,,,1.45,1.95,0.45,,,,1.95,0.95,,,,,,0.45,,0.4,0.45,,,,,1.95,0.95,,,,,0.45,0.95,0.4,,,,0.4,1.95,1.95,,1.95,,,,,,0.4,,,,,3.95,3.95,1.95,1.95,2.95,1.95,1.95,1.95,1.95,1.95,1.95,2.95,,,1.95,,,0.4,7.95,7.95,,3.95,1.95,,,,,,,0.4,1.95,,0.4,4.283,,,7.95,,0.4,,0.4,0.45,0.4,0.45,0.45,0.95,1.95,1.95,1.95,0.45,0.45,,,,,,,,,,1.95,1.95,1.95,1.95,1.95,1.95,,,,1.95,1.95,0.95,,,3.95,3.95,,0.45,0.45,0.45,1.95,1.95,1.95,1.95,1.95,1.95,,,1.95,,,,,0.45,,,,1.95,,,,3.95,0.4,0.4,1.95,,,,0.95,1.95,,0.45,0.45,1.95
118,10209960,,3.95,,,,,0.95,0.45,,,,3.95,3.95,,3.95,7.95,7.95,,,,,,,,,3.95,,1.95,0.45,,,0.4,,1.95,1.95,,,,1.45,1.95,0.45,,,,1.95,0.95,,,,,,0.45,,0.4,0.45,,,,,1.95,0.95,,,,,0.45,0.95,0.4,,,,0.4,1.95,1.95,,1.95,,,,,,0.4,,,,,3.95,3.95,1.95,1.95,2.95,1.95,1.95,1.95,1.95,1.95,1.95,2.95,,,1.95,,,0.4,7.95,7.95,,3.95,1.95,,,,,,,0.4,1.95,,0.4,4.35,,,7.95,,0.4,,0.4,0.45,0.4,0.45,0.45,0.95,1.95,1.95,1.95,0.45,0.45,,,,,,,,,,1.95,1.95,1.95,1.95,1.95,1.95,,,,1.95,1.95,0.95,,,3.95,3.95,,0.45,0.45,0.45,1.95,1.95,1.95,1.95,1.95,1.95,,,1.95,,,,,0.45,,,,1.95,,,,3.95,0.4,0.4,1.95,,,,0.95,1.95,,0.45,0.45,1.95
118,10210020,,3.95,,,,,0.95,0.45,,,,3.95,3.95,,3.95,7.95,7.95,,,,,,,,,3.95,,1.95,0.45,,,0.4,,1.95,1.95,,,,1.45,1.95,0.45,,,,1.95,0.95,,,,,,0.45,,0.4,0.45,,,,,1.95,0.95,,,,,0.45,0.95,0.4,,,,0.4,1.95,1.95,,1.95,,,,,,0.4,,,,,3.95,3.95,1.95,1.95,2.95,1.95,1.95,1.95,1.95,1.95,1.95,2.95,,,1.95,,,0.4,7.95,7.95,,3.95,1.95,,,,,,,0.4,1.95,,0.4,4.314,,,7.95,,0.4,,0.4,0.45,0.4,0.45,0.45,0.95,1.95,1.95,1.95,0.45,0.45,,,,,,,,,,1.95,1.95,1.95,1.95,1.95,1.95,,,,1.95,1.95,0.95,,,3.95,3.95,,0.45,0.45,0.45,1.95,1.95,1.95,1.95,1.95,1.95,,,1.95,,,,,0.45,,,,1.95,,,,3.95,0.4,0.4,1.95,,,,0.95,1.95,,0.45,0.45,1.95
118,10210080,,3.95,,,,,0.95,0.45,,,,3.95,3.95,,3.95,7.95,7.95,,,,,,,,,3.95,,1.95,0.45,,,0.4,,1.95,1.95,,,,1.283,1.95,0.45,,,,1.95,0.95,,,,,,0.45,,0.4,0.45,,,,,1.95,0.95,,,,,0.45,0.95,0.4,,,,0.4,1.95,1.95,,1.95,,,,,,0.4,,,,,3.95,3.95,1.95,1.95,2.95,1.95,1.95,1.95,1.95,1.95,1.95,2.95,,,1.95,,,0.4,7.95,7.95,,3.95,1.95,,,,,,,0.4,1.95,,0.4,4.35,,,7.95,,0.4,,0.4,0.45,0.4,0.45,0.45,0.95,1.95,1.95,1.95,0.45,0.45,,,,,,,,,,1.95,1.95,1.95,1.95,1.95,1.95,,,,1.95,1.95,0.95,,,3.95,3.95,,0.45,0.45,0.45,1.95,1.95,1.95,1.95,1.95,1.95,,,1.95,,,,,0.45,,,,1.95,,,,3.95,0.4,0.4,1.95,,,,0.95,1.95,,0.45,0.45,1.95
118,10210140,,3.95,,,,,0.95,0.45,,,,3.95,3.95,,3.95,7.95,7.95,,,,,,,,,3.95,,1.95,0.45,,,0.4,,1.95,1.95,,,,1.45,1.95,0.45,,,,1.95,0.95,,,,,,0.45,,0.4,0.45,,,,,1.95,0.95,,,,,0.45,0.95,0.4,,,,0.4,1.95,1.95,,1.95,,,,,,0.4,,,,,3.95,3.95,1.95,1.95,2.95,1.95,1.95,1.95,1.95,1.95,1.95,2.95,,,1.95,,,0.4,7.95,7.95,,3.95,1.95,,,,,,,0.4,1.95,,0.4,4.35,,,7.95,,0.4,,0.4,0.45,0.4,0.45,0.45,0.95,1.95,1.95,1.95,0.45,0.45,,,,,,,,,,1.95,1.95,1.95,1.95,1.95,1.95,,,,1.95,1.95,0.95,,,3.95,3.95,,0.45,0.45,0.45,1.95,1.95,1.95,1.95,1.95,1.95,,,1.95,,,,,0.45,,,,1.95,,,,3.95,0.4,0.4,1.95,,,,0.95,1.95,,0.45,0.45,1.95
118,10210200,,3.95,,,,,0.95,0.45,,,,3.95,3.95,,3.95,7.95,7.95,,,,,,,,,3.95,,1.95,0.45,,,0.4,,1.95,1.95,,,,1.45,1.95,0.45,,,,1.95,0.95,,,,,,0.45,,0.4,0.45,,,,,1.95,0.95,,,,,0.45,0.95,0.4,,,,0.4,1.95,1.95,,1.95,,,,,,0.4,,,,,3.95,3.95,1.95,1.95,2.95,1.95,1.95,1.95,1.95,1.95,1.95,2.95,,,1.95,,,0.4,7.95,7.95,,3.95,1.95,,,,,,,0.4,1.95,,0.4,4.35,,,7.95,,0.4,,0.4,0.45,0.4,0.45,0.45,0.95,1.95,1.95,1.95,0.45,0.45,,,,,,,,,,1.95,1.95,1.95,1.95,1.95,1.95,,,,1.95,1.95,0.95,,,3.95,3.95,,0.45,0.45,0.45,1.95,1.95,1.95,1.95,1.95,1.95,,,1.95,,,,,0.45,,,,1.95,,,,3.95,0.4,0.4,1.95,,,,0.95,1.95,,0.45,0.45,1.95
118,10210260,,3.95,,,,,0.95,0.45,,,,3.95,3.95,,3.95,7.95,7.95,,,,,,,,,3.95,,1.95,0.45,,,0.4,,1.95,1.95,,,,1.45,1.95,0.45,,,,1.95,0.95,,,,,,0.45,,0.4,0.45,,,,,1.95,0.95,,,,,0.45,0.95,0.4,,,,0.4,1.95,1.95,,1.95,,,,,,0.4,,,,,3.95,3.95,1.95,1.95,2.95,1.95,1.95,1.95,1.95,1.95,1.95,2.95,,,1.95,,,0.4,7.95,7.95,,3.95,1.95,,,,,,,0.4,1.95,,0.4,4.394,,,7.95,,0.4,,0.4,0.45,0.4,0.45,0.45,0.95,1.95,1.95,1.95,0.45,0.45,,,,,,,,,,1.95,1.95,1.95,1.95,1.95,1.95,,,,1.95,1.95,0.95,,,3.95,3.95,,0.45,0.45,0.45,1.95,1.95,1.95,1.95,1.95,1.95,,,1.95,,,,,0.45,,,,1.95,,,,3.95,0.4,0.4,1.95,,,,0.95,1.95,,0.45,0.45,1.95
118,10210320,,3.95,,,,,0.95,0.45,,,,3.95,3.95,,3.95,7.95,7.95,,,,,,,,,3.95,,1.95,0.45,,,0.4,,1.95,1.95,,,,1.45,1.95,0.45,,,,1.95,0.95,,,,,,0.45,,0.4,0.45,,,,,1.95,0.95,,,,,0.45,0.95,0.4,,,,0.4,1.95,1.95,,1.95,,,,,,0.4,,,,,3.95,3.95,1.95,1.95,2.95,1.95,1.95,1.95,1.95,1.95,1.95,2.95,,,1.95,,,0.4,7.95,7.95,,3.95,1.95,,,,,,,0.4,1.95,,0.4,4.394,,,7.95,,0.4,,0.4,0.45,0.4,0.45,0.45,0.95,1.95,1.95,1.95,0.45,0.45,,,,,,,,,,1.95,1.95,1.95,1.95,1.95,1.95,,,,1.95,1.95,0.95,,,3.95,3.95,,0.45,0.45,0.45,1.95,1.95,1.95,1.95,1.95,1.95,,,1.95,,,,,0.45,,,,1.95,,,,3.95,0.4,0.4,1.95,,,,0.95,1.95,,0.45,0.45,1.95
118,10210380,,3.95,,,,,0.95,0.45,,,,3.95,3.95,,3.95,7.95,7.95,,,,,,,,,3.95,,1.95,0.45,,,0.4,,1.95,1.95,,,,1.45,1.95,0.45,,,,1.95,0.95,,,,,,0.45,,0.4,0.45,,,,,1.95,0.95,,,,,0.45,0.95,0.4,,,,0.4,1.95,1.95,,1.95,,,,,,0.4,,,,,3.95,3.95,1.95,1.95,2.95,1.95,1.95,1.95,1.95,1.95,1.95,2.95,,,1.95,,,0.4,7.95,7.95,,3.95,1.95,,,,,,,0.4,1.95,,0.4,4.314,,,7.95,,0.4,,0.4,0.45,0.4,0.45,0.45,0.95,1.95,1.95,1.95,0.45,0.45,,,,,,,,,,1.95,1.95,1.95,1.95,1.95,1.95,,,,1.95,1.95,0.95,,,3.95,3.95,,0.45,0.45,0.45,1.95,1.95,1.95,1.95,1.95,1.95,,,1.95,,,,,0.45,,,,1.95,,,,3.95,0.4,0.4,1.95,,,,0.95,1.95,,0.45,0.45,1.95
118,10210440,,3.95,,,,,0.95,0.45,,,,3.95,3.95,,3.95,7.95,7.95,,,,,,,,,3.95,,1.95,0.45,,,0.4,,1.95,1.95,,,,1.45,1.95,0.45,,,,1.95,0.95,,,,,,0.45,,0.4,0.45,,,,,1.95,0.95,,,,,0.45,0.95,0.4,,,,0.4,1.95,1.95,,1.95,,,,,,0.4,,,,,3.95,3.95,1.95,1.95,2.95,1.95,1.95,1.95,1.95,1.95,1.95,2.95,,,1.95,,,0.4,7.95,7.95,,3.95,1.95,,,,,,,0.4,1.95,,0.4,4.394,,,7.95,,0.4,,0.4,0.45,0.4,0.45,0.45,0.95,1.95,1.95,1.95,0.45,0.45,,,,,,,,,,1.95,1.95,1.95,1.95,1.95,1.95,,,,1.95,1.95,0.95,,,3.95,3.95,,0.45,0.45,0.45,1.95,1.95,1.95,1.95,1.95,1.95,,,1.95,,,,,0.45,,,,1.95,,,,3.95,0.4,0.4,1.95,,,,0.95,1.95,,0.45,0.45,1.95
118,10210500,,3.95,,,,,0.95,0.45,,,,3.95,3.95,,3.95,7.95,7.95,,,,,,,,,3.95,,1.95,0.45,,,0.4,,1.95,1.95,,,,1.45,1.95,0.45,,,,1.95,0.95,,,,,,0.45,,0.4,0.45,,,,,1.95,0.95,,,,,0.45,0.95,0.4,,,,0.4,1.95,1.95,,1.95,,,,,,0.4,,,,,3.95,3.95,1.95,1.95,2.95,1.95,1.95,1.95,1.95,1.95,1.95,2.95,,,1.95,,,0.4,7.95,7.95,,3.95,1.95,,,,,,,0.4,1.95,,0.4,4.35,,,7.95,,0.4,,0.4,0.45,0.4,0.45,0.45,0.95,1.95,1.95,1.95,0.45,0.45,,,,,,,,,,1.95,1.95,1.95,1.95,1.95,1.95,,,,1.95,1.95,0.95,,,3.95,3.95,,0.45,0.45,0.45,1.95,1.95,1.95,1.95,1.95,1.95,,,1.95,,,,,0.45,,,,1.95,,,,3.95,0.4,0.4,1.95,,,,0.95,1.95,,0.45,0.45,1.95
118,10210560,,3.95,,,,,0.95,0.45,,,,3.95,3.95,,3.95,7.95,7.95,,,,,,,,,3.95,,1.95,0.45,,,0.4,,1.95,1.95,,,,1.45,1.95,0.45,,,,1.95,0.95,,,,,,0.45,,0.4,0.45,,,,,1.95,0.95,,,,,0.45,0.95,0.4,,,,0.4,1.95,1.95,,1.95,,,,,,0.4,,,,,3.95,3.95,1.95,1.95,2.95,1.95,1.95,1.95,1.95,1.95,1.95,2.95,,,1.95,,,0.4,7.95,7.95,,3.95,1.95,,,,,,,0.4,1.95,,0.4,4.35,,,7.95,,0.4,,0.4,0.45,0.4,0.45,0.45,0.95,1.95,1.95,1.95,0.45,0.45,,,,,,,,,,1.95,1.95,1.95,1.95,1.95,1.95,,,,1.95,1.95,0.95,,,3.95,3.95,,0.45,0.45,0.45,1.95,1.95,1.95,1.95,1.95,1.95,,,1.95,,,,,0.45,,,,1.95,,,,3.95,0.4,0.4,1.95,,,,0.95,1.95,,0.45,0.45,1.95
118,10210620,,3.95,,,,,0.95,0.45,,,,3.95,3.95,,3.95,7.95,7.95,,,,,,,,,3.95,,1.95,0.45,,,0.4,,1.95,1.95,,,,1.45,1.95,0.45,,,,1.95,0.95,,,,,,0.45,,0.4,0.45,,,,,1.95,0.95,,,,,0.45,0.95,0.4,,,,0.4,1.95,1.95,,1.95,,,,,,0.4,,,,,3.95,3.95,1.95,1.95,2.95,1.95,1.95,1.95,1.95,1.95,1.95,2.95,,,1.95,,,0.4,7.95,7.95,,3.95,1.95,,,,,,,0.4,1.95,,0.4,4.394,,,7.95,,0.4,,0.4,0.45,0.4,0.45,0.45,0.95,1.95,1.95,1.95,0.45,0.45,,,,,,,,,,1.95,1.95,1.95,1.95,1.95,1.95,,,,1.95,1.95,0.95,,,3.95,3.95,,0.45,0.45,0.45,1.95,1.95,1.95,1.95,1.95,1.95,,,1.95,,,,,0.45,,,,1.95,,,,3.95,0.4,0.4,1.95,,,,0.95,1.95,,0.45,0.45,1.95
118,10210680,,3.95,,,,,0.95,0.45,,,,3.95,3.95,,3.95,7.95,7.95,,,,,,,,,3.95,,1.95,0.45,,,0.4,,1.95,1.95,,,,1.45,1.95,0.45,,,,1.95,0.95,,,,,,0.45,,0.4,0.45,,,,,1.95,0.95,,,,,0.45,0.95,0.4,,,,0.4,1.95,1.95,,1.95,,,,,,0.4,,,,,3.95,3.95,1.95,1.95,2.95,1.95,1.95,1.95,1.95,1.95,1.95,2.95,,,1.95,,,0.4,7.95,7.95,,3.95,1.95,,,,,,,0.4,1.95,,0.4,4.394,,,7.95,,0.4,,0.4,0.45,0.4,0.45,0.45,0.95,1.95,1.95,1.95,0.45,0.45,,,,,,,,,,1.95,1.95,1.95,1.95,1.95,1.95,,,,1.95,1.95,0.95,,,3.95,3.95,,0.45,0.45,0.45,1.95,1.95,1.95,1.95,1.95,1.95,,,1.95,,,,,0.45,,,,1.95,,,,3.95,0.4,0.4,1.95,,,,0.95,1.95,,0.45,0.45,1.95
118,10210740,,3.95,,,,,0.95,0.45,,,,3.95,3.95,,3.95,7.95,7.95,,,,,,,,,3.95,,1.95,0.45,,,0.4,,1.95,1.95,,,,1.45,1.95,0.45,,,,1.95,0.95,,,,,,0.45,,0.4,0.45,,,,,1.95,0.95,,,,,0.45,0.95,0.4,,,,0.4,1.95,1.95,,1.95,,,,,,0.4,,,,,3.95,3.95,1.95,1.95,2.95,1.95,1.95,1.95,1.95,1.95,1.95,2.95,,,1.95,,,0.4,7.95,7.95,,3.95,1.95,,,,,,,0.4,1.95,,0.4,4.394,,,7.95,,0.4,,0.4,0.45,0.4,0.45,0.45,0.95,1.95,1.95,1.95,0.45,0.45,,,,,,,,,,1.95,1.95,1.95,1.95,1.95,1.95,,,,1.95,1.95,0.95,,,3.95,3.95,,0.45,0.45,0.45,1.95,1.95,1.95,1.95,1.95,1.95,,,1.95,,,,,0.45,,,,1.95,,,,3.95,0.4,0.4,1.95,,,,0.95,1.95,,0.45,0.45,1.95
118,10210800,,3.95,,,,,0.95,0.45,,,,3.95,3.95,,3.95,7.95,7.95,,,,,,,,,3.95,,1.95,0.45,,,0.4,,1.95,1.95,,,,1.45,1.95,0.45,,,,1.95,0.95,,,,,,0.45,,0.4,0.45,,,,,1.95,0.95,,,,,0.45,0.95,0.4,,,,0.4,1.95,1.95,,1.95,,,,,,0.4,,,,,3.95,3.95,1.95,1.95,2.95,1.95,1.95,1.95,1.95,1.95,1.95,2.95,,,1.95,,,0.4,7.95,7.95,,3.95,1.95,,,,,,,0.4,1.95,,0.4,4.35,,,7.95,,0.4,,0.4,0.45,0.4,0.45,0.45,0.95,1.95,1.95,1.95,0.45,0.45,,,,,,,,,,1.95,1.95,1.95,1.95,1.95,1.95,,,,1.95,1.95,0.95,,,3.95,3.95,,0.45,0.45,0.45,1.95,1.95,1.95,1.95,1.95,1.95,,,1.95,,,,,0.45,,,,1.95,,,,3.95,0.4,0.4,1.95,,,,0.95,1.95,,0.45,0.45,1.95
118,10210860,,3.95,,,,,0.95,0.45,,,,3.95,3.95,,3.95,7.95,7.95,,,,,,,,,3.95,,1.95,0.45,,,0.4,,1.95,1.95,,,,1.45,1.95,0.45,,,,1.95,0.95,,,,,,0.45,,0.4,0.45,,,,,1.95,0.95,,,,,0.45,0.95,0.4,,,,0.4,1.95,1.95,,1.95,,,,,,0.4,,,,,3.95,3.95,1.95,1.95,2.95,1.95,1.95,1.95,1.95,1.95,1.95,2.95,,,1.95,,,0.4,7.95,7.95,,3.95,1.95,,,,,,,0.4,1.95,,0.4,4.394,,,7.95,,0.4,,0.4,0.45,0.4,0.45,0.45,0.95,1.95,1.95,1.95,0.45,0.45,,,,,,,,,,1.95,1.95,1.95,1.95,1.95,1.95,,,,1.95,1.95,0.95,,,3.95,3.95,,0.45,0.45,0.45,1.95,1.95,1.95,1.95,1.95,1.95,,,1.95,,,,,0.45,,,,1.95,,,,3.95,0.4,0.4,1.95,,,,0.95,1.95,,0.45,0.45,1.95
118,10210920,,3.95,,,,,0.95,0.45,,,,3.95,3.95,,3.95,7.95,7.95,,,,,,,,,3.95,,1.95,0.45,,,0.4,,1.95,1.95,,,,1.45,1.95,0.45,,,,1.95,0.95,,,,,,0.45,,0.4,0.45,,,,,1.95,0.95,,,,,0.45,0.95,0.4,,,,0.4,1.95,1.95,,1.95,,,,,,0.4,,,,,3.95,3.95,1.95,1.95,2.95,1.95,1.95,1.95,1.95,1.95,1.95,2.95,,,1.95,,,0.4,7.95,7.95,,3.95,1.95,,,,,,,0.4,1.95,,0.4,4.394,,,7.95,,0.4,0.4,0.4,0.45,0.4,0.45,0.45,0.95,1.95,1.95,1.95,0.45,0.45,,,,,,,,,,1.95,1.95,1.95,1.95,1.95,1.95,,,,1.95,1.95,0.95,,,3.95,3.95,,0.45,0.45,0.45,1.95,1.95,1.95,1.95,1.95,1.95,,,1.95,,,,,0.45,,,,1.95,,,,3.95,0.4,0.4,1.95,,,,0.95,1.95,,0.45,0.45,1.95
118,10210980,,3.95,,,,,0.95,0.45,,,,3.95,3.95,,3.95,7.95,7.95,,,,,,,,,3.95,,1.95,0.45,,,0.4,,1.95,1.95,,,,1.45,1.95,0.45,,,,1.95,0.95,,,,,,0.45,,0.4,0.45,,,,,1.95,0.95,,,,,0.45,0.95,0.4,,,,0.4,1.95,1.95,,1.95,,,,,,0.4,,,,,3.95,3.95,1.95,1.95,2.95,1.95,1.95,1.95,1.95,1.95,1.95,2.95,,,1.95,,,0.4,7.95,7.95,,3.95,1.95,,,,,,,0.4,1.95,,0.4,4.394,,,7.95,,0.4,0.4,0.4,0.45,0.4,0.45,0.45,0.95,1.95,1.95,1.95,0.45,0.45,,,,,,,,,,1.95,1.95,1.95,1.95,1.95,1.95,,,,1.95,1.95,0.95,,,3.95,3.95,,0.45,0.45,0.45,1.95,1.95,1.95,1.95,1.95,1.95,,,1.95,,,,,0.45,,,,1.95,,,,3.95,0.4,0.4,1.95,,,,0.95,1.95,,0.45,0.45,1.95
118,10211040,,3.95,,,,,0.95,0.45,,,,3.95,3.95,,3.95,7.95,7.95,,,,,,,,,3.95,,1.95,0.45,,,0.4,,1.95,1.95,,,,1.45,1.95,0.45,,,,1.95,0.95,,,,,,0.45,,0.4,0.45,,,,,1.95,0.95,,,,,0.45,0.95,0.4,,,,0.4,1.95,1.95,,1.95,,,,,,0.4,,,,,3.95,3.95,1.95,1.95,2.95,1.95,1.95,1.95,1.95,1.95,1.95,2.95,,,1.95,,,0.4,7.95,7.95,,3.95,1.95,,,,,,,0.4,1.95,,0.4,4.258,,,7.95,,0.4,0.4,0.4,0.45,0.4,0.45,0.45,0.95,1.95,1.95,1.95,0.45,0.45,,,,,,,,,,1.95,1.95,1.95,1.95,1.95,1.95,,,,1.95,1.95,0.95,,,3.95,3.95,,0.45,0.45,0.45,1.95,1.95,1.95,1.95,1.95,1.95,,,1.95,,,,,0.45,,,,1.95,,,,3.95,0.4,0.4,1.95,,,,0.95,1.95,,0.45,0.45,1.95
118,10211100,,3.95,,,,,0.95,0.45,,,,3.95,3.95,,3.95,7.95,7.95,,,,,,,,,3.95,,1.95,0.45,,,0.4,,1.95,1.95,,,,1.45,1.95,0.45,,,,1.95,0.95,,,,,,0.45,,0.4,0.45,,,,,1.95,0.95,,,,,0.45,0.95,0.4,,,,0.4,1.95,1.95,,1.95,,,,,,0.4,,,,,3.95,3.95,1.95,1.95,2.95,1.95,1.95,1.95,1.95,1.95,1.95,2.95,,,1.95,,,0.4,7.95,7.95,,3.95,1.95,,,,,,,0.4,1.95,,0.4,3.95,,,7.95,,0.4,0.4,0.4,0.45,0.4,0.45,0.45,0.95,1.95,1.95,1.95,0.45,0.45,,,,,,,,,,1.95,1.95,1.95,1.95,1.95,1.95,,,,1.95,1.95,0.95,,,3.95,3.95,,0.45,0.45,0.45,1.95,1.95,1.95,1.95,1.95,1.95,,,1.95,,,,,0.45,,,,1.95,,,,3.95,0.4,0.4,1.95,,,,0.95,1.95,,0.45,0.45,1.95
118,10211160,,3.95,,,,,0.95,0.45,,,,3.95,3.95,,3.95,7.95,7.95,,,,,,,,,3.95,,1.95,0.45,,,0.4,,1.95,1.95,,,,1.45,1.95,0.45,,,,1.95,0.95,,,,,,0.45,,0.4,0.45,,,,,1.95,0.95,,,,,0.45,0.95,0.4,,,,0.4,1.95,1.95,,1.95,,,,,,0.4,,,,,3.95,3.95,1.95,1.95,2.95,1.95,1.95,1.95,1.95,1.95,1.95,2.95,,,1.95,,,0.4,7.95,7.95,,3.95,1.95,,,,,,,0.4,1.95,,0.4,3.95,,,7.95,,0.4,0.4,0.4,0.45,0.4,0.45,0.45,0.95,1.95,1.95,1.95,0.45,0.45,,,,,,,,,,1.95,1.95,1.95,1.95,1.95,1.95,,,,1.95,1.95,0.95,,,3.95,3.95,,0.45,0.45,0.45,1.95,1.95,1.95,1.95,1.95,1.95,,,1.95,,,,,0.45,,,,1.95,,,,3.95,0.4,0.4,1.95,,,,0.95,1.95,,0.45,0.45,1.95
118,10211220,,3.95,,,,,0.95,0.45,,,,3.95,3.95,,3.95,7.95,7.95,,,,,,,,,3.95,,1.95,0.45,,,0.4,,1.95,1.95,,,,1.45,1.95,0.45,,,,1.95,0.95,,,,,,0.45,,0.4,0.45,,,,,1.95,0.95,,,,,0.45,0.95,0.4,,,,0.4,1.95,1.95,,1.95,,,,,,0.4,,,,,3.95,3.95,1.95,1.95,2.95,1.95,1.95,1.95,1.95,1.95,1.95,2.95,,,1.95,,,0.4,7.95,7.95,,3.95,1.95,,,,,,,0.4,1.95,,0.4,3.95,,,7.95,,0.4,0.4,0.4,0.45,0.4,0.45,0.45,0.95,1.95,1.95,1.95,0.45,0.45,,,,,,,,,,1.95,1.95,1.95,1.95,1.95,1.95,,,,1.95,1.95,0.95,,,3.95,3.95,,0.45,0.45,0.45,1.95,1.95,1.95,1.95,1.95,1.95,,,1.95,,,,,0.45,,,,1.95,,,,3.95,0.4,0.4,1.95,,,,0.95,1.95,,0.45,0.45,1.95
118,10211280,,3.95,,,,,0.95,0.45,,,,3.95,3.95,,3.95,7.95,7.95,,,,,,,,,3.95,,1.95,0.45,,,0.4,,1.95,1.95,,,,1.45,1.95,0.45,,,,1.95,0.95,,,,,,0.45,,0.4,0.45,,,,,1.95,0.95,,,,,0.45,0.95,0.4,,,,0.4,1.95,1.95,,1.95,,,,,,0.4,,,,,3.95,3.95,1.95,1.95,2.95,1.95,1.95,1.95,1.95,1.95,1.95,2.95,,,1.95,,,0.4,7.95,7.95,,3.95,1.95,,,,,,,0.4,1.95,,0.4,3.95,,,7.95,,0.4,0.4,0.4,0.45,0.4,0.45,0.45,0.95,1.95,1.95,1.95,0.45,0.45,,,,,,,,,,1.95,1.95,1.95,1.95,1.95,1.95,,,,1.95,1.95,0.95,,,3.95,3.95,,0.45,0.45,0.45,1.95,1.95,1.95,1.95,1.95,1.95,,,1.95,,,,,0.45,,,,1.95,,,,3.95,0.4,0.4,1.95,,,,0.95,1.95,,0.45,0.45,1.95
118,10211340,,3.95,,,,,0.95,0.45,,,,3.95,3.95,,3.95,7.95,7.95,,,,,,,,,3.95,,1.95,0.45,,,0.4,,1.95,1.95,,,,1.45,1.95,0.45,,,,1.95,0.95,,,,,,0.45,,0.4,0.45,,,,,1.95,0.95,,,,,0.45,0.95,0.4,,,,0.4,1.95,1.95,,1.95,,,,,,0.4,,,,,3.95,3.95,1.95,1.95,2.95,1.95,1.95,1.95,1.95,1.95,1.95,2.95,,,1.95,,,0.4,7.95,7.95,,3.95,1.95,,,,,,,0.4,1.95,,0.4,3.95,,,7.95,,0.4,0.4,0.4,0.45,0.4,0.45,0.45,0.95,1.95,1.95,1.95,0.45,0.45,,,,,,,,,,1.95,1.95,1.95,1.95,1.95,1.95,,,,1.95,1.95,0.95,,,3.95,3.95,,0.45,0.45,0.45,1.95,1.95,1.95,1.95,1.95,1.95,,,1.95,,,,,0.45,,,,1.95,,,,3.95,0.4,0.4,1.95,,,,0.95,1.95,,0.45,0.45,1.95
118,10211400,,3.95,,,,,0.95,0.45,,,,3.95,3.95,,3.95,7.95,7.95,,,,,,,,,3.95,,1.95,0.45,,,0.4,,1.95,1.95,,,,1.45,1.95,0.45,,,,1.95,0.95,,,,,,0.45,,0.4,0.45,,,,,1.95,0.95,,,,,0.45,0.95,0.4,,,,0.4,1.95,1.95,,1.95,,,,,,0.4,,,,,3.95,3.95,1.95,1.95,2.95,1.95,1.95,1.95,1.95,1.95,1.95,2.95,,,1.95,,,0.4,7.95,7.95,,3.95,1.95,,,,,,,0.4,1.95,,0.4,3.95,,,7.95,,0.4,0.4,0.4,0.45,0.4,0.45,0.45,0.95,1.95,1.95,1.95,0.45,0.45,,,,,,,,,,1.95,1.95,1.95,1.95,1.95,1.95,,,,1.95,1.95,0.95,,,3.95,3.95,,0.45,0.45,0.45,1.95,1.95,1.95,1.95,1.95,1.95,,,1.95,,,,,0.45,,,,1.95,,,,3.95,0.4,0.4,1.95,,,,0.95,1.95,,0.45,0.45,1.95
118,10211460,,3.95,,,,,0.95,0.45,,,,3.95,3.95,,3.95,7.95,7.95,,,,,,,,,3.95,,1.95,0.45,,,0.4,,1.95,1.95,,,,1.45,1.95,0.45,,,,1.95,0.95,,,,,,0.45,,0.4,0.45,,,,,1.95,0.95,,,,,0.45,0.95,0.4,,,,0.4,1.95,1.95,,1.95,,,,,,0.4,,,,,3.95,3.95,1.95,1.95,2.95,1.95,1.95,1.95,1.95,1.95,1.95,2.95,,,1.95,,,0.4,7.95,7.95,,3.95,1.95,,,,,,,0.4,1.95,,0.4,3.95,,,7.95,,0.4,0.4,0.4,0.45,0.4,0.45,0.45,0.95,1.95,1.95,1.95,0.45,0.45,,,,,,,,,,1.95,1.95,1.95,1.95,1.95,1.95,,,,1.95,1.95,0.95,,,3.95,3.95,,0.45,0.45,0.45,1.95,1.95,1.95,1.95,1.95,1.95,,,1.95,,,,,0.45,,,,1.95,,,,3.95,0.4,0.4,1.95,,,,0.95,1.95,,0.45,0.45,1.95
118,10211520,,3.95,,,,,0.95,0.45,,,,3.95,3.95,,3.95,7.95,7.95,,,,,,,,,3.95,,1.95,0.45,,,0.4,,1.95,1.95,,,,1.45,1.95,0.45,,,,1.95,0.95,,,,,,0.45,,0.4,0.45,,,,,1.95,0.95,,,,,0.45,0.95,0.4,,,,0.4,1.95,1.95,,1.95,,,,,,0.4,,,,,3.95,3.95,1.95,1.95,2.95,1.95,1.95,1.95,1.95,1.95,1.95,2.95,,,1.95,,,0.4,7.95,7.95,,3.95,1.95,,,,,,,0.4,1.95,,0.4,3.95,,,7.95,,0.4,0.4,0.4,0.45,0.4,0.45,0.45,0.95,1.95,1.95,1.95,0.45,0.45,,,,,,,,,,1.95,1.95,1.95,1.95,1.95,1.95,,,,1.95,1.95,0.95,,,3.95,3.95,,0.45,0.45,0.45,1.95,1.95,1.95,1.95,1.95,1.95,,,1.95,,,,,0.45,,,,1.95,,,,3.95,0.4,0.4,1.95,,,,0.95,1.95,,0.45,0.45,1.95
118,10211580,,3.95,,,,,0.95,0.45,,,,3.95,3.95,,3.95,7.95,7.95,,,,,,,,,3.95,,1.95,0.45,,,0.4,,1.95,1.95,,,,1.45,1.95,0.45,,,,1.95,0.95,,,,,,0.45,,0.4,0.45,,,,,1.95,0.95,,,,,0.45,0.95,0.4,,,,0.4,1.95,1.95,,1.95,,,,,,0.4,,,,,3.95,3.95,1.95,1.95,2.95,1.95,1.95,1.95,1.95,1.95,1.95,2.95,,,1.95,,,0.4,7.95,7.95,,3.95,1.95,,,,,,,0.4,1.95,,0.4,3.95,,,7.95,,0.4,0.4,0.4,0.45,0.4,0.45,0.45,0.95,1.95,1.95,1.95,0.45,0.45,,,,,,,,,,1.95,1.95,1.95,1.95,1.95,1.95,,,,1.95,1.95,0.95,,,3.95,3.95,,0.45,0.45,0.45,1.95,1.95,1.95,1.95,1.95,1.95,,,1.95,,,,,0.45,,,,1.95,,,,3.95,0.4,0.4,1.95,,,,0.95,1.95,,0.45,0.45,1.95
118,10211640,,3.95,,,,,0.95,0.45,,,,3.95,3.95,,3.95,7.95,7.95,,,,,,,,,3.95,,1.95,0.45,,,0.4,,1.95,1.95,,,,1.45,1.95,0.45,,,,1.95,0.95,,,,,,0.45,,0.4,0.45,,,,,1.95,0.95,,,,,0.45,0.95,0.4,,,,0.4,1.95,1.95,,1.95,,,,,,0.4,,,,,3.95,3.95,1.95,1.95,2.95,1.95,1.95,1.95,1.95,1.95,1.95,2.95,,,1.95,,,0.4,7.95,7.95,,3.95,1.95,,,,,,,0.4,1.95,,0.4,3.95,,,7.95,,0.4,0.4,0.4,0.45,0.4,0.45,0.45,0.95,1.95,1.95,1.95,0.45,0.45,,,,,,,,,,1.95,1.95,1.95,1.95,1.95,1.95,,,,1.95,1.95,0.95,,,3.95,3.95,,0.45,0.45,0.45,1.95,1.95,1.95,1.95,1.95,1.95,,,1.95,,,,,0.45,,,,1.95,,,,3.95,0.4,0.4,1.95,,,,0.95,1.95,,0.45,0.45,1.95
118,10211700,,3.95,,,,,0.95,0.45,,,,3.95,3.95,,3.95,7.95,7.95,,,,,,,,,3.95,,1.95,0.45,,,0.4,,1.95,1.95,,,,1.45,1.95,0.45,,,,1.95,0.95,,,,,,0.45,,0.4,0.45,,,,,1.95,0.95,,,,,0.45,0.95,0.4,,,,0.4,1.95,1.95,,1.95,,,,,,0.4,,,,,3.95,3.95,1.95,1.95,2.95,1.95,1.95,1.95,1.95,1.95,1.95,2.95,,,1.95,,,0.4,7.95,7.95,,3.95,1.95,,,,,,,0.4,1.95,,0.4,3.95,,,7.95,,0.4,0.4,0.4,0.45,0.4,0.45,0.45,0.95,1.95,1.95,1.95,0.45,0.45,,,,,,,,,,1.95,1.95,1.95,1.95,1.95,1.95,,,,1.95,1.95,0.95,,,3.95,3.95,,0.45,0.45,0.45,1.95,1.95,1.95,1.95,1.95,1.95,,,1.95,,,,,0.45,,,,1.95,,,,3.95,0.4,0.4,1.95,,,,0.95,1.95,,0.45,0.45,1.95
118,10211760,,3.95,,,,,0.95,0.45,,,,3.95,3.95,,3.95,7.95,7.95,,,,,,,,,3.95,,1.95,0.45,,,0.4,,1.95,1.95,,,,1.45,1.95,0.45,,,,1.95,0.95,,,,,,0.45,,0.4,0.45,,,,,1.95,0.95,,,,,0.45,0.95,0.4,,,,0.4,1.95,1.95,,1.95,,,,,,0.4,,,,,3.95,3.95,1.95,1.95,2.95,1.95,1.95,1.95,1.95,1.95,1.95,2.95,,,1.95,,,0.4,7.95,7.95,,3.95,1.95,,,,,,,0.4,1.95,,0.4,3.95,,,7.95,,0.4,0.4,0.4,0.45,0.4,0.45,0.45,0.95,1.95,1.95,1.95,0.45,0.45,,,,,,,,,,1.95,1.95,1.95,1.95,1.95,1.95,,,,1.95,1.95,0.95,,,3.95,3.95,,0.45,0.45,0.45,1.95,1.95,1.95,1.95,1.95,1.95,,,1.95,,,,,0.45,,,,1.95,,,,3.95,0.4,0.4,1.95,,,,0.95,1.95,,0.45,0.45,1.95
118,10211820,,3.95,,,,,0.95,0.45,,,,3.95,3.95,,3.95,7.95,7.95,,,,,,,,,3.95,,1.95,0.45,,,0.4,,1.95,1.95,,,,1.45,1.95,0.45,,,,1.95,0.95,,,,,,0.45,,0.4,0.45,,,,,1.95,0.95,,,,,0.45,0.95,0.4,,,,0.4,1.95,1.95,,1.95,,,,,,0.4,,,,,3.95,3.95,1.95,1.95,2.95,1.95,1.95,1.95,1.95,1.95,1.95,2.95,,,1.95,,,0.4,7.95,7.95,,3.95,1.95,,,,,,,0.4,1.95,,0.4,3.95,,,7.95,,0.4,0.4,0.4,0.45,0.4,0.45,0.45,0.95,1.95,1.95,1.95,0.45,0.45,,,,,,,,,,1.95,1.95,1.95,1.95,1.95,1.95,,,,1.95,1.95,0.95,,,3.95,3.95,,0.45,0.45,0.45,1.95,1.95,1.95,1.95,1.95,1.95,,,1.95,,,,,0.45,,,,1.95,,,,3.95,0.4,0.4,1.95,,,,0.95,1.95,,0.45,0.45,1.95
118,10211880,,3.95,,,,,0.95,0.45,,,,3.95,3.95,,3.95,7.95,7.95,,,,,,,,,3.95,,1.95,0.45,,,0.4,,1.95,1.95,,,,1.45,1.95,0.45,,,,1.95,0.95,,,,,,0.45,,0.4,0.45,,,,,1.95,0.95,,,,,0.45,0.95,0.4,,,,0.4,1.95,1.95,,1.95,,,,,,0.4,,,,,3.95,3.95,1.95,1.95,2.95,1.95,1.95,1.95,1.95,1.95,1.95,2.95,,,1.95,,,0.4,7.95,7.95,,3.95,1.95,,,,,,,0.4,1.95,,0.4,3.95,,,7.95,,0.4,0.4,0.4,0.45,0.4,0.45,0.45,0.95,1.95,1.95,1.95,0.45,0.45,,,,,,,,,,1.95,1.95,1.95,1.95,1.95,1.95,,,,1.95,1.95,0.95,,,3.95,3.95,,0.45,0.45,0.45,1.95,1.95,1.95,1.95,1.95,1.95,,,1.95,,,,,0.45,,,,1.95,,,,3.95,0.4,0.4,1.95,,,,0.95,1.95,,0.45,0.45,1.95
118,10211940,,3.95,,,,,0.95,0.45,,,,3.95,3.95,,3.95,7.95,7.95,,,,,,,,,3.95,,1.95,0.45,,,0.4,,1.95,1.95,,,,1.45,1.95,0.45,,,,1.95,0.95,,,,,,0.45,,0.4,0.45,,,,,1.95,0.95,,,,,0.45,0.95,0.4,,,,0.4,1.95,1.95,,1.95,,,,,,0.4,,,,,3.95,3.95,1.95,1.95,2.95,1.95,1.95,1.95,1.95,1.95,1.95,2.95,,,1.95,,,0.4,7.95,7.95,,3.95,1.95,,,,,,,0.4,1.95,,0.4,3.95,,,7.95,,0.4,0.4,0.4,0.45,0.4,0.45,0.45,0.95,1.95,1.95,1.95,0.45,0.45,,,,,,,,,,1.95,1.95,1.95,1.95,1.95,1.95,,,,1.95,1.95,0.95,,,3.95,3.95,,0.45,0.45,0.45,1.95,1.95,1.95,1.95,1.95,1.95,,,1.95,,,,,0.45,,,,1.95,,,,3.95,0.4,0.4,1.95,,,,0.95,1.95,,0.45,0.45,1.95
118,10212000,,3.95,,,,,0.95,0.45,,,,3.95,3.95,,3.95,7.95,7.95,,,,,,,,,3.95,,1.95,0.45,,,0.4,,1.95,1.95,,,,1.45,1.95,0.45,,,,1.95,0.95,,,,,,0.45,,0.4,0.45,,,,,1.95,0.95,,,,,0.45,0.95,0.4,,,,0.4,1.95,1.95,,1.95,,,,,,0.4,,,,,3.95,3.95,1.95,1.95,2.95,1.95,1.95,1.95,1.95,1.95,1.95,2.95,,,1.95,,,0.4,7.95,7.95,,3.95,1.95,,,,,,,0.4,1.95,,0.4,3.95,,,7.95,,0.4,0.4,0.4,0.45,0.4,0.45,0.45,0.95,1.95,1.95,1.95,0.45,0.45,,,,,,,,,,1.95,1.95,1.95,1.95,1.95,1.95,,,,1.95,1.95,0.95,,,3.95,3.95,,0.45,0.45,0.45,1.95,1.95,1.95,1.95,1.95,1.95,,,1.95,,,,,0.45,,,,1.95,,,,3.95,0.4,0.4,1.95,,,,0.95,1.95,,0.45,0.45,1.95
118,10212060,,3.95,,,,,0.95,0.45,,,,3.95,3.95,,3.95,7.95,7.95,,,,,,,,,3.95,,1.95,0.45,,,0.4,,1.95,1.95,,,,1.45,1.95,0.45,,,,1.95,0.95,,,,,,0.45,,0.4,0.45,,,,,1.95,0.95,,,,,0.45,0.95,0.4,,,,0.4,1.95,1.95,,1.95,,,,,,0.4,,,,,3.95,3.95,1.95,1.95,2.95,1.95,1.95,1.95,1.95,1.95,1.95,2.95,,,1.95,,,0.4,7.95,7.95,,3.95,1.95,,,,,,,0.4,1.95,,0.4,3.95,,,7.95,,0.4,0.4,0.4,0.45,0.4,0.45,0.45,0.95,1.95,1.95,1.95,0.45,0.45,,,,,,,,,,1.95,1.95,1.95,1.95,1.95,1.95,,,,1.95,1.95,0.95,,,3.95,3.95,,0.45,0.45,0.45,1.95,1.95,1.95,1.95,1.95,1.95,,,1.95,,,,,0.45,,,,1.95,,,,3.95,0.4,0.4,1.95,,,,0.95,1.95,,0.45,0.45,1.95
118,10212120,,3.95,,,,,0.95,0.45,,,,3.95,3.95,,3.95,7.95,7.95,,,,,,,,,3.95,,1.95,0.45,,,0.4,,1.95,1.95,,,,1.45,1.95,0.45,,,,1.95,0.95,,,,,,0.45,,0.4,0.45,,,,,1.95,0.95,,,,,0.45,0.95,0.4,,,,0.4,1.95,1.95,,1.95,,,,,,0.4,,,,,3.95,3.95,1.95,1.95,2.95,1.95,1.95,1.95,1.95,1.95,1.95,2.95,,,1.95,,,0.4,7.95,7.95,,3.95,1.95,,,,,,,0.4,1.95,,0.4,3.95,,,7.95,,0.4,0.4,0.4,0.45,0.4,0.45,0.45,0.95,1.95,1.95,1.95,0.45,0.45,,,,,,,,,,1.95,1.95,1.95,1.95,1.95,1.95,,,,1.95,1.95,0.95,,,3.95,3.95,,0.45,0.45,0.45,1.95,1.95,1.95,1.95,1.95,1.95,,,1.95,,,,,0.45,,,,1.95,,,,3.95,0.4,0.4,1.95,,,,0.95,1.95,,0.45,0.45,1.95
118,10212180,,3.95,,,,,0.95,0.45,,,,3.95,3.95,,3.95,7.95,7.95,,,,,,,,,3.95,,1.95,0.45,,,0.4,,1.95,1.95,,,,1.45,1.95,0.45,,,,1.95,0.95,,,,,,0.45,,0.4,0.45,,,,,1.95,0.95,,,,,0.45,0.95,0.4,,,,0.4,1.95,1.95,,1.95,,,,,,0.4,,,,,3.95,3.95,1.95,1.95,2.95,1.95,1.95,1.95,1.95,1.95,1.95,2.95,,,1.95,,,0.4,7.95,7.95,,3.95,1.95,,,,,,,0.4,1.95,,0.4,3.95,,,7.95,,0.4,0.4,0.4,0.45,0.4,0.45,0.45,0.95,1.95,1.95,1.95,0.45,0.45,,,,,,,,,,1.95,1.95,1.95,1.95,1.95,1.95,,,,1.95,1.95,0.95,,,3.95,3.95,,0.45,0.45,0.45,1.95,1.95,1.95,1.95,1.95,1.95,,,1.95,,,,,0.45,,,,1.95,,,,3.95,0.4,0.4,1.95,,,,0.95,1.95,,0.45,0.45,1.95
118,10212240,,3.95,,,,,0.95,0.45,,,,3.95,3.95,,3.95,7.95,7.95,,,,,,,,,3.95,,1.95,0.45,,,0.4,,1.95,1.95,,,,1.45,1.95,0.45,,,,1.95,0.95,,,,,,0.45,,0.4,0.45,,,,,1.95,0.95,,,,,0.45,0.95,0.4,,,,0.4,1.95,1.95,,1.95,,,,,,0.4,,,,,3.95,3.95,1.95,1.95,2.95,1.95,1.95,1.95,1.95,1.95,1.95,2.95,,,1.95,,,0.4,7.95,7.95,,3.95,1.95,,,,,,,0.4,1.95,,0.4,3.95,,,7.95,,0.4,0.4,0.4,0.45,0.4,0.45,0.45,0.95,1.95,1.95,1.95,0.45,0.45,,,,,,,,,,1.95,1.95,1.95,1.95,1.95,1.95,,,,1.95,1.95,0.95,,,3.95,3.95,,0.45,0.45,0.45,1.95,1.95,1.95,1.95,1.95,1.95,,,1.95,,,,,0.45,,,,1.95,,,,3.95,0.4,0.4,1.95,,,,0.95,1.95,,0.45,0.45,1.95
118,10212300,,3.95,,,,,0.95,0.45,,,,3.95,3.95,,3.95,7.95,7.95,,,,,,,,,3.95,,1.95,0.45,,,0.4,,1.95,1.95,,,,1.45,1.95,0.45,,,,1.95,0.95,,,,,,0.45,,0.4,0.45,,,,,1.95,0.95,,,,,0.45,0.95,0.4,,,,0.4,1.95,1.95,,1.95,,,,,,0.4,,,,,3.95,3.95,1.95,1.95,2.95,1.95,1.95,1.95,1.95,1.95,1.95,2.95,,,1.95,,,0.4,7.95,7.95,,3.95,1.95,,,,,,,0.4,1.95,,0.4,3.95,,,7.95,,0.4,0.4,0.4,0.45,0.4,0.45,0.45,0.95,1.95,1.95,1.95,0.45,0.45,,,,,,,,,,1.95,1.95,1.95,1.95,1.95,1.95,,,,1.95,1.95,0.95,,,3.95,3.95,,0.45,0.45,0.45,1.95,1.95,1.95,1.95,1.95,1.95,,,1.95,,,,,0.45,,,,1.95,,,,3.95,0.4,0.4,1.95,,,,0.95,1.95,,0.45,0.45,1.95
118,10212360,,3.95,,,,,0.95,0.45,,,,3.95,3.95,,3.95,7.95,7.95,,,,,,,,,3.95,,1.95,0.45,,,0.4,,1.95,1.95,,,,1.45,1.95,0.45,,,,1.95,0.95,,,,,,0.45,,0.4,0.45,,,,,1.95,0.95,,,,,0.45,0.95,0.4,,,,0.4,1.95,1.95,,1.95,,,,,,0.4,,,,,3.95,3.95,1.95,1.95,2.95,1.95,1.95,1.95,1.95,1.95,1.95,2.95,,,1.95,,,0.4,7.95,7.95,,3.95,1.95,,,,,,,0.4,1.95,,0.4,3.95,,,7.95,,0.4,0.4,0.4,0.45,0.4,0.45,0.45,0.95,1.95,1.95,1.95,0.45,0.45,,,,,,,,,,1.95,1.95,1.95,1.95,1.95,1.95,,,,1.95,1.95,0.95,,,3.95,3.95,,0.45,0.45,0.45,1.95,1.95,1.95,1.95,1.95,1.95,,,1.95,,,,,0.45,,,,1.95,,,,3.95,0.4,0.4,1.95,,,,0.95,1.95,,0.45,0.45,1.95
118,10212420,,3.95,,,,,0.95,0.45,,,,3.95,3.95,,3.95,7.95,7.95,,,,,,,,,3.95,,1.95,0.45,,,0.4,,1.95,1.95,,,,1.45,1.95,0.45,,,,1.95,0.95,,,,,,0.45,,0.4,0.45,,,,,1.95,0.95,,,,,0.45,0.95,0.4,,,,0.4,1.95,1.95,,1.95,,,,,,0.4,,,,,3.95,3.95,1.95,1.95,2.95,1.95,1.95,1.95,1.95,1.95,1.95,2.95,,,1.95,,,0.4,7.95,7.95,,3.95,1.95,,,,,,,0.4,1.95,,0.4,3.95,,,7.95,,0.4,0.4,0.4,0.45,0.4,0.45,0.45,0.95,1.95,1.95,1.95,0.45,0.45,,,,,,,,,,1.95,1.95,1.95,1.95,1.95,1.95,,,,1.95,1.95,0.95,,,3.95,3.95,,0.45,0.45,0.45,1.95,1.95,1.95,1.95,1.95,1.95,,,1.95,,,,,0.45,,,,1.95,,,,3.95,0.4,0.4,1.95,,,,0.95,1.95,,0.45,0.45,1.95
118,10212480,,3.95,,,,,0.95,0.45,,,,3.95,3.95,,3.95,7.95,7.95,,,,,,,,,3.95,,1.95,0.45,,,0.4,,1.95,1.95,,,,1.45,1.95,0.45,,,,1.95,0.95,,,,,,0.45,,0.4,0.45,,,,,1.95,0.95,,,,,0.45,0.95,0.4,,,,0.4,1.95,1.95,,1.95,,,,,,0.4,,,,,3.95,3.95,1.95,1.95,2.95,1.95,1.95,1.95,1.95,1.95,1.95,2.95,,,1.95,,,0.4,7.95,7.95,,3.95,1.95,,,,,,,0.4,1.95,,0.4,3.95,,,7.95,,0.4,0.4,0.4,0.45,0.4,0.45,0.45,0.95,1.95,1.95,1.95,0.45,0.45,,,,,,,,,,1.95,1.95,1.95,1.95,1.95,1.95,,,,1.95,1.95,0.95,,,3.95,3.95,,0.45,0.45,0.45,1.95,1.95,1.95,1.95,1.95,1.95,,,1.95,,,,,0.45,,,,1.95,,,,3.95,0.4,0.4,1.95,,,,0.95,1.95,,0.45,0.45,1.95
118,10212540,,3.95,,,,,0.95,0.45,,,,3.95,3.95,,3.95,7.95,7.95,,,,,,,,,3.95,,1.95,0.45,,,0.4,,1.95,1.95,,,,1.45,1.95,0.45,,,,1.95,0.95,,,,,,0.45,,0.4,0.45,,,,,1.95,0.95,,,,,0.45,0.95,0.4,,,,0.4,1.95,1.95,,1.95,,,,,,0.4,,,,,3.95,3.95,1.95,1.95,2.95,1.95,1.95,1.95,1.95,1.95,1.95,2.95,,,1.95,,,0.4,7.95,7.95,,3.95,1.95,,,,,,,0.4,1.95,,0.4,3.95,,,7.95,,0.4,0.4,0.4,0.45,0.4,0.45,0.45,0.95,1.95,1.95,1.95,0.45,0.45,,,,,,,,,,1.95,1.95,1.95,1.95,1.95,1.95,,,,1.95,1.95,0.95,,,3.95,3.95,,0.45,0.45,0.45,1.95,1.95,1.95,1.95,1.95,1.95,,,1.95,,,,,0.45,,,,1.95,,,,3.95,0.4,0.4,1.95,,,,0.95,1.95,,0.45,0.45,1.95
118,10212600,,3.95,,,,,0.95,0.45,,,,3.95,3.95,,3.95,7.95,7.95,,,,,,,,,3.95,,1.95,0.45,,,0.4,,1.95,1.95,,,,1.45,1.95,0.45,,,,1.95,0.95,,,,,,0.45,,0.4,0.45,,,,,1.95,0.95,,,,,0.45,0.95,0.4,,,,0.4,1.95,1.95,,1.95,,,,,,0.4,,,,,3.95,3.95,1.95,1.95,2.95,1.95,1.95,1.95,1.95,1.95,1.95,2.95,,,1.95,,,0.4,7.95,7.95,,3.95,1.95,,,,,,,0.4,1.95,,0.4,3.95,,,7.95,,0.4,0.4,0.4,0.45,0.4,0.45,0.45,0.95,1.95,1.95,1.95,0.45,0.45,,,,,,,,,,1.95,1.95,1.95,1.95,1.95,1.95,,,,1.95,1.95,0.95,,,3.95,3.95,,0.45,0.45,0.45,1.95,1.95,1.95,1.95,1.95,1.95,,,1.95,,,,,0.45,,,,1.95,,,,3.95,0.4,0.4,1.95,,,,0.95,1.95,,0.45,0.45,1.95
118,10212660,,3.95,,,,,0.95,0.45,,,,3.95,3.95,,3.95,7.95,7.95,,,,,,,,,3.95,,1.95,0.45,,,0.4,,1.95,1.95,,,,1.45,1.95,0.45,,,,1.95,0.95,,,,,,0.45,,0.4,0.45,,,,,1.95,0.95,,,,,0.45,0.95,0.4,,,,0.4,1.95,1.95,,1.95,,,,,,0.4,,,,,3.95,3.95,1.95,1.95,2.95,1.95,1.95,1.95,1.95,1.95,1.95,2.95,,,1.95,,,0.4,7.95,7.95,,3.95,1.95,,,,,,,0.4,1.95,,0.4,3.95,,,7.95,,0.4,0.4,0.4,0.45,0.4,0.45,0.45,0.95,1.95,1.95,1.95,0.45,0.45,,,,,,,,,,1.95,1.95,1.95,1.95,1.95,1.95,,,,1.95,1.95,0.95,,,3.95,3.95,,0.45,0.45,0.45,1.95,1.95,1.95,1.95,1.95,1.95,,,1.95,,,,,0.45,,,,1.95,,,,3.95,0.4,0.4,1.95,,,,0.95,1.95,,0.45,0.45,1.95
118,10212720,,3.95,,,,,0.95,0.45,,,,3.95,3.95,,3.95,7.95,7.95,,,,,,,,,3.95,,1.95,0.45,,,0.4,,1.95,1.95,,,,1.45,1.95,0.45,,,,1.95,0.95,,,,,,0.45,,0.4,0.45,,,,,1.95,0.95,,,,,0.45,0.95,0.4,,,,0.4,1.95,1.95,,1.95,,,,,,0.4,,,,,3.95,3.95,1.95,1.95,2.95,1.95,1.95,1.95,1.95,1.95,1.95,2.95,,,1.95,,,0.4,7.95,7.95,,3.95,1.95,,,,,,,0.4,1.95,,0.4,3.95,,,7.95,,0.4,0.4,0.4,0.45,0.4,0.45,0.45,0.95,1.95,1.95,1.95,0.45,0.45,,,,,,,,,,1.95,1.95,1.95,1.95,1.95,1.95,,,,1.95,1.95,0.95,,,3.95,3.95,,0.45,0.45,0.45,1.95,1.95,1.95,1.95,1.95,1.95,,,1.95,,,,,0.45,,,,1.95,,,,3.95,0.4,0.4,1.95,,,,0.95,1.95,,0.45,0.45,1.95
118,10212780,,3.95,,,,,0.95,0.45,,,,3.95,3.95,,3.95,7.95,7.95,,,,,,,,,3.95,,1.95,0.45,,,0.4,,1.95,1.95,,,,1.45,1.95,0.45,,,,1.95,0.95,,,,,,0.45,,0.4,0.45,,,,,1.95,0.95,,,,,0.45,0.95,0.4,,,,0.4,1.95,1.95,,1.95,,,,,,0.4,,,,,3.95,3.95,1.95,1.95,2.95,1.95,1.95,1.95,1.95,1.95,1.95,2.95,,,1.95,,,0.4,7.95,7.95,,3.95,1.95,,,,,,,0.4,1.95,,0.4,3.95,,,7.95,,0.4,0.4,0.4,0.45,0.4,0.45,0.45,0.95,1.95,1.95,1.95,0.45,0.45,,,,,,,,,,1.95,1.95,1.95,1.95,1.95,1.95,,,,1.95,1.95,0.95,,,3.95,3.95,,0.45,0.45,0.45,1.95,1.95,1.95,1.95,1.95,1.95,,,1.95,,,,,0.45,,,,1.95,,,,3.95,0.4,0.4,1.95,,,,0.95,1.95,,0.45,0.45,1.95
118,10212840,,3.95,,,,,0.95,0.45,,,,3.95,3.95,,3.95,7.95,7.95,,,,,,,,,3.95,,1.95,0.45,,,0.4,,1.95,1.95,,,,1.45,1.95,0.45,,,,1.95,0.95,,,,,,0.45,,0.4,0.45,,,,,1.95,0.95,,,,,0.45,0.95,0.4,,,,0.4,1.95,1.95,,1.95,,,,,,0.4,,,,,3.95,3.95,1.95,1.95,2.95,1.95,1.95,1.95,1.95,1.95,1.95,2.95,,,1.95,,,0.4,7.95,7.95,,3.95,1.95,,,,,,,0.4,1.95,,0.4,3.95,,,7.95,,0.4,0.4,0.4,0.45,0.4,0.45,0.45,0.95,1.95,1.95,1.95,0.45,0.45,,,,,,,,,,1.95,1.95,1.95,1.95,1.95,1.95,,,,1.95,1.95,0.95,,,3.95,3.95,,0.45,0.45,0.45,1.95,1.95,1.95,1.95,1.95,1.95,,,1.95,,,,,0.45,,,,1.95,,,,3.95,0.4,0.4,1.95,,,,0.95,1.95,,0.45,0.45,1.95
118,10212900,,3.95,,,,,0.95,0.45,,,,3.95,3.95,,3.95,7.95,7.95,,,,,,,,,3.95,,1.95,0.45,,,0.4,,1.95,1.95,,,,1.45,1.95,0.45,,,,1.95,0.95,,,,,,0.45,,0.4,0.45,,,,,1.95,0.95,,,,,0.45,0.95,0.4,,,,0.4,1.95,1.95,,1.95,,,,,,0.4,,,,,3.95,3.95,1.95,1.95,2.95,1.95,1.95,1.95,1.95,1.95,1.95,2.95,,,1.95,,,0.4,7.95,7.95,,3.95,1.95,,,,,,,0.4,1.95,,0.4,3.95,,,7.95,,0.4,0.4,0.4,0.45,0.4,0.45,0.45,0.95,1.95,1.95,1.95,0.45,0.45,,,,,,,,,,1.95,1.95,1.95,1.95,1.95,1.95,,,,1.95,1.95,0.95,,,3.95,3.95,,0.45,0.45,0.45,1.95,1.95,1.95,1.95,1.95,1.95,,,1.95,,,,,0.45,,,,1.95,,,,3.95,0.4,0.4,1.95,,,,0.95,1.95,,0.45,0.45,1.95
118,10212960,,3.95,,,,,0.95,0.45,,,,3.95,3.95,,3.95,7.95,7.95,,,,,,,,,3.95,,1.95,0.45,,,0.4,,1.95,1.95,,,,1.45,1.95,0.45,,,,1.95,0.95,,,,,,0.45,,0.4,0.45,,,,,1.95,0.95,,,,,0.45,0.95,0.4,,,,0.4,1.95,1.95,,1.95,,,,,,0.4,,,,,3.95,3.95,1.95,1.95,2.95,1.95,1.95,1.95,1.95,1.95,1.95,2.95,,,1.95,,,0.4,7.95,7.95,,3.95,1.95,,,,,,,0.4,1.95,,0.4,3.95,,,7.95,,0.4,0.4,0.4,0.45,0.4,0.45,0.45,0.95,1.95,1.95,1.95,0.45,0.45,,,,,,,,,,1.95,1.95,1.95,1.95,1.95,1.95,,,,1.95,1.95,0.95,,,3.95,3.95,,0.45,0.45,0.45,1.95,1.95,1.95,1.95,1.95,1.95,,,1.95,,,,,0.45,,,,1.95,,,,3.95,0.4,0.4,1.95,,,,0.95,1.95,,0.45,0.45,1.95
118,10213020,,3.95,,,,,0.95,0.45,,,,3.95,3.95,,3.95,7.95,7.95,,,,,,,,,3.95,,1.95,0.45,,,0.4,,1.95,1.95,,,,1.45,1.95,0.45,,,,1.95,0.95,,,,,,0.45,,0.4,0.45,,,,,1.95,0.95,,,,,0.45,0.95,0.4,,,,0.4,1.95,1.95,,1.95,,,,,,0.4,,,,,3.95,3.95,1.95,1.95,2.95,1.95,1.95,1.95,1.95,1.95,1.95,2.95,,,1.95,,,0.4,7.95,7.95,,3.95,1.95,,,,,,,0.4,1.95,,0.4,3.95,,,7.95,,0.4,0.4,0.4,0.45,0.4,0.45,0.45,0.95,1.95,1.95,1.95,0.45,0.45,,,,,,,,,,1.95,1.95,1.95,1.95,1.95,1.95,,,,1.95,1.95,0.95,,,3.95,3.95,,0.45,0.45,0.45,1.95,1.95,1.95,1.95,1.95,1.95,,,1.95,,,,,0.45,,,,1.95,,,,3.95,0.4,0.4,1.95,,,,0.95,1.95,,0.45,0.45,1.95
118,10213080,,3.95,,,,,0.95,0.45,,,,3.95,3.95,,3.95,7.95,7.95,,,,,,,,,3.95,,1.95,0.45,,,0.4,,1.95,1.95,,,,1.45,1.95,0.45,,,,1.95,0.95,,,,,,0.45,,0.4,0.45,,,,,1.95,0.95,,,,,0.45,0.95,0.4,,,,0.4,1.95,1.95,,1.95,,,,,,0.4,,,,,3.95,3.95,1.95,1.95,2.95,1.95,1.95,1.95,1.95,1.95,1.95,2.95,,,1.95,,,0.4,7.95,7.95,,3.95,1.95,,,,,,,0.4,1.95,,0.4,3.95,,,7.95,,0.4,0.4,0.4,0.45,0.4,0.45,0.45,0.95,1.95,1.95,1.95,0.45,0.45,,,,,,,,,,1.95,1.95,1.95,1.95,1.95,1.95,,,,1.95,1.95,0.95,,,3.95,3.95,,0.45,0.45,0.45,1.95,1.95,1.95,1.95,1.95,1.95,,,1.95,,,,,0.45,,,,1.95,,,,3.95,0.4,0.4,1.95,,,,0.95,1.95,,0.45,0.45,1.95
118,10213140,,3.95,,,,,0.95,0.45,,,,3.95,3.95,,3.95,7.95,7.95,,,,,,,,,3.95,,1.95,0.45,,,0.4,,1.95,1.95,,,,1.45,1.95,0.45,,,,1.95,0.95,,,,,,0.45,,0.4,0.45,,,,,1.95,0.95,,,,,0.45,0.95,0.4,,,,0.4,1.95,1.95,,1.95,,,,,,0.4,,,,,3.95,3.95,1.95,1.95,2.95,1.95,1.95,1.95,1.95,1.95,1.95,2.95,,,1.95,,,0.4,7.95,7.95,,3.95,1.95,,,,,,,0.4,1.95,,0.4,3.95,,,7.95,,0.4,0.4,0.4,0.45,0.4,0.45,0.45,0.95,1.95,1.95,1.95,0.45,0.45,,,,,,,,,,1.95,1.95,1.95,1.95,1.95,1.95,,,,1.95,1.95,0.95,,,3.95,3.95,,0.45,0.45,0.45,1.95,1.95,1.95,1.95,1.95,1.95,,,1.95,,,,,0.45,,,,1.95,,,,3.95,0.4,0.4,1.95,,,,0.95,1.95,,0.45,0.45,1.95
118,10213200,,3.95,,,,,0.95,0.45,,,,3.95,3.95,,3.95,7.95,7.95,,,,,,,,,3.95,,1.95,0.45,,,0.4,,1.95,1.95,,,,1.45,1.95,0.45,,,,1.95,0.95,,,,,,0.45,,0.4,0.45,,,,,1.95,0.95,,,,,0.45,0.95,0.4,,,,0.4,1.95,1.95,,1.95,,,,,,0.4,,,,,3.95,3.95,1.95,1.95,2.95,1.95,1.95,1.95,1.95,1.95,1.95,2.95,,,1.95,,,0.4,7.95,7.95,,3.95,1.95,,,,,,,0.4,1.95,,0.4,3.95,,,7.95,,0.4,0.4,0.4,0.45,0.4,0.45,0.45,0.95,1.95,1.95,1.95,0.45,0.45,,,,,,,,,,1.95,1.95,1.95,1.95,1.95,1.95,,,,1.95,1.95,0.95,,,3.95,3.95,,0.45,0.45,0.45,1.95,1.95,1.95,1.95,1.95,1.95,,,1.95,,,,,0.45,,,,1.95,,,,3.95,0.4,0.4,1.95,,,,0.95,1.95,,0.45,0.45,1.95
118,10213260,,3.95,,,,,0.95,0.45,,,,3.95,3.95,,3.95,7.95,7.95,,,,,,,,,3.95,,1.95,0.45,,,0.4,,1.95,1.95,,,,1.45,1.95,0.45,,,,1.95,0.95,,,,,,0.45,,0.4,0.45,,,,,1.95,0.95,,,,,0.45,0.95,0.4,,,,0.4,1.95,1.95,,1.95,,,,,,0.4,,,,,3.95,3.95,1.95,1.95,2.95,1.95,1.95,1.95,1.95,1.95,1.95,2.95,,,1.95,,,0.4,7.95,7.95,,3.95,1.95,,,,,,,0.4,1.95,,0.4,3.95,,,7.95,,0.4,0.4,0.4,0.45,0.4,0.45,0.45,0.95,1.95,1.95,1.95,0.45,0.45,,,,,,,,,,1.95,1.95,1.95,1.95,1.95,1.95,,,,1.95,1.95,0.95,,,3.95,3.95,,0.45,0.45,0.45,1.95,1.95,1.95,1.95,1.95,1.95,,,1.95,,,,,0.45,,,,1.95,,,,3.95,0.4,0.4,1.95,,,,0.95,1.95,,0.45,0.45,1.95
118,10213320,,3.95,,,,,0.95,0.45,,,,3.95,3.95,,3.95,7.95,7.95,,,,,,,,,3.95,,1.95,0.45,,,0.4,,1.95,1.95,,,,1.45,1.95,0.45,,,,1.95,0.95,,,,,,0.45,,0.4,0.45,,,,,1.95,0.95,,,,,0.45,0.95,0.4,,,,0.4,1.95,1.95,,1.95,,,,,,0.4,,,,,3.95,3.95,1.95,1.95,2.95,1.95,1.95,1.95,1.95,1.95,1.95,2.95,,,1.95,,,0.4,7.95,7.95,,3.95,1.95,,,,,,,0.4,1.95,,0.4,3.95,,,7.95,,0.4,0.4,0.4,0.45,0.4,0.45,0.45,0.95,1.95,1.95,1.95,0.45,0.45,,,,,,,,,,1.95,1.95,1.95,1.95,1.95,1.95,,,,1.95,1.95,0.95,,,3.95,3.95,,0.45,0.45,0.45,1.95,1.95,1.95,1.95,1.95,1.95,,,1.95,,,,,0.45,,,,1.95,,,,3.95,0.4,0.4,1.95,,,,0.95,1.95,,0.45,0.45,1.95
118,10213380,,3.95,,,,,0.95,0.45,,,,3.95,3.95,,3.95,7.95,7.95,,,,,,,,,3.95,,1.95,0.45,,,0.4,,1.95,1.95,,,,1.45,1.95,0.45,,,,1.95,0.95,,,,,,0.45,,0.4,0.45,,,,,1.95,0.95,,,,,0.45,0.95,0.4,,,,0.4,1.95,1.95,,1.95,,,,,,0.4,,,,,3.95,3.95,1.95,1.95,2.95,1.95,1.95,1.95,1.95,1.95,1.95,2.95,,,1.95,,,0.4,7.95,7.95,,3.95,1.95,,,,,,,0.4,1.95,,0.4,3.95,,,7.95,,0.4,0.4,0.4,0.45,0.4,0.45,0.45,0.95,1.95,1.95,1.95,0.45,0.45,,,,,,,,,,1.95,1.95,1.95,1.95,1.95,1.95,,,,1.95,1.95,0.95,,,3.95,3.95,,0.45,0.45,0.45,1.95,1.95,1.95,1.95,1.95,1.95,,,1.95,,,,,0.45,,,,1.95,,,,3.95,0.4,0.4,1.95,,,,0.95,1.95,,0.45,0.45,1.95
118,10213440,,3.95,,,,,0.95,0.45,,,,3.95,3.95,,3.95,7.95,7.95,,,,,,,,,3.95,,1.95,0.45,,,0.4,,1.95,1.95,,,,1.45,1.95,0.45,,,,1.95,0.95,,,,,,0.45,,0.4,0.45,,,,,1.95,0.95,,,,,0.45,0.95,0.4,,,,0.4,1.95,1.95,,1.95,,,,,,0.4,,,,,3.95,3.95,1.95,1.95,2.95,1.95,1.95,1.95,1.95,1.95,1.95,2.95,,,1.95,,,0.4,7.95,7.95,,3.95,1.95,,,,,,,0.4,1.95,,0.4,3.95,,,7.95,,0.4,0.4,0.4,0.45,0.4,0.45,0.45,0.95,1.95,1.95,1.95,0.45,0.45,,,,,,,,,,1.95,1.95,1.95,1.95,1.95,1.95,,,,1.95,1.95,0.95,,,3.95,3.95,,0.45,0.45,0.45,1.95,1.95,1.95,1.95,1.95,1.95,,,1.95,,,,,0.45,,,,1.95,,,,3.95,0.4,0.4,1.95,,,,0.95,1.95,,0.45,0.45,1.95
118,10213500,,3.95,,,,,0.95,0.45,,,,3.95,3.95,,3.95,7.95,7.95,,,,,,,,,3.95,,1.95,0.45,,,0.4,,1.95,1.95,,,,1.45,1.95,0.45,,,,1.95,0.95,,,,,,0.45,,0.4,0.45,,,,,1.95,0.95,,,,,0.45,0.95,0.4,,,,0.4,1.95,1.95,,1.95,,,,,,0.4,,,,,3.95,3.95,1.95,1.95,2.95,1.95,1.95,1.95,1.95,1.95,1.95,2.95,,,1.95,,,0.4,7.95,7.95,,3.95,1.95,,,,,,,0.4,1.95,,0.4,3.95,,,7.95,,0.4,0.4,0.4,0.45,0.4,0.45,0.45,0.95,1.95,1.95,1.95,0.45,0.45,,,,,,,,,,1.95,1.95,1.95,1.95,1.95,1.95,,,,1.95,1.95,0.95,,,3.95,3.95,,0.45,0.45,0.45,1.95,1.95,1.95,1.95,1.95,1.95,,,1.95,,,,,0.45,,,,1.95,,,,3.95,0.4,0.4,1.95,,,,0.95,1.95,,0.45,0.45,1.95
118,10213560,,3.95,,,,,0.95,0.45,,,,3.95,3.95,,3.95,7.95,7.95,,,,,,,,,3.95,,1.95,0.45,,,0.4,,1.95,1.95,,,,1.45,1.95,0.45,,,,1.95,0.95,,,,,,0.45,,0.4,0.45,,,,,1.95,0.95,,,,,0.45,0.95,0.4,,,,0.4,1.95,1.95,,1.95,,,,,,0.4,,,,,3.95,3.95,1.95,1.95,2.95,1.95,1.95,1.95,1.95,1.95,1.95,2.95,,,1.95,,,0.4,7.95,7.95,,3.95,1.95,,,,,,,0.4,1.95,,0.4,3.95,,,7.95,,0.4,0.4,0.4,0.45,0.4,0.45,0.45,0.95,1.95,1.95,1.95,0.45,0.45,,,,,,,,,,1.95,1.95,1.95,1.95,1.95,1.95,,,,1.95,1.95,0.95,,,3.95,3.95,,0.45,0.45,0.45,1.95,1.95,1.95,1.95,1.95,1.95,,,1.95,,,,,0.45,,,,1.95,,,,3.95,0.4,0.4,1.95,,,,0.95,1.95,,0.45,0.45,1.95
118,10213620,,3.95,,,,,0.95,0.45,,,,3.95,3.95,,3.95,7.95,7.95,,,,,,,,,3.95,,1.95,0.45,,,0.4,,1.95,1.95,,,,1.45,1.95,0.45,,,,1.95,0.95,,,,,,0.45,,0.4,0.45,,,,,1.95,0.95,,,,,0.45,0.95,0.4,,,,0.4,1.95,1.95,,1.95,,,,,,0.4,,,,,3.95,3.95,1.95,1.95,2.95,1.95,1.95,1.95,1.95,1.95,1.95,2.95,,,1.95,,,0.4,7.95,7.95,,3.95,1.95,,,,,,,0.4,1.95,,0.4,3.95,,,7.95,,0.4,0.4,0.4,0.45,0.4,0.45,0.45,0.95,1.95,1.95,1.95,0.45,0.45,,,,,,,,,,1.95,1.95,1.95,1.95,1.95,1.95,,,,1.95,1.95,0.95,,,3.95,3.95,,0.45,0.45,0.45,1.95,1.95,1.95,1.95,1.95,1.95,,,1.95,,,,,0.45,,,,1.95,,,,3.95,0.4,0.4,1.95,,,,0.95,1.95,,0.45,0.45,1.95
118,10213680,,3.95,,,,,0.95,0.45,,,,3.95,3.95,,3.95,7.95,7.95,,,,,,,,,3.95,,1.95,0.45,,,0.4,,1.95,1.95,,,,1.45,1.95,0.45,,,,1.95,0.95,,,,,,0.45,,0.4,0.45,,,,,1.95,0.95,,,,,0.45,0.95,0.4,,,,0.4,1.95,1.95,,1.95,,,,,,0.4,,,,,3.95,3.95,1.95,1.95,2.95,1.95,1.95,1.95,1.95,1.95,1.95,2.95,,,1.95,,,0.4,7.95,7.95,,3.95,1.95,,,,,,,0.4,1.95,,0.4,3.95,,,7.95,,0.4,0.4,0.4,0.45,0.4,0.45,0.45,0.95,1.95,1.95,1.95,0.45,0.45,,,,,,,,,,1.95,1.95,1.95,1.95,1.95,1.95,,,,1.95,1.95,0.95,,,3.95,3.95,,0.45,0.45,0.45,1.95,1.95,1.95,1.95,1.95,1.95,,,1.95,,,,,0.45,,,,1.95,,,,3.95,0.4,0.4,1.95,,,,0.95,1.95,,0.45,0.45,1.95
118,10213740,,3.95,,,,,0.95,0.45,,,,3.95,3.95,,3.95,7.95,7.95,,,,,,,,,3.95,,1.95,0.45,,,0.4,,1.95,1.95,,,,1.45,1.95,0.45,,,,1.95,0.95,,,,,,0.45,,0.4,0.45,,,,,1.95,0.95,,,,,0.45,0.95,0.4,,,,0.4,1.95,1.95,,1.95,,,,,,0.4,,,,,3.95,3.95,1.95,1.95,2.95,1.95,1.95,1.95,1.95,1.95,1.95,2.95,,,1.95,,,0.4,7.95,7.95,,3.95,1.95,,,,,,,0.4,1.95,,0.4,3.95,,,7.95,,0.4,0.4,0.4,0.45,0.4,0.45,0.45,0.95,1.95,1.95,1.95,0.45,0.45,,,,,,,,,,1.95,1.95,1.95,1.95,1.95,1.95,,,,1.95,1.95,0.95,,,3.95,3.95,,0.45,0.45,0.45,1.95,1.95,1.95,1.95,1.95,1.95,,,1.95,,,,,0.45,,,,1.95,,,,3.95,0.4,0.4,1.95,,,,0.95,1.95,,0.45,0.45,1.95
118,10213800,,3.95,,,,,0.95,0.45,,,,3.95,3.95,,3.95,7.95,7.95,,,,,,,,,3.95,,1.95,0.45,,,0.4,,1.95,1.95,,,,1.45,1.95,0.45,,,,1.95,0.95,,,,,,0.45,,0.4,0.45,,,,,1.95,0.95,,,,,0.45,0.95,0.4,,,,0.4,1.95,1.95,,1.95,,,,,,0.4,,,,,3.95,3.95,1.95,1.95,2.95,1.95,1.95,1.95,1.95,1.95,1.95,2.95,,,1.95,,,0.4,7.95,7.95,,3.95,1.95,,,,,,,0.4,1.95,,0.4,3.95,,,7.95,,0.4,0.4,0.4,0.45,0.4,0.45,0.45,0.95,1.95,1.95,1.95,0.45,0.45,,,,,,,,,,1.95,1.95,1.95,1.95,1.95,1.95,,,,1.95,1.95,0.95,,,3.95,3.95,,0.45,0.45,0.45,1.95,1.95,1.95,1.95,1.95,1.95,,,1.95,,,,,0.45,,,,1.95,,,,3.95,0.4,0.4,1.95,,,,0.95,1.95,,0.45,0.45,1.95
118,10213860,,3.95,,,,,0.95,0.45,,,,3.95,3.95,,3.95,7.95,7.95,,,,,,,,,3.95,,1.95,0.45,,,0.4,,1.95,1.95,,,,1.45,1.95,0.45,,,,1.95,0.95,,,,,,0.45,,0.4,0.45,,,,,1.95,0.95,,,,,0.45,0.95,0.4,,,,0.4,1.95,1.95,,1.95,,,,,,0.4,,,,,3.95,3.95,1.95,1.95,2.95,1.95,1.95,1.95,1.95,1.95,1.95,2.95,,,1.95,,,0.4,7.95,7.95,,3.95,1.95,,,,,,,0.4,1.95,,0.4,3.95,,,7.95,,0.4,0.4,0.4,0.45,0.4,0.45,0.45,0.95,1.95,1.95,1.95,0.45,0.45,,,,,,,,,,1.95,1.95,1.95,1.95,1.95,1.95,,,,1.95,1.95,0.95,,,3.95,3.95,,0.45,0.45,0.45,1.95,1.95,1.95,1.95,1.95,1.95,,,1.95,,,,,0.45,,,,1.95,,,,3.95,0.4,0.4,1.95,,,,0.95,1.95,,0.45,0.45,1.95
118,10213920,,3.95,,,,,0.95,0.45,,,,3.95,3.95,,3.95,7.95,7.95,,,,,,,,,3.95,,1.95,0.45,,,0.4,,1.95,1.95,,,,1.45,1.95,0.45,,,,1.95,0.95,,,,,,0.45,,0.4,0.45,,,,,1.95,0.95,,,,,0.45,0.95,0.4,,,,0.4,1.95,1.95,,1.95,,,,,,0.4,,,,,3.95,3.95,1.95,1.95,2.95,1.95,1.95,1.95,1.95,1.95,1.95,2.95,,,1.95,,,0.4,7.95,7.95,,3.95,1.95,,,,,,,0.4,1.95,,0.4,3.95,,,7.95,,0.4,0.4,0.4,0.45,0.4,0.45,0.45,0.95,1.95,1.95,1.95,0.45,0.45,,,,,,,,,,1.95,1.95,1.95,1.95,1.95,1.95,,,,1.95,1.95,0.95,,,3.95,3.95,,0.45,0.45,0.45,1.95,1.95,1.95,1.95,1.95,1.95,,,1.95,,,,,0.45,,,,1.95,,,,3.95,0.4,0.4,1.95,,,,0.95,1.95,,0.45,0.45,1.95
118,10213980,,3.95,,,,,0.95,0.45,,,,3.95,3.95,,3.95,7.95,7.95,,,,,,,,,3.95,,1.95,0.45,,,0.4,,1.95,1.95,,,,1.45,1.95,0.45,,,,1.95,0.95,,,,,,0.45,,0.4,0.45,,,,,1.95,0.95,,,,,0.45,0.95,0.4,,,,0.4,1.95,1.95,,1.95,,,,,,0.4,,,,,3.95,3.95,1.95,1.95,2.95,1.95,1.95,1.95,1.95,1.95,1.95,2.95,,,1.95,,,0.4,7.95,7.95,,3.95,1.95,,,,,,,0.4,1.95,,0.4,3.95,,,7.95,,0.4,0.4,0.4,0.45,0.4,0.45,0.45,0.95,1.95,1.95,1.95,0.45,0.45,,,,,,,,,,1.95,1.95,1.95,1.95,1.95,1.95,,,,1.95,1.95,0.95,,,3.95,3.95,,0.45,0.45,0.45,1.95,1.95,1.95,1.95,1.95,1.95,,,1.95,,,,,0.45,,,,1.95,,,,3.95,0.4,0.4,1.95,,,,0.95,1.95,,0.45,0.45,1.95
118,10214040,,3.95,,,,,0.95,0.45,,,,3.95,3.95,,3.95,7.95,7.95,,,,,,,,,3.95,,1.95,0.45,,,0.4,,1.95,1.95,,,,1.45,1.95,0.45,,,,1.95,0.95,,,,,,0.45,,0.4,0.45,,,,,1.95,0.95,,,,,0.45,0.95,0.4,,,,0.4,1.95,1.95,,1.95,,,,,,0.4,,,,,3.95,3.95,1.95,1.95,2.95,1.95,1.95,1.95,1.95,1.95,1.95,2.95,,,1.95,,,0.4,7.95,7.95,,3.95,1.95,,,,,,,0.4,1.95,,0.4,3.95,,,7.95,,0.4,0.4,0.4,0.45,0.4,0.45,0.45,0.95,1.95,1.95,1.95,0.45,0.45,,,,,,,,,,1.95,1.95,1.95,1.95,1.95,1.95,,,,1.95,1.95,0.95,,,3.95,3.95,,0.45,0.45,0.45,1.95,1.95,1.95,1.95,1.95,1.95,,,1.95,,,,,0.45,,,,1.95,,,,3.95,0.4,0.4,1.95,,,,0.95,1.95,,0.45,0.45,1.95
118,10214100,,3.95,,,,,0.95,0.45,,,,3.95,3.95,,3.95,7.95,7.95,,,,,,,,,3.95,,1.95,0.45,,,0.4,,1.95,1.95,,,,1.45,1.95,0.45,,,,1.95,0.95,,,,,,0.45,,0.4,0.45,,,,,1.95,0.95,,,,,0.45,0.95,0.4,,,,0.4,1.95,1.95,,1.95,,,,,,0.4,,,,,3.95,3.95,1.95,1.95,2.95,1.95,1.95,1.95,1.95,1.95,1.95,2.95,,,1.95,,,0.4,7.95,7.95,,3.95,1.95,,,,,,,0.4,1.95,,0.4,3.95,,,7.95,,0.4,0.4,0.4,0.45,0.4,0.45,0.45,0.95,1.95,1.95,1.95,0.45,0.45,,,,,,,,,,1.95,1.95,1.95,1.95,1.95,1.95,,,,1.95,1.95,0.95,,,3.95,3.95,,0.45,0.45,0.45,1.95,1.95,1.95,1.95,1.95,1.95,,,1.95,,,,,0.45,,,,1.95,,,,3.95,0.4,0.4,1.95,,,,0.95,1.95,,0.45,0.45,1.95
118,10214160,,3.95,,,,,0.95,0.45,,,,3.95,3.95,,3.95,7.95,7.95,,,,,,,,,3.95,,1.95,0.45,,,0.4,,1.95,1.95,,,,1.45,1.95,0.45,,,,1.95,0.95,,,,,,0.45,,0.4,0.45,,,,,1.95,0.95,,,,,0.45,0.95,0.4,,,,0.4,1.95,1.95,,1.95,,,,,,0.4,,,,,3.95,3.95,1.95,1.95,2.95,1.95,1.95,1.95,1.95,1.95,1.95,2.95,,,1.95,,,0.4,7.95,7.95,,3.95,1.95,,,,,,,0.4,1.95,,0.4,3.95,,,7.95,,0.4,0.4,0.4,0.45,0.4,0.45,0.45,0.95,1.95,1.95,1.95,0.45,0.45,,,,,,,,,,1.95,1.95,1.95,1.95,1.95,1.95,,,,1.95,1.95,0.95,,,3.95,3.95,,0.45,0.45,0.45,1.95,1.95,1.95,1.95,1.95,1.95,,,1.95,,,,,0.45,,,,1.95,,,,3.95,0.4,0.4,1.95,,,,0.95,1.95,,0.45,0.45,1.95
118,10214220,,3.95,,,,,0.95,0.45,,,,3.95,3.95,,3.95,7.95,7.95,,,,,,,,,3.95,,1.95,0.45,,,0.4,,1.95,1.95,,,,1.45,1.95,0.45,,,,1.95,0.95,,,,,,0.45,,0.4,0.45,,,,,1.95,0.95,,,,,0.45,0.95,0.4,,,,0.4,1.95,1.95,,1.95,,,,,,0.4,,,,,3.95,3.95,1.95,1.95,2.95,1.95,1.95,1.95,1.95,1.95,1.95,2.95,,,1.95,,,0.4,7.95,7.95,,3.95,1.95,,,,,,,0.4,1.95,,0.4,3.95,,,7.95,,0.4,0.4,0.4,0.45,0.4,0.45,0.45,0.95,1.95,1.95,1.95,0.45,0.45,,,,,,,,,,1.95,1.95,1.95,1.95,1.95,1.95,,,,1.95,1.95,0.95,,,3.95,3.95,,0.45,0.45,0.45,1.95,1.95,1.95,1.95,1.95,1.95,,,1.95,,,,,0.45,,,,1.95,,,,3.95,0.4,0.4,1.95,,,,0.95,1.95,,0.45,0.45,1.95
118,10214280,,3.95,,,,,0.95,0.45,,,,3.95,3.95,,3.95,7.95,7.95,,,,,,,,,3.95,,1.95,0.45,,,0.4,,1.95,1.95,,,,1.45,1.95,0.45,,,,1.95,0.95,,,,,,0.45,,0.4,0.45,,,,,1.95,0.95,,,,,0.45,0.95,0.4,,,,0.4,1.95,1.95,,1.95,,,,,,0.4,,,,,3.95,3.95,1.95,1.95,2.95,1.95,1.95,1.95,1.95,1.95,1.95,2.95,,,1.95,,,0.4,7.95,7.95,,3.95,1.95,,,,,,,0.4,1.95,,0.4,3.95,,,7.95,,0.4,0.4,0.4,0.45,0.4,0.45,0.45,0.95,1.95,1.95,1.95,0.45,0.45,,,,,,,,,,1.95,1.95,1.95,1.95,1.95,1.95,,,,1.95,1.95,0.95,,,3.95,3.95,,0.45,0.45,0.45,1.95,1.95,1.95,1.95,1.95,1.95,,,1.95,,,,,0.45,,,,1.95,,,,3.95,0.4,0.4,1.95,,,,0.95,1.95,,0.45,0.45,1.95
118,10214340,,3.95,,,,,0.95,0.45,,,,3.95,3.95,,3.95,7.95,7.95,,,,,,,,,3.95,,1.95,0.45,,,0.4,,1.95,1.95,,,,1.45,1.95,0.45,,,,1.95,0.95,,,,,,0.45,,0.4,0.45,,,,,1.95,0.95,,,,,0.45,0.95,0.4,,,,0.4,1.95,1.95,,1.95,,,,,,0.4,,,,,3.95,3.95,1.95,1.95,2.95,1.95,1.95,1.95,1.95,1.95,1.95,2.95,,,1.95,,,0.4,7.95,7.95,,3.95,1.95,,,,,,,0.4,1.95,,0.4,3.95,,,7.95,,0.4,0.4,0.4,0.45,0.4,0.45,0.45,0.95,1.95,1.95,1.95,0.45,0.45,,,,,,,,,,1.95,1.95,1.95,1.95,1.95,1.95,,,,1.95,1.95,0.95,,,3.95,3.95,,0.45,0.45,0.45,1.95,1.95,1.95,1.95,1.95,1.95,,,1.95,,,,,0.45,,,,1.95,,,,3.95,0.4,0.4,1.95,,,,0.95,1.95,,0.45,0.45,1.95
118,10214400,,3.95,,,,,0.95,0.45,,,,3.95,3.95,,3.95,7.95,7.95,,,,,,,,,3.95,,1.95,0.45,,,0.4,,1.95,1.95,,,,1.45,1.95,0.45,,,,1.95,0.95,,,,,,0.45,,0.4,0.45,,,,,1.95,0.95,,,,,0.45,0.95,0.4,,,,0.4,1.95,1.95,,1.95,,,,,,0.4,,,,,3.95,3.95,1.95,1.95,2.95,1.95,1.95,1.95,1.95,1.95,1.95,2.95,,,1.95,,,0.4,7.95,7.95,,3.95,1.95,,,,,,,0.4,1.95,,0.4,3.95,,,7.95,,0.4,0.4,0.4,0.45,0.4,0.45,0.45,0.95,1.95,1.95,1.95,0.45,0.45,,,,,,,,,,1.95,1.95,1.95,1.95,1.95,1.95,,,,1.95,1.95,0.95,,,3.95,3.95,,0.45,0.45,0.45,1.95,1.95,1.95,1.95,1.95,1.95,,,1.95,,,,,0.45,,,,1.95,,,,3.95,0.4,0.4,1.95,,,,0.95,1.95,,0.45,0.45,1.95
118,10214460,,3.95,,,,,0.95,0.45,,,,3.95,3.95,,3.95,7.95,7.95,,,,,,,,,3.95,,1.95,0.45,,,0.4,,1.95,1.95,,,,1.45,1.95,0.45,,,,1.95,0.95,,,,,,0.45,,0.4,0.45,,,,,1.95,0.95,,,,,0.45,0.95,0.4,,,,0.4,1.95,1.95,,1.95,,,,,,0.4,,,,,3.95,3.95,1.95,1.95,2.95,1.95,1.95,1.95,1.95,1.95,1.95,2.95,,,1.95,,,0.4,7.95,7.95,,3.95,1.95,,,,,,,0.4,1.95,,0.4,3.95,,,7.95,,0.4,0.4,0.4,0.45,0.4,0.45,0.45,0.95,1.95,1.95,1.95,0.45,0.45,,,,,,,,,,1.95,1.95,1.95,1.95,1.95,1.95,,,,1.95,1.95,0.95,,,3.95,3.95,,0.45,0.45,0.45,1.95,1.95,1.95,1.95,1.95,1.95,,,1.95,,,,,0.45,,,,1.95,,,,3.95,0.4,0.4,1.95,,,,0.95,1.95,,0.45,0.45,1.95
118,10214520,,3.95,,,,,0.95,0.45,,,,3.95,3.95,,3.95,7.95,7.95,,,,,,,,,3.95,,1.95,0.45,,,0.4,,1.95,1.95,,,,1.45,1.95,0.45,,,,1.95,0.95,,,,,,0.45,,0.4,0.45,,,,,1.95,0.95,,,,,0.45,0.95,0.4,,,,0.4,1.95,1.95,,1.95,,,,,,0.4,,,,,3.95,3.95,1.95,1.95,2.95,1.95,1.95,1.95,1.95,1.95,1.95,2.95,,,1.95,,,0.4,7.95,7.95,,3.95,1.95,,,,,,,0.4,1.95,,0.4,3.95,,,7.95,,0.4,0.4,0.4,0.45,0.4,0.45,0.45,0.95,1.95,1.95,1.95,0.45,0.45,,,,,,,,,,1.95,1.95,1.95,1.95,1.95,1.95,,,,1.95,1.95,0.95,,,3.95,3.95,,0.45,0.45,0.45,1.95,1.95,1.95,1.95,1.95,1.95,,,1.95,,,,,0.45,,,,1.95,,,,3.95,0.4,0.4,1.95,,,,0.95,1.95,,0.45,0.45,1.95
118,10214580,,3.95,,,,,0.95,0.45,,,,3.95,3.95,,3.95,7.95,7.95,,,,,,,,,3.95,,1.95,0.45,,,0.4,,1.95,1.95,,,,1.45,1.95,0.45,,,,1.95,0.95,,,,,,0.45,,0.4,0.45,,,,,1.95,0.95,,,,,0.45,0.95,0.4,,,,0.4,1.95,1.95,,1.95,,,,,,0.4,,,,,3.95,3.95,1.95,1.95,2.95,1.95,1.95,1.95,1.95,1.95,1.95,2.95,,,1.95,,,0.4,7.95,7.95,,3.95,1.95,,,,,,,0.4,1.95,,0.4,3.95,,,7.95,,0.4,0.4,0.4,0.45,0.4,0.45,0.45,0.95,1.95,1.95,1.95,0.45,0.45,,,,,,,,,,1.95,1.95,1.95,1.95,1.95,1.95,,,,1.95,1.95,0.95,,,3.95,3.95,,0.45,0.45,0.45,1.95,1.95,1.95,1.95,1.95,1.95,,,1.95,,,,,0.45,,,,1.95,,,,3.95,0.4,0.4,1.95,,,,0.95,1.95,,0.45,0.45,1.95
118,10214640,,3.95,,,,,0.95,0.45,,,,3.95,3.95,,3.95,7.95,7.95,,,,,,,,,3.95,,1.95,0.45,,,0.4,,1.95,1.95,,,,1.45,1.95,0.45,,,,1.95,0.95,,,,,,0.45,,0.4,0.45,,,,,1.95,0.95,,,,,0.45,0.95,0.4,,,,0.4,1.95,1.95,,1.95,,,,,,0.4,,,,,3.95,3.95,1.95,1.95,2.95,1.95,1.95,1.95,1.95,1.95,1.95,2.95,,,1.95,,,0.4,7.95,7.95,,3.95,1.95,,,,,,,0.4,1.95,,0.4,3.95,,,7.95,,0.4,0.4,0.4,0.45,0.4,0.45,0.45,0.95,1.95,1.95,1.95,0.45,0.45,,,,,,,,,,1.95,1.95,1.95,1.95,1.95,1.95,,,,1.95,1.95,0.95,,,3.95,3.95,,0.45,0.45,0.45,1.95,1.95,1.95,1.95,1.95,1.95,,,1.95,,,,,0.45,,,,1.95,,,,3.95,0.4,0.4,1.95,,,,0.95,1.95,,0.45,0.45,1.95
118,10214700,,3.95,,,,,0.95,0.45,,,,3.95,3.95,,3.95,7.95,7.95,,,,,,,,,3.95,,1.95,0.45,,,0.4,,1.95,1.95,,,,1.45,1.95,0.45,,,,1.95,0.95,,,,,,0.45,,0.4,0.45,,,,,1.95,0.95,,,,,0.45,0.95,0.4,,,,0.4,1.95,1.95,,1.95,,,,,,0.4,,,,,3.95,3.95,1.95,1.95,2.95,1.95,1.95,1.95,1.95,1.95,1.95,2.95,,,1.95,,,0.4,7.95,7.95,,3.95,1.95,,,,,,,0.4,1.95,,0.4,3.95,,,7.95,,0.4,0.4,0.4,0.45,0.4,0.45,0.45,0.95,1.95,1.95,1.95,0.45,0.45,,,,,,,,,,1.95,1.95,1.95,1.95,1.95,1.95,,,,1.95,1.95,0.95,,,3.95,3.95,,0.45,0.45,0.45,1.95,1.95,1.95,1.95,1.95,1.95,,,1.95,,,,,0.45,,,,1.95,,,,3.95,0.4,0.4,1.95,,,,0.95,1.95,,0.45,0.45,1.95
118,10214760,,3.95,,,,,0.95,0.45,,,,3.95,3.95,,3.95,7.95,7.95,,,,,,,,,3.95,,1.95,0.45,,,0.4,,1.95,1.95,,,,1.45,1.95,0.45,,,,1.95,0.95,,,,,,0.45,,0.4,0.45,,,,,1.95,0.95,,,,,0.45,0.95,0.4,,,,0.4,1.95,1.95,,1.95,,,,,,0.4,,,,,3.95,3.95,1.95,1.95,2.95,1.95,1.95,1.95,1.95,1.95,1.95,2.95,,,1.95,,,0.4,7.95,7.95,,3.95,1.95,,,,,,,0.4,1.95,,0.4,3.95,,,7.95,,0.4,0.4,0.4,0.45,0.4,0.45,0.45,0.95,1.95,1.95,1.95,0.45,0.45,,,,,,,,,,1.95,1.95,1.95,1.95,1.95,1.95,,,,1.95,1.95,0.95,,,3.95,3.95,,0.45,0.45,0.45,1.95,1.95,1.95,1.95,1.95,1.95,,,1.95,,,,,0.45,,,,1.95,,,,3.95,0.4,0.4,1.95,,,,0.95,1.95,,0.45,0.45,1.95
118,10214820,,3.95,,,,,0.95,0.45,,,,3.95,3.95,,3.95,7.95,7.95,,,,,,,,,3.95,,1.95,0.45,,,0.4,,1.95,1.95,,,,1.45,1.95,0.45,,,,1.95,0.95,,,,,,0.45,,0.4,0.45,,,,,1.95,0.95,,,,,0.45,0.95,0.4,,,,0.4,1.95,1.95,,1.95,,,,,,0.4,,,,,3.95,3.95,1.95,1.95,2.95,1.95,1.95,1.95,1.95,1.95,1.95,2.95,,,1.95,,,0.4,7.95,7.95,,3.95,1.95,,,,,,,0.4,1.95,,0.4,3.95,,,7.95,,0.4,0.4,0.4,0.45,0.4,0.45,0.45,0.95,1.95,1.95,1.95,0.45,0.45,,,,,,,,,,1.95,1.95,1.95,1.95,1.95,1.95,,,,1.95,1.95,0.95,,,3.95,3.95,,0.45,0.45,0.45,1.95,1.95,1.95,1.95,1.95,1.95,,,1.95,,,,,0.45,,,,1.95,,,,3.95,0.4,0.4,1.95,,,,0.95,1.95,,0.45,0.45,1.95
118,10214880,,3.95,,,,,0.95,0.45,,,,3.95,3.95,,3.95,7.95,7.95,,,,,,,,,3.95,,1.95,0.45,,,0.4,,1.95,1.95,,,,1.45,1.95,0.45,,,,1.95,0.95,,,,,,0.45,,0.4,0.45,,,,,1.95,0.95,,,,,0.45,0.95,0.4,,,,0.4,1.95,1.95,,1.95,,,,,,0.4,,,,,3.95,3.95,1.95,1.95,2.95,1.95,1.95,1.95,1.95,1.95,1.95,2.95,,,1.95,,,0.4,7.95,7.95,,3.95,1.95,,,,,,,0.4,1.95,,0.4,3.95,,,7.95,,0.4,0.4,0.4,0.45,0.4,0.45,0.45,0.95,1.95,1.95,1.95,0.45,0.45,,,,,,,,,,1.95,1.95,1.95,1.95,1.95,1.95,,,,1.95,1.95,0.95,,,3.95,3.95,,0.45,0.45,0.45,1.95,1.95,1.95,1.95,1.95,1.95,,,1.95,,,,,0.45,,,,1.95,,,,3.95,0.4,0.4,1.95,,,,0.95,1.95,,0.45,0.45,1.95
118,10214940,,3.95,,,,,0.95,0.45,,,,3.95,3.95,,3.95,7.95,7.95,,,,,,,,,3.95,,1.95,0.45,,,0.4,,1.95,1.95,,,,1.45,1.95,0.45,,,,1.95,0.95,,,,,,0.45,,0.4,0.45,,,,,1.95,0.95,,,,,0.45,0.95,0.4,,,,0.4,1.95,1.95,,1.95,,,,,,0.4,,,,,3.95,3.95,1.95,1.95,2.95,1.95,1.95,1.95,1.95,1.95,1.95,2.95,,,1.95,,,0.4,7.95,7.95,,3.95,1.95,,,,,,,0.4,1.95,,0.4,3.95,,,7.95,,0.4,0.4,0.4,0.45,0.4,0.45,0.45,0.95,1.95,1.95,1.95,0.45,0.45,,,,,,,,,,1.95,1.95,1.95,1.95,1.95,1.95,,,,1.95,1.95,0.95,,,3.95,3.95,,0.45,0.45,0.45,1.95,1.95,1.95,1.95,1.95,1.95,,,1.95,,,,,0.45,,,,1.95,,,,3.95,0.4,0.4,1.95,,,,0.95,1.95,,0.45,0.45,1.95
118,10215000,,3.95,,,,,0.95,0.45,,,,3.95,3.95,,3.95,7.95,7.95,,,,,,,,,3.95,,1.95,0.45,,,0.4,,1.95,1.95,,,,1.45,1.95,0.45,,,,1.95,0.95,,,,,,0.45,,0.4,0.45,,,,,1.95,0.95,,,,,0.45,0.95,0.4,,,,0.4,1.95,1.95,,1.95,,,,,,0.4,,,,,3.95,3.95,1.95,1.95,2.95,1.95,1.95,1.95,1.95,1.95,1.95,2.95,,,1.95,,,0.4,7.95,7.95,,3.95,1.95,,,,,,,0.4,1.95,,0.4,3.95,,,7.95,,0.4,0.4,0.4,0.45,0.4,0.45,0.45,0.95,1.95,1.95,1.95,0.45,0.45,,,,,,,,,,1.95,1.95,1.95,1.95,1.95,1.95,,,,1.95,1.95,0.95,,,3.95,3.95,,0.45,0.45,0.45,1.95,1.95,1.95,1.95,1.95,1.95,,,1.95,,,,,0.45,,,,1.95,,,,3.95,0.4,0.4,1.95,,,,0.95,1.95,,0.45,0.45,1.95
118,10215060,,3.95,,,,,0.95,0.45,,,,3.95,3.95,,3.95,7.95,7.95,,,,,,,,,3.95,,1.95,0.45,,,0.4,,1.95,1.95,,,,1.45,1.95,0.45,,,,1.95,0.95,,,,,,0.45,,0.4,0.45,,,,,1.95,0.95,,,,,0.45,0.95,0.4,,,,0.4,1.95,1.95,,1.95,,,,,,0.4,,,,,3.95,3.95,1.95,1.95,2.95,1.95,1.95,1.95,1.95,1.95,1.95,2.95,,,1.95,,,0.4,7.95,7.95,,3.95,1.95,,,,,,,0.4,1.95,,0.4,3.95,,,7.95,,0.4,0.4,0.4,0.45,0.4,0.45,0.45,0.95,1.95,1.95,1.95,0.45,0.45,,,,,,,,,,1.95,1.95,1.95,1.95,1.95,1.95,,,,1.95,1.95,0.95,,,3.95,3.95,,0.45,0.45,0.45,1.95,1.95,1.95,1.95,1.95,1.95,,,1.95,,,,,0.45,,,,1.95,,,,3.95,0.4,0.4,1.95,,,,0.95,1.95,,0.45,0.45,1.95
118,10215120,,3.95,,,,,0.95,0.45,,,,3.95,3.95,,3.95,7.95,7.95,,,,,,,,,3.95,,1.95,0.45,,,0.4,,1.95,1.95,,,,1.45,1.95,0.45,,,,1.95,0.95,,,,,,0.45,,0.4,0.45,,,,,1.95,0.95,,,,,0.45,0.95,0.4,,,,0.4,1.95,1.95,,1.95,,,,,,0.4,,,,,3.95,3.95,1.95,1.95,2.95,1.95,1.95,1.95,1.95,1.95,1.95,2.95,,,1.95,,,0.4,7.95,7.95,,3.95,1.95,,,,,,,0.4,1.95,,0.4,3.95,,,7.95,,0.4,0.4,0.4,0.45,0.4,0.45,0.45,0.95,1.95,1.95,1.95,0.45,0.45,,,,,,,,,,1.95,1.95,1.95,1.95,1.95,1.95,,,,1.95,1.95,0.95,,,3.95,3.95,,0.45,0.45,0.45,1.95,1.95,1.95,1.95,1.95,1.95,,,1.95,,,,,0.45,,,,1.95,,,,3.95,0.4,0.4,1.95,,,,0.95,1.95,,0.45,0.45,1.95
118,10215180,,3.95,,,,,0.95,0.45,,,,3.95,3.95,,3.95,7.95,7.95,,,,,,,,,3.95,,1.95,0.45,,,0.4,,1.95,1.95,,,,1.45,1.95,0.45,,,,1.95,0.95,,,,,,0.45,,0.4,0.45,,,,,1.95,0.95,,,,,0.45,0.95,0.4,,,,0.4,1.95,1.95,,1.95,,,,,,0.4,,,,,3.95,3.95,1.95,1.95,2.95,1.95,1.95,1.95,1.95,1.95,1.95,2.95,,,1.95,,,0.4,7.95,7.95,,3.95,1.95,,,,,,,0.4,1.95,,0.4,3.95,,,7.95,,0.4,0.4,0.4,0.45,0.4,0.45,0.45,0.95,1.95,1.95,1.95,0.45,0.45,,,,,,,,,,1.95,1.95,1.95,1.95,1.95,1.95,,,,1.95,1.95,0.95,,,3.95,3.95,,0.45,0.45,0.45,1.95,1.95,1.95,1.95,1.95,1.95,,,1.95,,,,,0.45,,,,1.95,,,,3.95,0.4,0.4,1.95,,,,0.95,1.95,,0.45,0.45,1.95
118,10215240,,3.95,,,,,0.95,0.45,,,,3.95,3.95,,3.95,7.95,7.95,,,,,,,,,3.95,,1.95,0.45,,,0.4,,1.95,1.95,,,,1.45,1.95,0.45,,,,1.95,0.95,,,,,,0.45,,0.4,0.45,,,,,1.95,0.95,,,,,0.45,0.95,0.4,,,,0.4,1.95,1.95,,1.95,,,,,,0.4,,,,,3.95,3.95,1.95,1.95,2.95,1.95,1.95,1.95,1.95,1.95,1.95,2.95,,,1.95,,,0.4,7.95,7.95,,3.95,1.95,,,,,,,0.4,1.95,,0.4,3.95,,,7.95,,0.4,0.4,0.4,0.45,0.4,0.45,0.45,0.95,1.95,1.95,1.95,0.45,0.45,,,,,,,,,,1.95,1.95,1.95,1.95,1.95,1.95,,,,1.95,1.95,0.95,,,3.95,3.95,,0.45,0.45,0.45,1.95,1.95,1.95,1.95,1.95,1.95,,,1.95,,,,,0.45,,,,1.95,,,,3.95,0.4,0.4,1.95,,,,0.95,1.95,,0.45,0.45,1.95
118,10215300,,3.95,,,,,0.95,0.45,,,,3.95,3.95,,3.95,7.95,7.95,,,,,,,,,3.95,,1.95,0.45,,,0.4,,1.95,1.95,,,,1.45,1.95,0.45,,,,1.95,0.95,,,,,,0.45,,0.4,0.45,,,,,1.95,0.95,,,,,0.45,0.95,0.4,,,,0.4,1.95,1.95,,1.95,,,,,,0.4,,,,,3.95,3.95,1.95,1.95,2.95,1.95,1.95,1.95,1.95,1.95,1.95,2.95,,,1.95,,,0.4,7.95,7.95,,3.95,1.95,,,,,,,0.4,1.95,,0.4,3.95,,,7.95,,0.4,0.4,0.4,0.45,0.4,0.45,0.45,0.95,1.95,1.95,1.95,0.45,0.45,,,,,,,,,,1.95,1.95,1.95,1.95,1.95,1.95,,,,1.95,1.95,0.95,,,3.95,3.95,,0.45,0.45,0.45,1.95,1.95,1.95,1.95,1.95,1.95,,,1.95,,,,,0.45,,,,1.95,,,,3.95,0.4,0.4,1.95,,,,0.95,1.95,,0.45,0.45,1.95
118,10215360,,3.95,,,,,0.95,0.45,,,,3.95,3.95,,3.95,7.95,7.95,,,,,,,,,3.95,,1.95,0.45,,,0.4,,1.95,1.95,,,,1.45,1.95,0.45,,,,1.95,0.95,,,,,,0.45,,0.4,0.45,,,,,1.95,0.95,,,,,0.45,0.95,0.4,,,,0.4,1.95,1.95,,1.95,,,,,,0.4,,,,,3.95,3.95,1.95,1.95,2.95,1.95,1.95,1.95,1.95,1.95,1.95,2.95,,,1.95,,,0.4,7.95,7.95,,3.95,1.95,,,,,,,0.4,1.95,,0.4,3.95,,,7.95,,0.4,0.4,0.4,0.45,0.4,0.45,0.45,0.95,1.95,1.95,1.95,0.45,0.45,,,,,,,,,,1.95,1.95,1.95,1.95,1.95,1.95,,,,1.95,1.95,0.95,,,3.95,3.95,,0.45,0.45,0.45,1.95,1.95,1.95,1.95,1.95,1.95,,,1.95,,,,,0.45,,,,1.95,,,,3.95,0.4,0.4,1.95,,,,0.95,1.95,,0.45,0.45,1.95
118,10215420,,3.95,,,,,0.95,0.45,,,,3.95,3.95,,3.95,7.95,7.95,,,,,,,,,3.95,,1.95,0.45,,,0.4,,1.95,1.95,,,,1.45,1.95,0.45,,,,1.95,0.95,,,,,,0.45,,0.4,0.45,,,,,1.95,0.95,,,,,0.45,0.95,0.4,,,,0.4,1.95,1.95,,1.95,,,,,,0.4,,,,,3.95,3.95,1.95,1.95,2.95,1.95,1.95,1.95,1.95,1.95,1.95,2.95,,,1.95,,,0.4,7.95,7.95,,3.95,1.95,,,,,,,0.4,1.95,,0.4,3.95,,,7.95,,0.4,0.4,0.4,0.45,0.4,0.45,0.45,0.95,1.95,1.95,1.95,0.45,0.45,,,,,,,,,,1.95,1.95,1.95,1.95,1.95,1.95,,,,1.95,1.95,0.95,,,3.95,3.95,,0.45,0.45,0.45,1.95,1.95,1.95,1.95,1.95,1.95,,,1.95,,,,,0.45,,,,1.95,,,,3.95,0.4,0.4,1.95,,,,0.95,1.95,,0.45,0.45,1.95
118,10215480,,3.95,,,,,0.95,0.45,,,,3.95,3.95,,3.95,7.95,7.95,,,,,,,,,3.95,,1.95,0.45,,,0.4,,1.95,1.95,,,,1.45,1.95,0.45,,,,1.95,0.95,,,,,,0.45,,0.4,0.45,,,,,1.95,0.95,,,,,0.45,0.95,0.4,,,,0.4,1.95,1.95,,1.95,,,,,,0.4,,,,,3.95,3.95,1.95,1.95,2.95,1.95,1.95,1.95,1.95,1.95,1.95,2.95,,,1.95,,,0.4,7.95,7.95,,3.95,1.95,,,,,,,0.4,1.95,,0.4,3.95,,,7.95,,0.4,0.4,0.4,0.45,0.4,0.45,0.45,0.95,1.95,1.95,1.95,0.45,0.45,,,,,,,,,,1.95,1.95,1.95,1.95,1.95,1.95,,,,1.95,1.95,0.95,,,3.95,3.95,,0.45,0.45,0.45,1.95,1.95,1.95,1.95,1.95,1.95,,,1.95,,,,,0.45,,,,1.95,,,,3.95,0.4,0.4,1.95,,,,0.95,1.95,,0.45,0.45,1.95
118,10215540,,3.95,,,,,0.95,0.45,,,,3.95,3.95,,3.95,7.95,7.95,,,,,,,,,3.95,,1.95,0.45,,,0.4,,1.95,1.95,,,,1.45,1.95,0.45,,,,1.95,0.95,,,,,,0.45,,0.4,0.45,,,,,1.95,0.95,,,,,0.45,0.95,0.4,,,,0.4,1.95,1.95,,1.95,,,,,,0.4,,,,,3.95,3.95,1.95,1.95,2.95,1.95,1.95,1.95,1.95,1.95,1.95,2.95,,,1.95,,,0.4,7.95,7.95,,3.95,1.95,,,,,,,0.4,1.95,,0.4,3.95,,,7.95,,0.4,0.4,0.4,0.45,0.4,0.45,0.45,0.95,1.95,1.95,1.95,0.45,0.45,,,,,,,,,,1.95,1.95,1.95,1.95,1.95,1.95,,,,1.95,1.95,0.95,,,3.95,3.95,,0.45,0.45,0.45,1.95,1.95,1.95,1.95,1.95,1.95,,,1.95,,,,,0.45,,,,1.95,,,,3.95,0.4,0.4,1.95,,,,0.95,1.95,,0.45,0.45,1.95
118,10215600,,3.95,,,,,0.95,0.45,,,,3.95,3.95,,3.95,7.95,7.95,,,,,,,,,3.95,,1.95,0.45,,,0.4,,1.95,1.95,,,,1.45,1.95,0.45,,,,1.95,0.95,,,,,,0.45,,0.4,0.45,,,,,1.95,0.95,,,,,0.45,0.95,0.4,,,,0.4,1.95,1.95,,1.95,,,,,,0.4,,,,,3.95,3.95,1.95,1.95,2.95,1.95,1.95,1.95,1.95,1.95,1.95,2.95,,,1.95,,,0.4,7.95,7.95,,3.95,1.95,,,,,,,0.4,1.95,,0.4,3.95,,,7.95,,0.4,0.4,0.4,0.45,0.4,0.45,0.45,0.95,1.95,1.95,1.95,0.45,0.45,,,,,,,,,,1.95,1.95,1.95,1.95,1.95,1.95,,,,1.95,1.95,0.95,,,3.95,3.95,,0.45,0.45,0.45,1.95,1.95,1.95,1.95,1.95,1.95,,,1.95,,,,,0.45,,,,1.95,,,,3.95,0.4,0.4,1.95,,,,0.95,1.95,,0.45,0.45,1.95
118,10215660,,3.95,,,,,0.95,0.45,,,,3.95,3.95,,3.95,7.95,7.95,,,,,,,,,3.95,,1.95,0.45,,,0.4,,1.95,1.95,,,,1.45,1.95,0.45,,,,1.95,0.95,,,,,,0.45,,0.4,0.45,,,,,1.95,0.95,,,,,0.45,0.95,0.4,,,,0.4,1.95,1.95,,1.95,,,,,,0.4,,,,,3.95,3.95,1.95,1.95,2.95,1.95,1.95,1.95,1.95,1.95,1.95,2.95,,,1.95,,,0.4,7.95,7.95,,3.95,1.95,,,,,,,0.4,1.95,,0.4,3.95,,,7.95,,0.4,,0.4,0.45,0.4,0.45,0.45,0.95,1.95,1.95,1.95,0.45,0.45,,,,,,,,,,1.95,1.95,1.95,1.95,1.95,1.95,,,,1.95,1.95,0.95,,,3.95,3.95,,0.45,0.45,0.45,1.95,1.95,1.95,1.95,1.95,1.95,,,1.95,,,,,0.45,,,,1.95,,,,3.95,0.4,0.4,1.95,,,,0.95,1.95,,0.45,0.45,1.95
118,10215720,,3.95,,,,,0.95,0.45,,,,3.95,3.95,,3.95,7.95,7.95,,,,,,,,,3.95,,1.95,0.45,,,0.4,,1.95,1.95,,,,1.45,1.95,0.45,,,,1.95,0.95,,,,,,0.45,,0.4,0.45,,,,,1.95,0.95,,,,,0.45,0.95,0.4,,,,0.4,1.95,1.95,,1.95,,,,,,0.4,,,,,3.95,3.95,1.95,1.95,2.95,1.95,1.95,1.95,1.95,1.95,1.95,2.95,,,1.95,,,0.4,7.95,7.95,,3.95,1.95,,,,,,,0.4,1.95,,0.4,3.95,,,7.95,,0.4,,0.4,0.45,0.4,0.45,0.45,0.95,1.95,1.95,1.95,0.45,0.45,,,,,,,,,,1.95,1.95,1.95,1.95,1.95,1.95,,,,1.95,1.95,0.95,,,3.95,3.95,,0.45,0.45,0.45,1.95,1.95,1.95,1.95,1.95,1.95,,,1.95,,,,,0.45,,,,1.95,,,,3.95,0.4,0.4,1.95,,,,0.95,1.95,,0.45,0.45,1.95
118,10215780,,3.95,,,,,0.95,0.45,,,,3.95,3.95,,3.95,7.95,7.95,,,,,,,,,3.95,,1.95,0.45,,,0.4,,1.95,1.95,,,,1.45,1.95,0.45,,,,1.95,0.95,,,,,,0.45,,0.4,0.45,,,,,1.95,0.95,,,,,0.45,0.95,0.4,,,,0.4,1.95,1.95,,1.95,,,,,,0.4,,,,,3.95,3.95,1.95,1.95,2.95,1.95,1.95,1.95,1.95,1.95,1.95,2.95,,,1.95,,,0.4,7.95,7.95,,3.95,1.95,,,,,,,0.4,1.95,,0.4,3.95,,,7.95,,0.4,,0.4,0.45,0.4,0.45,0.45,0.95,1.95,1.95,1.95,0.45,0.45,,,,,,,,,,1.95,1.95,1.95,1.95,1.95,1.95,,,,1.95,1.95,0.95,,,3.95,3.95,,0.45,0.45,0.45,1.95,1.95,1.95,1.95,1.95,1.95,,,1.95,,,,,0.45,,,,1.95,,,,3.95,0.4,0.4,1.95,,,,0.95,1.95,,0.45,0.45,1.95
118,10215840,,3.95,,,,,0.95,0.45,,,,3.95,3.95,,3.95,7.95,7.95,,,,,,,,,3.95,,1.95,0.45,,,0.4,,1.95,1.95,,,,1.45,1.95,0.45,,,,1.95,0.95,,,,,,0.45,,0.4,0.45,,,,,1.95,0.95,,,,,0.45,0.95,0.4,,,,0.4,1.95,1.95,,1.95,,,,,,0.4,,,,,3.95,3.95,1.95,1.95,2.95,1.95,1.95,1.95,1.95,1.95,1.95,2.95,,,1.95,,,0.4,7.95,7.95,,3.95,1.95,,,,,,,0.4,1.95,,0.4,3.95,,,7.95,,0.4,,0.4,0.45,0.4,0.45,0.45,0.95,1.95,1.95,1.95,0.45,0.45,,,,,,,,,,1.95,1.95,1.95,1.95,1.95,1.95,,,,1.95,1.95,0.95,,,3.95,3.95,,0.45,0.45,0.45,1.95,1.95,1.95,1.95,1.95,1.95,,,1.95,,,,,0.45,,,,1.95,,,,3.95,0.4,0.4,1.95,,,,0.95,1.95,,0.45,0.45,1.95
118,10215900,,3.95,,,,,0.95,0.45,,,,3.95,3.95,,3.95,7.95,7.95,,,,,,,,,3.95,,1.95,0.45,,,0.4,,1.95,1.95,,,,1.45,1.95,0.45,,,,1.95,0.95,,,,,,0.45,,0.4,0.45,,,,,1.95,0.95,,,,,0.45,0.95,0.4,,,,0.4,1.95,1.95,,1.95,,,,,,0.4,,,,,3.95,3.95,1.95,1.95,2.95,1.95,1.95,1.95,1.95,1.95,1.95,2.95,,,1.95,,,0.4,7.95,7.95,,3.95,1.95,,,,,,,0.4,1.95,,0.4,3.95,,,7.95,,0.4,,0.4,0.45,0.4,0.45,0.45,0.95,1.95,1.95,1.95,0.45,0.45,,,,,,,,,,1.95,1.95,1.95,1.95,1.95,1.95,,,,1.95,1.95,0.95,,,3.95,3.95,,0.45,0.45,0.45,1.95,1.95,1.95,1.95,1.95,1.95,,,1.95,,,,,0.45,,,,1.95,,,,3.95,0.4,0.4,1.95,,,,0.95,1.95,,0.45,0.45,1.95
118,10215960,,3.95,,,,,0.95,0.45,,,,3.95,3.95,,3.95,7.95,7.95,,,,,,,,,3.95,,1.95,0.45,,,0.4,,1.95,1.95,,,,1.45,1.95,0.45,,,,1.95,0.95,,,,,,0.45,,0.4,0.45,,,,,1.95,0.95,,,,,0.45,0.95,0.4,,,,0.4,1.95,1.95,,1.95,,,,,,0.4,,,,,3.95,3.95,1.95,1.95,2.95,1.95,1.95,1.95,1.95,1.95,1.95,2.95,,,1.95,,,0.4,7.95,7.95,,3.95,1.95,,,,,,,0.4,1.95,,0.4,3.95,,,7.95,,0.4,,0.4,0.45,0.4,0.45,0.45,0.95,1.95,1.95,1.95,0.45,0.45,,,,,,,,,,1.95,1.95,1.95,1.95,1.95,1.95,,,,1.95,1.95,0.95,,,3.95,3.95,,0.45,0.45,0.45,1.95,1.95,1.95,1.95,1.95,1.95,,,1.95,,,,,0.45,,,,1.95,,,,3.95,0.4,0.4,1.95,,,,0.95,1.95,,0.45,0.45,1.95
118,10216020,,3.95,,,,,0.95,0.45,,,,3.95,3.95,,3.95,7.95,7.95,,,,,,,,,3.95,,1.95,0.45,,,0.4,,1.95,1.95,,,,1.45,1.95,0.45,,,,1.95,0.95,,,,,,0.45,,0.4,0.45,,,,,1.95,0.95,,,,,0.45,0.95,0.4,,,,0.4,1.95,1.95,,1.95,,,,,,0.4,,,,,3.95,3.95,1.95,1.95,2.95,1.95,1.95,1.95,1.95,1.95,1.95,2.95,,,1.95,,,0.4,7.95,7.95,,3.95,1.95,,,,,,,0.4,1.95,,0.4,3.95,,,7.95,,0.4,,0.4,0.45,0.4,0.45,0.45,0.95,1.95,1.95,1.95,0.45,0.45,,,,,,,,,,1.95,1.95,1.95,1.95,1.95,1.95,,,,1.95,1.95,0.95,,,3.95,3.95,,0.45,0.45,0.45,1.95,1.95,1.95,1.95,1.95,1.95,,,1.95,,,,,0.45,,,,1.95,,,,3.95,0.4,0.4,1.95,,,,0.95,1.95,,0.45,0.45,1.95
118,10216080,,3.95,,,,,0.95,0.45,,,,3.95,3.95,,3.95,7.95,7.95,,,,,,,,,3.95,,1.95,0.45,,,0.4,,1.95,1.95,,,,1.45,1.95,0.45,,,,1.95,0.95,,,,,,0.45,,0.4,0.45,,,,,1.95,0.95,,,,,0.45,0.95,0.4,,,,0.4,1.95,1.95,,1.95,,,,,,0.4,,,,,3.95,3.95,1.95,1.95,2.95,1.95,1.95,1.95,1.95,1.95,1.95,2.95,,,1.95,,,0.4,7.95,7.95,,3.95,1.95,,,,,,,0.4,1.95,,0.4,3.95,,,7.95,,0.4,,0.4,0.45,0.4,0.45,0.45,0.95,1.95,1.95,1.95,0.45,0.45,,,,,,,,,,1.95,1.95,1.95,1.95,1.95,1.95,,,,1.95,1.95,0.95,,,3.95,3.95,,0.45,0.45,0.45,1.95,1.95,1.95,1.95,1.95,1.95,,,1.95,,,,,0.45,,,,1.95,,,,3.95,0.4,0.4,1.95,,,,0.95,1.95,,0.45,0.45,1.95
118,10216140,,3.95,,,,,0.95,0.45,,,,3.95,3.95,,3.95,7.95,7.95,,,,,,,,,3.95,,1.95,0.45,,,0.4,,1.95,1.95,,,,1.45,1.95,0.45,,,,1.95,0.95,,,,,,0.45,,0.4,0.45,,,,,1.95,0.95,,,,,0.45,0.95,0.4,,,,0.4,1.95,1.95,,1.95,,,,,,0.4,,,,,3.95,3.95,1.95,1.95,2.95,1.95,1.95,1.95,1.95,1.95,1.95,2.95,,,1.95,,,0.4,7.95,7.95,,3.95,1.95,,,,,,,0.4,1.95,,0.4,3.95,,,7.95,,0.4,,0.4,0.45,0.4,0.45,0.45,0.95,1.95,1.95,1.95,0.45,0.45,,,,,,,,,,1.95,1.95,1.95,1.95,1.95,1.95,,,,1.95,1.95,0.95,,,3.95,3.95,,0.45,0.45,0.45,1.95,1.95,1.95,1.95,1.95,1.95,,,1.95,,,,,0.45,,,,1.95,,,,3.95,0.4,0.4,1.95,,,,0.95,1.95,,0.45,0.45,1.95
118,10216200,,3.95,,,,,0.95,0.45,,,,3.95,3.95,,3.95,7.95,7.95,,,,,,,,,3.95,,1.95,0.45,,,0.4,,1.95,1.95,,,,1.45,1.95,0.45,,,,1.95,0.95,,,,,,0.45,,0.4,0.45,,,,,1.95,0.95,,,,,0.45,0.95,0.4,,,,0.4,1.95,1.95,,1.95,,,,,,0.4,,,,,3.95,3.95,1.95,1.95,2.95,1.95,1.95,1.95,1.95,1.95,1.95,2.95,,,1.95,,,0.4,7.95,7.95,,3.95,1.95,,,,,,,0.4,1.95,,0.4,3.95,,,7.95,,0.4,,0.4,0.45,0.4,0.45,0.45,0.95,1.95,1.95,1.95,0.45,0.45,,,,,,,,,,1.95,1.95,1.95,1.95,1.95,1.95,,,,1.95,1.95,0.95,,,3.95,3.95,,0.45,0.45,0.45,1.95,1.95,1.95,1.95,1.95,1.95,,,1.95,,,,,0.45,,,,1.95,,,,3.95,0.4,0.4,1.95,,,,0.95,1.95,,0.45,0.45,1.95
118,10216260,,3.95,,,,,0.95,0.45,,,,3.95,3.95,,3.95,7.95,7.95,,,,,,,,,3.95,,1.95,0.45,,,0.4,,1.95,1.95,,,,1.45,1.95,0.45,,,,1.95,0.95,,,,,,0.45,,0.4,0.45,,,,,1.95,0.95,,,,,0.45,0.95,0.4,,,,0.4,1.95,1.95,,1.95,,,,,,0.4,,,,,3.95,3.95,1.95,1.95,2.95,1.95,1.95,1.95,1.95,1.95,1.95,2.95,,,1.95,,,0.4,7.95,7.95,,3.95,1.95,,,,,,,0.4,1.95,,0.4,3.95,,,7.95,,0.4,,0.4,0.45,0.4,0.45,0.45,0.95,1.95,1.95,1.95,0.45,0.45,,,,,,,,,,1.95,1.95,1.95,1.95,1.95,1.95,,,,1.95,1.95,0.95,,,3.95,3.95,,0.45,0.45,0.45,1.95,1.95,1.95,1.95,1.95,1.95,,,1.95,,,,,0.45,,,,1.95,,,,3.95,0.4,0.4,1.95,,,,0.95,1.95,,0.45,0.45,1.95
118,10216320,,3.95,,,,,0.95,0.45,,,,3.95,3.95,,3.95,7.95,7.95,,,,,,,,,3.95,,1.95,0.45,,,0.4,,1.95,1.95,,,,1.45,1.95,0.45,,,,1.95,0.95,,,,,,0.45,,0.4,0.45,,,,,1.95,0.95,,,,,0.45,0.95,0.4,,,,0.4,1.95,1.95,,1.95,,,,,,0.4,,,,,3.95,3.95,1.95,1.95,2.95,1.95,1.95,1.95,1.95,1.95,1.95,2.95,,,1.95,,,0.4,7.95,7.95,,3.95,1.95,,,,,,,0.4,1.95,,0.4,3.95,,,7.95,,0.4,,0.4,0.45,0.4,0.45,0.45,0.95,1.95,1.95,1.95,0.45,0.45,,,,,,,,,,1.95,1.95,1.95,1.95,1.95,1.95,,,,1.95,1.95,0.95,,,3.95,3.95,,0.45,0.45,0.45,1.95,1.95,1.95,1.95,1.95,1.95,,,1.95,,,,,0.45,,,,1.95,,,,3.95,0.4,0.4,1.95,,,,0.95,1.95,,0.45,0.45,1.95
118,10216380,,3.95,,,,,0.95,0.45,,,,3.95,3.95,,3.95,7.95,7.95,,,,,,,,,3.95,,1.95,0.45,,,0.4,,1.95,1.95,,,,1.45,1.95,0.45,,,,1.95,0.95,,,,,,0.45,,0.4,0.45,,,,,1.95,0.95,,,,,0.45,0.95,0.4,,,,0.4,1.95,1.95,,1.95,,,,,,0.4,,,,,3.95,3.95,1.95,1.95,2.95,1.95,1.95,1.95,1.95,1.95,1.95,2.95,,,1.95,,,0.4,7.95,7.95,,3.95,1.95,,,,,,,0.4,1.95,,0.4,3.95,,,7.95,,0.4,,0.4,0.45,0.4,0.45,0.45,0.95,1.95,1.95,1.95,0.45,0.45,,,,,,,,,,1.95,1.95,1.95,1.95,1.95,1.95,,,,1.95,1.95,0.95,,,3.95,3.95,,0.45,0.45,0.45,1.95,1.95,1.95,1.95,1.95,1.95,,,1.95,,,,,0.45,,,,1.95,,,,3.95,0.4,0.4,1.95,,,,0.95,1.95,,0.45,0.45,1.95
118,10216440,,3.95,,,,,0.95,0.45,,,,3.95,3.95,,3.95,7.95,7.95,,,,,,,,,3.95,,1.95,0.45,,,0.4,,1.95,1.95,,,,1.45,1.95,0.45,,,,1.95,0.95,,,,,,0.45,,0.4,0.45,,,,,1.95,0.95,,,,,0.45,0.95,0.4,,,,0.4,1.95,1.95,,1.95,,,,,,0.4,,,,,3.95,3.95,1.95,1.95,2.95,1.95,1.95,1.95,1.95,1.95,1.95,2.95,,,1.95,,,0.4,7.95,7.95,,3.95,1.95,,,,,,,0.4,1.95,,0.4,3.95,,,7.95,,0.4,,0.4,0.45,0.4,0.45,0.45,0.95,1.95,1.95,1.95,0.45,0.45,,,,,,,,,,1.95,1.95,1.95,1.95,1.95,1.95,,,,1.95,1.95,0.95,,,3.95,3.95,,0.45,0.45,0.45,1.95,1.95,1.95,1.95,1.95,1.95,,,1.95,,,,,0.45,,,,1.95,,,,3.95,0.4,0.4,1.95,,,,0.95,1.95,,0.45,0.45,1.95
118,10216500,,3.95,,,,,0.95,0.45,,,,3.95,3.95,,3.95,7.95,7.95,,,,,,,,,3.95,,1.95,0.45,,,0.4,,1.95,1.95,,,,1.45,1.95,0.45,,,,1.95,0.95,,,,,,0.45,,0.4,0.45,,,,,1.95,0.95,,,,,0.45,0.95,0.4,,,,0.4,1.95,1.95,,1.95,,,,,,0.4,,,,,3.95,3.95,1.95,1.95,2.95,1.95,1.95,1.95,1.95,1.95,1.95,2.95,,,1.95,,,0.4,7.95,7.95,,3.95,1.95,,,,,,,0.4,1.95,,0.4,3.95,,,7.95,,0.4,,0.4,0.45,0.4,0.45,0.45,0.95,1.95,1.95,1.95,0.45,0.45,,,,,,,,,,1.95,1.95,1.95,1.95,1.95,1.95,,,,1.95,1.95,0.95,,,3.95,3.95,,0.45,0.45,0.45,1.95,1.95,1.95,1.95,1.95,1.95,,,1.95,,,,,0.45,,,,1.95,,,,3.95,0.4,0.4,1.95,,,,0.95,1.95,,0.45,0.45,1.95
118,10216560,,3.95,,,,,0.95,0.45,,,,3.95,3.95,,3.95,7.95,7.95,,,,,,,,,3.95,,1.95,0.45,,,0.4,,1.95,1.95,,,,1.45,1.95,0.45,,,,1.95,0.95,,,,,,0.45,,0.4,0.45,,,,,1.95,0.95,,,,,0.45,0.95,0.4,,,,0.4,1.95,1.95,,1.95,,,,,,0.4,,,,,3.95,3.95,1.95,1.95,2.95,1.95,1.95,1.95,1.95,1.95,1.95,2.95,,,1.95,,,0.4,7.95,7.95,,3.95,1.95,,,,,,,0.4,1.95,,0.4,3.95,,,7.95,,0.4,,0.4,0.45,0.4,0.45,0.45,0.95,1.95,1.95,1.95,0.45,0.45,,,,,,,,,,1.95,1.95,1.95,1.95,1.95,1.95,,,,1.95,1.95,0.95,,,3.95,3.95,,0.45,0.45,0.45,1.95,1.95,1.95,1.95,1.95,1.95,,,1.95,,,,,0.45,,,,1.95,,,,3.95,0.4,0.4,1.95,,,,0.95,1.95,,0.45,0.45,1.95
118,10216620,,3.95,,,,,0.95,0.45,,,,3.95,3.95,,3.95,7.95,7.95,,,,,,,,,3.95,,1.95,0.45,,,0.4,,1.95,1.95,,,,1.45,1.95,0.45,,,,1.95,0.95,,,,,,0.45,,0.4,0.45,,,,,1.95,0.95,,,,,0.45,0.95,0.4,,,,0.4,1.95,1.95,,1.95,,,,,,0.4,,,,,3.95,3.95,1.95,1.95,2.95,1.95,1.95,1.95,1.95,1.95,1.95,2.95,,,1.95,,,0.4,7.95,7.95,,3.95,1.95,,,,,,,0.4,1.95,,0.4,3.95,,,7.95,,0.4,,0.4,0.45,0.4,0.45,0.45,0.95,1.95,1.95,1.95,0.45,0.45,,,,,,,,,,1.95,1.95,1.95,1.95,1.95,1.95,,,,1.95,1.95,0.95,,,3.95,3.95,,0.45,0.45,0.45,1.95,1.95,1.95,1.95,1.95,1.95,,,1.95,,,,,0.45,,,,1.95,,,,3.95,0.4,0.4,1.95,,,,0.95,1.95,,0.45,0.45,1.95
118,10216680,,3.95,,,,,0.95,0.45,,,,3.95,3.95,,3.95,7.95,7.95,,,,,,,,,3.95,,1.95,0.45,,,0.4,,1.95,1.95,,,,1.45,1.95,0.45,,,,1.95,0.95,,,,,,0.45,,0.4,0.45,,,,,1.95,0.95,,,,,0.45,0.95,0.4,,,,0.4,1.95,1.95,,1.95,,,,,,0.4,,,,,3.95,3.95,1.95,1.95,2.95,1.95,1.95,1.95,1.95,1.95,1.95,2.95,,,1.95,,,0.4,7.95,7.95,,3.95,1.95,,,,,,,0.4,1.95,,0.4,3.95,,,7.95,,0.4,,0.4,0.45,0.4,0.45,0.45,0.95,1.95,1.95,1.95,0.45,0.45,,,,,,,,,,1.95,1.95,1.95,1.95,1.95,1.95,,,,1.95,1.95,0.95,,,3.95,3.95,,0.45,0.45,0.45,1.95,1.95,1.95,1.95,1.95,1.95,,,1.95,,,,,0.45,,,,1.95,,,,3.95,0.4,0.4,1.95,,,,0.95,1.95,,0.45,0.45,1.95
118,10216740,,3.95,,,,,0.95,0.45,,,,3.95,3.95,,3.95,7.95,7.95,,,,,,,,,3.95,,1.95,0.45,,,0.4,,1.95,1.95,,,,1.45,1.95,0.45,,,,1.95,0.95,,,,,,0.45,,0.4,0.45,,,,,1.95,0.95,,,,,0.45,0.95,0.4,,,,0.4,1.95,1.95,,1.95,,,,,,0.4,,,,,3.95,3.95,1.95,1.95,2.95,1.95,1.95,1.95,1.95,1.95,1.95,2.95,,,1.95,,,0.4,7.95,7.95,,3.95,1.95,,,,,,,0.4,1.95,,0.4,3.95,,,7.95,,0.4,,0.4,0.45,0.4,0.45,0.45,0.95,1.95,1.95,1.95,0.45,0.45,,,,,,,,,,1.95,1.95,1.95,1.95,1.95,1.95,,,,1.95,1.95,0.95,,,3.95,3.95,,0.45,0.45,0.45,1.95,1.95,1.95,1.95,1.95,1.95,,,1.95,,,,,0.45,,,,1.95,,,,3.95,0.4,0.4,1.95,,,,0.95,1.95,,0.45,0.45,1.95
118,10216800,,3.95,,,,,0.95,0.45,,,,3.95,3.95,,3.95,7.95,7.95,,,,,,,,,3.95,,1.95,0.45,,,0.4,,1.95,1.95,,,,1.45,1.95,0.45,,,,1.95,0.95,,,,,,0.45,,0.4,0.45,,,,,1.95,0.95,,,,,0.45,0.95,0.4,,,,0.4,1.95,1.95,,1.95,,,,,,0.4,,,,,3.95,3.95,1.95,1.95,2.95,1.95,1.95,1.95,1.95,1.95,1.95,2.95,,,1.95,,,0.4,7.95,7.95,,3.95,1.95,,,,,,,0.4,1.95,,0.4,3.95,,,7.95,,0.4,,0.4,0.45,0.4,0.45,0.45,0.95,1.95,1.95,1.95,0.45,0.45,,,,,,,,,,1.95,1.95,1.95,1.95,1.95,1.95,,,,1.95,1.95,0.95,,,3.95,3.95,,0.45,0.45,0.45,1.95,1.95,1.95,1.95,1.95,1.95,,,1.95,,,,,0.45,,,,1.95,,,,3.95,0.4,0.4,1.95,,,,0.95,1.95,,0.45,0.45,1.95
118,10216860,,3.95,,,,,0.95,0.45,,,,3.95,3.95,,3.95,7.95,7.95,,,,,,,,,3.95,,1.95,0.45,,,0.4,,1.95,1.95,,,,1.45,1.95,0.45,,,,1.95,0.95,,,,,,0.45,,0.4,0.45,,,,,1.95,0.95,,,,,0.45,0.95,0.4,,,,0.4,1.95,1.95,,1.95,,,,,,0.4,,,,,3.95,3.95,1.95,1.95,2.95,1.95,1.95,1.95,1.95,1.95,1.95,2.95,,,1.95,,,0.4,7.95,7.95,,3.95,1.95,,,,,,,0.4,1.95,,0.4,3.95,,,7.95,,0.4,,0.4,0.45,0.4,0.45,0.45,0.95,1.95,1.95,1.95,0.45,0.45,,,,,,,,,,1.95,1.95,1.95,1.95,1.95,1.95,,,,1.95,1.95,0.95,,,3.95,3.95,,0.45,0.45,0.45,1.95,1.95,1.95,1.95,1.95,1.95,,,1.95,,,,,0.45,,,,1.95,,,,3.95,0.4,0.4,1.95,,,,0.95,1.95,,0.45,0.45,1.95
118,10216920,,3.95,,,,,0.95,0.45,,,,3.95,3.95,,3.95,7.95,7.95,,,,,,,,,3.95,,1.95,0.45,,,0.4,,1.95,1.95,,,,1.45,1.95,0.45,,,,1.95,0.95,,,,,,0.45,,0.4,0.45,,,,,1.95,0.95,,,,,0.45,0.95,0.4,,,,0.4,1.95,1.95,,1.95,,,,,,0.4,,,,,3.95,3.95,1.95,1.95,2.95,1.95,1.95,1.95,1.95,1.95,1.95,2.95,,,1.95,,,0.4,7.95,7.95,,3.95,1.95,,,,,,,0.4,1.95,,0.4,3.95,,,7.95,,0.4,,0.4,0.45,0.4,0.45,0.45,0.95,1.95,1.95,1.95,0.45,0.45,,,,,,,,,,1.95,1.95,1.95,1.95,1.95,1.95,,,,1.95,1.95,0.95,,,3.95,3.95,,0.45,0.45,0.45,1.95,1.95,1.95,1.95,1.95,1.95,,,1.95,,,,,0.45,,,,1.95,,,,3.95,0.4,0.4,1.95,,,,0.95,1.95,,0.45,0.45,1.95
118,10216980,,3.95,,,,,0.95,0.45,,,,3.95,3.95,,3.95,7.95,7.95,,,,,,,,,3.95,,1.95,0.45,,,0.4,,1.95,1.95,,,,1.45,1.95,0.45,,,,1.95,0.95,,,,,,0.45,,0.4,0.45,,,,,1.95,0.95,,,,,0.45,0.95,0.4,,,,0.4,1.95,1.95,,1.95,,,,,,0.4,,,,,3.95,3.95,1.95,1.95,2.95,1.95,1.95,1.95,1.95,1.95,1.95,2.95,,,1.95,,,0.4,7.95,7.95,,3.95,1.95,,,,,,,0.4,1.95,,0.4,3.95,,,7.95,,0.4,,0.4,0.45,0.4,0.45,0.45,0.95,1.95,1.95,1.95,0.45,0.45,,,,,,,,,,1.95,1.95,1.95,1.95,1.95,1.95,,,,1.95,1.95,0.95,,,3.95,3.95,,0.45,0.45,0.45,1.95,1.95,1.95,1.95,1.95,1.95,,,1.95,,,,,0.45,,,,1.95,,,,3.95,0.4,0.4,1.95,,,,0.95,1.95,,0.45,0.45,1.95
118,10217040,,3.95,,,,,0.95,0.45,,,,3.95,3.95,,3.95,7.95,7.95,,,,,,,,,3.95,,1.95,0.45,,,0.4,,1.95,1.95,,,,1.45,1.95,0.45,,,,1.95,0.95,,,,,,0.45,,0.4,0.45,,,,,1.95,0.95,,,,,0.45,0.95,0.4,,,,0.4,1.95,1.95,,1.95,,,,,,0.4,,,,,3.95,3.95,1.95,1.95,2.95,1.95,1.95,1.95,1.95,1.95,1.95,2.95,,,1.95,,,0.4,7.95,7.95,,3.95,1.95,,,,,,,0.4,1.95,,0.4,3.95,,,7.95,,0.4,,0.4,0.45,0.4,0.45,0.45,0.95,1.95,1.95,1.95,0.45,0.45,,,,,,,,,,1.95,1.95,1.95,1.95,1.95,1.95,,,,1.95,1.95,0.95,,,3.95,3.95,,0.45,0.45,0.45,1.95,1.95,1.95,1.95,1.95,1.95,,,1.95,,,,,0.45,,,,1.95,,,,3.95,0.4,0.4,1.95,,,,0.95,1.95,,0.45,0.45,1.95
118,10217100,,3.95,,,,,0.95,0.45,,,,3.95,3.95,,3.95,7.95,7.95,,,,,,,,,3.95,,1.95,0.45,,,0.4,,1.95,1.95,,,,1.45,1.95,0.45,,,,1.95,0.95,,,,,,0.45,,0.4,0.45,,,,,1.95,0.95,,,,,0.45,0.95,0.4,,,,0.4,1.95,1.95,,1.95,,,,,,0.4,,,,,3.95,3.95,1.95,1.95,2.95,1.95,1.95,1.95,1.95,1.95,1.95,2.95,,,1.95,,,0.4,7.95,7.95,,3.95,1.95,,,,,,,0.4,1.95,,0.4,3.95,,,7.95,,0.4,,0.4,0.45,0.4,0.45,0.45,0.95,1.95,1.95,1.95,0.45,0.45,,,,,,,,,,1.95,1.95,1.95,1.95,1.95,1.95,,,,1.95,1.95,0.95,,,3.95,3.95,,0.45,0.45,0.45,1.95,1.95,1.95,1.95,1.95,1.95,,,1.95,,,,,0.45,,,,1.95,,,,3.95,0.4,0.4,1.95,,,,0.95,1.95,,0.45,0.45,1.95
118,10217160,,3.95,,,,,0.95,0.45,,,,3.95,3.95,,3.95,7.95,7.95,,,,,,,,,3.95,,1.95,0.45,,,0.4,,1.95,1.95,,,,1.45,1.95,0.45,,,,1.95,0.95,,,,,,0.45,,0.4,0.45,,,,,1.95,0.95,,,,,0.45,0.95,0.4,,,,0.4,1.95,1.95,,1.95,,,,,,0.4,,,,,3.95,3.95,1.95,1.95,2.95,1.95,1.95,1.95,1.95,1.95,1.95,2.95,,,1.95,,,0.4,7.95,7.95,,3.95,1.95,,,,,,,0.4,1.95,,0.4,3.95,,,7.95,,0.4,,0.4,0.45,0.4,0.45,0.45,0.95,1.95,1.95,1.95,0.45,0.45,,,,,,,,,,1.95,1.95,1.95,1.95,1.95,1.95,,,,1.95,1.95,0.95,,,3.95,3.95,,0.45,0.45,0.45,1.95,1.95,1.95,1.95,1.95,1.95,,,1.95,,,,,0.45,,,,1.95,,,,3.95,0.4,0.4,1.95,,,,0.95,1.95,,0.45,0.45,1.95
118,10217220,,3.95,,,,,0.95,0.45,,,,3.95,3.95,,3.95,7.95,7.95,,,,,,,,,3.95,,1.95,0.45,,,0.4,,1.95,1.95,,,,1.45,1.95,0.45,,,,1.95,0.95,,,,,,0.45,,0.4,0.45,,,,,1.95,0.95,,,,,0.45,0.95,0.4,,,,0.4,1.95,1.95,,1.95,,,,,,0.4,,,,,3.95,3.95,1.95,1.95,2.95,1.95,1.95,1.95,1.95,1.95,1.95,2.95,,,1.95,,,0.4,7.95,7.95,,3.95,1.95,,,,,,,0.4,1.95,,0.4,3.95,,,7.95,,0.4,,0.4,0.45,0.4,0.45,0.45,0.95,1.95,1.95,1.95,0.45,0.45,,,,,,,,,,1.95,1.95,1.95,1.95,1.95,1.95,,,,1.95,1.95,0.95,,,3.95,3.95,,0.45,0.45,0.45,1.95,1.95,1.95,1.95,1.95,1.95,,,1.95,,,,,0.45,,,,1.95,,,,3.95,0.4,0.4,1.95,,,,0.95,1.95,,0.45,0.45,1.95
118,10217280,,3.95,,,,,0.95,0.45,,,,3.95,3.95,,3.95,7.95,7.95,,,,,,,,,3.95,,1.95,0.45,,,0.4,,1.95,1.95,,,,1.45,1.95,0.45,,,,1.95,0.95,,,,,,0.45,,0.4,0.45,,,,,1.95,0.95,,,,,0.45,0.95,0.4,,,,0.4,1.95,1.95,,1.95,,,,,,0.4,,,,,3.95,3.95,1.95,1.95,2.95,1.95,1.95,1.95,1.95,1.95,1.95,2.95,,,1.95,,,0.4,7.95,7.95,,3.95,1.95,,,,,,,0.4,1.95,,0.4,3.95,,,7.95,,0.4,,0.4,0.45,0.4,0.45,0.45,0.95,1.95,1.95,1.95,0.45,0.45,,,,,,,,,,1.95,1.95,1.95,1.95,1.95,1.95,,,,1.95,1.95,0.95,,,3.95,3.95,,0.45,0.45,0.45,1.95,1.95,1.95,1.95,1.95,1.95,,,1.95,,,,,0.45,,,,1.95,,,,3.95,0.4,0.4,1.95,,,,0.95,1.95,,0.45,0.45,1.95
118,10217340,,3.95,,,,,0.95,0.45,,,,3.95,3.95,,3.95,7.95,7.95,,,,,,,,,3.95,,1.95,0.45,,,0.4,,1.95,1.95,,,,1.45,1.95,0.45,,,,1.95,0.95,,,,,,0.45,,0.4,0.45,,,,,1.95,0.95,,,,,0.45,0.95,0.4,,,,0.4,1.95,1.95,,1.95,,,,,,0.4,,,,,3.95,3.95,1.95,1.95,2.95,1.95,1.95,1.95,1.95,1.95,1.95,2.95,,,1.95,,,0.4,7.95,7.95,,3.95,1.95,,,,,,,0.4,1.95,,0.4,3.95,,,7.95,,0.4,,0.4,0.45,0.4,0.45,0.45,0.95,1.95,1.95,1.95,0.45,0.45,,,,,,,,,,1.95,1.95,1.95,1.95,1.95,1.95,,,,1.95,1.95,0.95,,,3.95,3.95,,0.45,0.45,0.45,1.95,1.95,1.95,1.95,1.95,1.95,,,1.95,,,,,0.45,,,,1.95,,,,3.95,0.4,0.4,1.95,,,,0.95,1.95,,0.45,0.45,1.95
118,10217400,,3.95,,,,,0.95,0.45,,,,3.95,3.95,,3.95,7.95,7.95,,,,,,,,,3.95,,1.95,0.45,,,0.4,,1.95,1.95,,,,1.45,1.95,0.45,,,,1.95,0.95,,,,,,0.45,,0.4,0.45,,,,,1.95,0.95,,,,,0.45,0.95,0.4,,,,0.4,1.95,1.95,,1.95,,,,,,0.4,,,,,3.95,3.95,1.95,1.95,2.95,1.95,1.95,1.95,1.95,1.95,1.95,2.95,,,1.95,,,0.4,7.95,7.95,,3.95,1.95,,,,,,,0.4,1.95,,0.4,3.95,,,7.95,,0.4,,0.4,0.45,0.4,0.45,0.45,0.95,1.95,1.95,1.95,0.45,0.45,,,,,,,,,,1.95,1.95,1.95,1.95,1.95,1.95,,,,1.95,1.95,0.95,,,3.95,3.95,,0.45,0.45,0.45,1.95,1.95,1.95,1.95,1.95,1.95,,,1.95,,,,,0.45,,,,1.95,,,,3.95,0.4,0.4,1.95,,,,0.95,1.95,,0.45,0.45,1.95
118,10217460,,3.95,,,,,0.95,0.45,,,,3.95,3.95,,3.95,7.95,7.95,,,,,,,,,3.95,,1.95,0.45,,,0.4,,1.95,1.95,,,,1.45,1.95,0.45,,,,1.95,0.95,,,,,,0.45,,0.4,0.45,,,,,1.95,0.95,,,,,0.45,0.95,0.4,,,,0.4,1.95,1.95,,1.95,,,,,,0.4,,,,,3.95,3.95,1.95,1.95,2.95,1.95,1.95,1.95,1.95,1.95,1.95,2.95,,,1.95,,,0.4,7.95,7.95,,3.95,1.95,,,,,,,0.4,1.95,,0.4,3.95,,,7.95,,0.4,,0.4,0.45,0.4,0.45,0.45,0.95,1.95,1.95,1.95,0.45,0.45,,,,,,,,,,1.95,1.95,1.95,1.95,1.95,1.95,,,,1.95,1.95,0.95,,,3.95,3.95,,0.45,0.45,0.45,1.95,1.95,1.95,1.95,1.95,1.95,,,1.95,,,,,0.45,,,,1.95,,,,3.95,0.4,0.4,1.95,,,,0.95,1.95,,0.45,0.45,1.95
118,10217520,,3.95,,,,,0.95,0.45,,,,3.95,3.95,,3.95,7.95,7.95,,,,,,,,,3.95,,1.95,0.45,,,0.4,,1.95,1.95,,,,1.45,1.95,0.45,,,,1.95,0.95,,,,,,0.45,,0.4,0.45,,,,,1.95,0.95,,,,,0.45,0.95,0.4,,,,0.4,1.95,1.95,,1.95,,,,,,0.4,,,,,3.95,3.95,1.95,1.95,2.95,1.95,1.95,1.95,1.95,1.95,1.95,2.95,,,1.95,,,0.4,7.95,7.95,,3.95,1.95,,,,,,,0.4,1.95,,0.4,3.95,,,7.95,,0.4,,0.4,0.45,0.4,0.45,0.45,0.95,1.95,1.95,1.95,0.45,0.45,,,,,,,,,,1.95,1.95,1.95,1.95,1.95,1.95,,,,1.95,1.95,0.95,,,3.95,3.95,,0.45,0.45,0.45,1.95,1.95,1.95,1.95,1.95,1.95,,,1.95,,,,,0.45,,,,1.95,,,,3.95,0.4,0.4,1.95,,,,0.95,1.95,,0.45,0.45,1.95
118,10217580,,3.95,,,,,0.95,0.45,,,,3.95,3.95,,3.95,7.95,7.95,,,,,,,,,3.95,,1.95,0.45,,,0.4,,1.95,1.95,,,,1.45,1.95,0.45,,,,1.95,0.95,,,,,,0.45,,0.4,0.45,,,,,1.95,0.95,,,,,0.45,0.95,0.4,,,,0.4,1.95,1.95,,1.95,,,,,,0.4,,,,,3.95,3.95,1.95,1.95,2.95,1.95,1.95,1.95,1.95,1.95,1.95,2.95,,,1.95,,,0.4,7.95,7.95,,3.95,1.95,,,,,,,0.4,1.95,,0.4,3.95,,,7.95,,0.4,,0.4,0.45,0.4,0.45,0.45,0.95,1.95,1.95,1.95,0.45,0.45,,,,,,,,,,1.95,1.95,1.95,1.95,1.95,1.95,,,,1.95,1.95,0.95,,,3.95,3.95,,0.45,0.45,0.45,1.95,1.95,1.95,1.95,1.95,1.95,,,1.95,,,,,0.45,,,,1.95,,,,3.95,0.4,0.4,1.95,,,,0.95,1.95,,0.45,0.45,1.95
118,10217640,,3.95,,,,,0.95,0.45,,,,3.95,3.95,,3.95,7.95,7.95,,,,,,,,,3.95,,1.95,0.45,,,0.4,,1.95,1.95,,,,1.45,1.95,0.45,,,,1.95,0.95,,,,,,0.45,,0.4,0.45,,,,,1.95,0.95,,,,,0.45,0.95,0.4,,,,0.4,1.95,1.95,,1.95,,,,,,0.4,,,,,3.95,3.95,1.95,1.95,2.95,1.95,1.95,1.95,1.95,1.95,1.95,2.95,,,1.95,,,0.4,7.95,7.95,,3.95,1.95,,,,,,,0.4,1.95,,0.4,3.95,,,7.95,,0.4,,0.4,0.45,0.4,0.45,0.45,0.95,1.95,1.95,1.95,0.45,0.45,,,,,,,,,,1.95,1.95,1.95,1.95,1.95,1.95,,,,1.95,1.95,0.95,,,3.95,3.95,,0.45,0.45,0.45,1.95,1.95,1.95,1.95,1.95,1.95,,,1.95,,,,,0.45,,,,1.95,,,,3.95,0.4,0.4,1.95,,,,0.95,1.95,,0.45,0.45,1.95
118,10217700,,3.95,,,,,0.95,0.45,,,,3.95,3.95,,3.95,7.95,7.95,,,,,,,,,3.95,,1.95,0.45,,,0.4,,1.95,1.95,,,,1.45,1.95,0.45,,,,1.95,0.95,,,,,,0.45,,0.4,0.45,,,,,1.95,0.95,,,,,0.45,0.95,0.4,,,,0.4,1.95,1.95,,1.95,,,,,,0.4,,,,,3.95,3.95,1.95,1.95,2.95,1.95,1.95,1.95,1.95,1.95,1.95,2.95,,,1.95,,,0.4,7.95,7.95,,3.95,1.95,,,,,,,0.4,1.95,,0.4,3.95,,,7.95,,0.4,,0.4,0.45,0.4,0.45,0.45,0.95,1.95,1.95,1.95,0.45,0.45,,,,,,,,,,1.95,1.95,1.95,1.95,1.95,1.95,,,,1.95,1.95,0.95,,,3.95,3.95,,0.45,0.45,0.45,1.95,1.95,1.95,1.95,1.95,1.95,,,1.95,,,,,0.45,,,,1.95,,,,3.95,0.4,0.4,1.95,,,,0.95,1.95,,0.45,0.45,1.95
118,10217760,,3.95,,,,,0.95,0.45,,,,3.95,3.95,,3.95,7.95,7.95,,,,,,,,,3.95,,1.95,0.45,,,0.4,,1.95,1.95,,,,1.45,1.95,0.45,,,,1.95,0.95,,,,,,0.45,,0.4,0.45,,,,,1.95,0.95,,,,,0.45,0.95,0.4,,,,0.4,1.95,1.95,,1.95,,,,,,0.4,,,,,3.95,3.95,1.95,1.95,2.95,1.95,1.95,1.95,1.95,1.95,1.95,2.95,,,1.95,,,0.4,7.95,7.95,,3.95,1.95,,,,,,,0.4,1.95,,0.4,3.95,,,7.95,,0.4,,0.4,0.45,0.4,0.45,0.45,0.95,1.95,1.95,1.95,0.45,0.45,,,,,,,,,,1.95,1.95,1.95,1.95,1.95,1.95,,,,1.95,1.95,0.95,,,3.95,3.95,,0.45,0.45,0.45,1.95,1.95,1.95,1.95,1.95,1.95,,,1.95,,,,,0.45,,,,1.95,,,,3.95,0.4,0.4,1.95,,,,0.95,1.95,,0.45,0.45,1.95
118,10217820,,3.95,,,,,0.95,0.45,,,,3.95,3.95,,3.95,7.95,7.95,,,,,,,,,3.95,,1.95,0.45,,,0.4,,1.95,1.95,,,,1.45,1.95,0.45,,,,1.95,0.95,,,,,,0.45,,0.4,0.45,,,,,1.95,0.95,,,,,0.45,0.95,0.4,,,,0.4,1.95,1.95,,1.95,,,,,,0.4,,,,,3.95,3.95,1.95,1.95,2.95,1.95,1.95,1.95,1.95,1.95,1.95,2.95,,,1.95,,,0.4,7.95,7.95,,3.95,1.95,,,,,,,0.4,1.95,,0.4,3.95,,,7.95,,0.4,,0.4,0.45,0.4,0.45,0.45,0.95,1.95,1.95,1.95,0.45,0.45,,,,,,,,,,1.95,1.95,1.95,1.95,1.95,1.95,,,,1.95,1.95,0.95,,,3.95,3.95,,0.45,0.45,0.45,1.95,1.95,1.95,1.95,1.95,1.95,,,1.95,,,,,0.45,,,,1.95,,,,3.95,0.4,0.4,1.95,,,,0.95,1.95,,0.45,0.45,1.95
118,10217880,,3.95,,,,,0.95,0.45,,,,3.95,3.95,,3.95,7.95,7.95,,,,,,,,,3.95,,1.95,0.45,,,0.4,,1.95,1.95,,,,1.45,1.95,0.45,,,,1.95,0.95,,,,,,0.45,,0.4,0.45,,,,,1.95,0.95,,,,,0.45,0.95,0.4,,,,0.4,1.95,1.95,,1.95,,,,,,0.4,,,,,3.95,3.95,1.95,1.95,2.95,1.95,1.95,1.95,1.95,1.95,1.95,2.95,,,1.95,,,0.4,7.95,7.95,,3.95,1.95,,,,,,,0.4,1.95,,0.4,3.95,,,7.95,,0.4,,0.4,0.45,0.4,0.45,0.45,0.95,1.95,1.95,1.95,0.45,0.45,,,,,,,,,,1.95,1.95,1.95,1.95,1.95,1.95,,,,1.95,1.95,0.95,,,3.95,3.95,,0.45,0.45,0.45,1.95,1.95,1.95,1.95,1.95,1.95,,,1.95,,,,,0.45,,,,1.95,,,,3.95,0.4,0.4,1.95,,,,0.95,1.95,,0.45,0.45,1.95
118,10217940,,3.95,,,,,0.95,0.45,,,,3.95,3.95,,3.95,7.95,7.95,,,,,,,,,3.95,,1.95,0.45,,,0.4,,1.95,1.95,,,,1.45,1.95,0.45,,,,1.95,0.95,,,,,,0.45,,0.4,0.45,,,,,1.95,0.95,,,,,0.45,0.95,0.4,,,,0.4,1.95,1.95,,1.95,,,,,,0.4,,,,,3.95,3.95,1.95,1.95,2.95,1.95,1.95,1.95,1.95,1.95,1.95,2.95,,,1.95,,,0.4,7.95,7.95,,3.95,1.95,,,,,,,0.4,1.95,,0.4,3.95,,,7.95,,0.4,,0.4,0.45,0.4,0.45,0.45,0.95,1.95,1.95,1.95,0.45,0.45,,,,,,,,,,1.95,1.95,1.95,1.95,1.95,1.95,,,,1.95,1.95,0.95,,,3.95,3.95,,0.45,0.45,0.45,1.95,1.95,1.95,1.95,1.95,1.95,,,1.95,,,,,0.45,,,,1.95,,,,3.95,0.4,0.4,1.95,,,,0.95,1.95,,0.45,0.45,1.95
118,10218000,,3.95,,,,,0.95,0.45,,,,3.95,3.95,,3.95,7.95,7.95,,,,,,,,,3.95,,1.95,0.45,,,0.4,,1.95,1.95,,,,1.45,1.95,0.45,,,,1.95,0.95,,,,,,0.45,,0.4,0.45,,,,,1.95,0.95,,,,,0.45,0.95,0.4,,,,0.4,1.95,1.95,,1.95,,,,,,0.4,,,,,3.95,3.95,1.95,1.95,2.95,1.95,1.95,1.95,1.95,1.95,1.95,2.95,,,1.95,,,0.4,7.95,7.95,,3.95,1.95,,,,,,,0.4,1.95,,0.4,3.95,,,7.95,,0.4,,0.4,0.45,0.4,0.45,0.45,0.95,1.95,1.95,1.95,0.45,0.45,,,,,,,,,,1.95,1.95,1.95,1.95,1.95,1.95,,,,1.95,1.95,0.95,,,3.95,3.95,,0.45,0.45,0.45,1.95,1.95,1.95,1.95,1.95,1.95,,,1.95,,,,,0.45,,,,1.95,,,,3.95,0.4,0.4,1.95,,,,0.95,1.95,,0.45,0.45,1.95
118,10218060,,3.95,,,,,0.95,0.45,,,,3.95,3.95,,3.95,7.95,7.95,,,,,,,,,3.95,,1.95,0.45,,,0.4,,1.95,1.95,,,,1.45,1.95,0.45,,,,1.95,0.95,,,,,,0.45,,0.4,0.45,,,,,1.95,0.95,,,,,0.45,0.95,0.4,,,,0.4,1.95,1.95,,1.95,,,,,,0.4,,,,,3.95,3.95,1.95,1.95,2.95,1.95,1.95,1.95,1.95,1.95,1.95,2.95,,,1.95,,,0.4,7.95,7.95,,3.95,1.95,,,,,,,0.4,1.95,,0.4,3.95,,,7.95,,0.4,,0.4,0.45,0.4,0.45,0.45,0.95,1.95,1.95,1.95,0.45,0.45,,,,,,,,,,1.95,1.95,1.95,1.95,1.95,1.95,,,,1.95,1.95,0.95,,,3.95,3.95,,0.45,0.45,0.45,1.95,1.95,1.95,1.95,1.95,1.95,,,1.95,,,,,0.45,,,,1.95,,,,3.95,0.4,0.4,1.95,,,,0.95,1.95,,0.45,0.45,1.95
118,10218120,,3.95,,,,,0.95,0.45,,,,3.95,3.95,,3.95,7.95,7.95,,,,,,,,,3.95,,1.95,0.45,,,0.4,,1.95,1.95,,,,1.45,1.95,0.45,,,,1.95,0.95,,,,,,0.45,,0.4,0.45,,,,,1.95,0.95,,,,,0.45,0.95,0.4,,,,0.4,1.95,1.95,,1.95,,,,,,0.4,,,,,3.95,3.95,1.95,1.95,2.95,1.95,1.95,1.95,1.95,1.95,1.95,2.95,,,1.95,,,0.4,7.95,7.95,,3.95,1.95,,,,,,,0.4,1.95,,0.4,3.95,,,7.95,,0.4,,0.4,0.45,0.4,0.45,0.45,0.95,1.95,1.95,1.95,0.45,0.45,,,,,,,,,,1.95,1.95,1.95,1.95,1.95,1.95,,,,1.95,1.95,0.95,,,3.95,3.95,,0.45,0.45,0.45,1.95,1.95,1.95,1.95,1.95,1.95,,,1.95,,,,,0.45,,,,1.95,,,,3.95,0.4,0.4,1.95,,,,0.95,1.95,,0.45,0.45,1.95
118,10218180,,3.95,,,,,0.95,0.45,,,,3.95,3.95,,3.95,7.95,7.95,,,,,,,,,3.95,,1.95,0.45,,,0.4,,1.95,1.95,,,,1.45,1.95,0.45,,,,1.95,0.95,,,,,,0.45,,0.4,0.45,,,,,1.95,0.95,,,,,0.45,0.95,0.4,,,,0.4,1.95,1.95,,1.95,,,,,,0.4,,,,,3.95,3.95,1.95,1.95,2.95,1.95,1.95,1.95,1.95,1.95,1.95,2.95,,,1.95,,,0.4,7.95,7.95,,3.95,1.95,,,,,,,0.4,1.95,,0.4,3.95,,,7.95,,0.4,0.4,0.4,0.45,0.4,0.45,0.45,0.95,1.95,1.95,1.95,0.45,0.45,,,,,,,,,,1.95,1.95,1.95,1.95,1.95,1.95,,,,1.95,1.95,0.95,,,3.95,3.95,,0.45,0.45,0.45,1.95,1.95,1.95,1.95,1.95,1.95,,,1.95,,,,,0.45,,,,1.95,,,,3.95,0.4,0.4,1.95,,,,0.95,1.95,,0.45,0.45,1.95
118,10218240,,3.95,,,,,0.95,0.45,,,,3.95,3.95,,3.95,7.95,7.95,,,,,,,,,3.95,,1.95,0.45,,,0.4,,1.95,1.95,,,,1.45,1.95,0.45,,,,1.95,0.95,,,,,,0.45,,0.4,0.45,,,,,1.95,0.95,,,,,0.45,0.95,0.4,,,,0.4,1.95,1.95,,1.95,,,,,,0.4,,,,,3.95,3.95,1.95,1.95,2.95,1.95,1.95,1.95,1.95,1.95,1.95,2.95,,,1.95,,,0.4,7.95,7.95,,3.95,1.95,,,,,,,0.4,1.95,,0.4,3.95,,,7.95,,0.4,0.4,0.4,0.45,0.4,0.45,0.45,0.95,1.95,1.95,1.95,0.45,0.45,,,,,,,,,,1.95,1.95,1.95,1.95,1.95,1.95,,,,1.95,1.95,0.95,,,3.95,3.95,,0.45,0.45,0.45,1.95,1.95,1.95,1.95,1.95,1.95,,,1.95,,,,,0.45,,,,1.95,,,,3.95,0.4,0.4,1.95,,,,0.95,1.95,,0.45,0.45,1.95
118,10218300,,3.95,,,,,0.95,0.45,,,,3.95,3.95,,3.95,7.95,7.95,,,,,,,,,3.95,,1.95,0.45,,,0.4,,1.95,1.95,,,,1.45,1.95,0.45,,,,1.95,0.95,,,,,,0.45,,0.4,0.45,,,,,1.95,0.95,,,,,0.45,0.95,0.4,,,,0.4,1.95,1.95,,1.95,,,,,,0.4,,,,,3.95,3.95,1.95,1.95,2.95,1.95,1.95,1.95,1.95,1.95,1.95,2.95,,,1.95,,,0.4,7.95,7.95,,3.95,1.95,,,,,,,0.4,1.95,,0.4,3.95,,,7.95,,0.4,0.4,0.4,0.45,0.4,0.45,0.45,0.95,1.95,1.95,1.95,0.45,0.45,,,,,,,,,,1.95,1.95,1.95,1.95,1.95,1.95,,,,1.95,1.95,0.95,,,3.95,3.95,,0.45,0.45,0.45,1.95,1.95,1.95,1.95,1.95,1.95,,,1.95,,,,,0.45,,,,1.95,,,,3.95,0.4,0.4,1.95,,,,0.95,1.95,,0.45,0.45,1.95
118,10218360,,3.95,,,,,0.95,0.45,,,,3.95,3.95,,3.95,7.95,7.95,,,,,,,,,3.95,,1.95,0.45,,,0.4,,1.95,1.95,,,,1.45,1.95,0.45,,,,1.95,0.95,,,,,,0.45,,0.4,0.45,,,,,1.95,0.95,,,,,0.45,0.95,0.4,,,,0.4,1.95,1.95,,1.95,,,,,,0.4,,,,,3.95,3.95,1.95,1.95,2.95,1.95,1.95,1.95,1.95,1.95,1.95,2.95,,,1.95,,,0.4,7.95,7.95,,3.95,1.95,,,,,,,0.4,1.95,,0.4,3.95,,,7.95,,0.4,0.4,0.4,0.45,0.4,0.45,0.45,0.95,1.95,1.95,1.95,0.45,0.45,,,,,,,,,,1.95,1.95,1.95,1.95,1.95,1.95,,,,1.95,1.95,0.95,,,3.95,3.95,,0.45,0.45,0.45,1.95,1.95,1.95,1.95,1.95,1.95,,,1.95,,,,,0.45,,,,1.95,,,,3.95,0.4,0.4,1.95,,,,0.95,1.95,,0.45,0.45,1.95
118,10218420,,3.95,,,,,0.95,0.45,,,,3.95,3.95,,3.95,7.95,7.95,,,,,,,,,3.95,,1.95,0.45,,,0.4,,1.95,1.95,,,,1.45,1.95,0.45,,,,1.95,0.95,,,,,,0.45,,0.4,0.45,,,,,1.95,0.95,,,,,0.45,0.95,0.4,,,,0.4,1.95,1.95,,1.95,,,,,,0.4,,,,,3.95,3.95,1.95,1.95,2.95,1.95,1.95,1.95,1.95,1.95,1.95,2.95,,,1.95,,,0.4,7.95,7.95,,3.95,1.95,,,,,,,0.4,1.95,,0.4,3.95,,,7.95,,0.4,0.4,0.4,0.45,0.4,0.45,0.45,0.95,1.95,1.95,1.95,0.45,0.45,,,,,,,,,,1.95,1.95,1.95,1.95,1.95,1.95,,,,1.95,1.95,0.95,,,3.95,3.95,,0.45,0.45,0.45,1.95,1.95,1.95,1.95,1.95,1.95,,,1.95,,,,,0.45,,,,1.95,,,,3.95,0.4,0.4,1.95,,,,0.95,1.95,,0.45,0.45,1.95
118,10218480,,3.95,,,,,0.95,0.45,,,,3.95,3.95,,3.95,7.95,7.95,,,,,,,,,3.95,,1.95,0.45,,,0.4,,1.95,1.95,,,,1.45,1.95,0.45,,,,1.95,0.95,,,,,,0.45,,0.4,0.45,,,,,1.95,0.95,,,,,0.45,0.95,0.4,,,,0.4,1.95,1.95,,1.95,,,,,,0.4,,,,,3.95,3.95,1.95,1.95,2.95,1.95,1.95,1.95,1.95,1.95,1.95,2.95,,,1.95,,,0.4,7.95,7.95,,3.95,1.95,,,,,,,0.4,1.95,,0.4,3.95,,,7.95,,0.4,0.4,0.4,0.45,0.4,0.45,0.45,0.95,1.95,1.95,1.95,0.45,0.45,,,,,,,,,,1.95,1.95,1.95,1.95,1.95,1.95,,,,1.95,1.95,0.95,,,3.95,3.95,,0.45,0.45,0.45,1.95,1.95,1.95,1.95,1.95,1.95,,,1.95,,,,,0.45,,,,1.95,,,,3.95,0.4,0.4,1.95,,,,0.95,1.95,,0.45,0.45,1.95
118,10218540,,3.95,,,,,0.95,0.45,,,,3.95,3.95,,3.95,7.95,7.95,,,,,,,,,3.95,,1.95,0.45,,,0.4,,1.95,1.95,,,,1.45,1.95,0.45,,,,1.95,0.95,,,,,,0.45,,0.4,0.45,,,,,1.95,0.95,,,,,0.45,0.95,0.4,,,,0.4,1.95,1.95,,1.95,,,,,,0.4,,,,,3.95,3.95,1.95,1.95,2.95,1.95,1.95,1.95,1.95,1.95,1.95,2.95,,,1.95,,,0.4,7.95,7.95,,3.95,1.95,,,,,,,0.4,1.95,,0.4,3.95,,,7.95,,0.4,0.4,0.4,0.45,0.4,0.45,0.45,0.95,1.95,1.95,1.95,0.45,0.45,,,,,,,,,,1.95,1.95,1.95,1.95,1.95,1.95,,,,1.95,1.95,0.95,,,3.95,3.95,,0.45,0.45,0.45,1.95,1.95,1.95,1.95,1.95,1.95,,,1.95,,,,,0.45,,,,1.95,,,,3.95,0.4,0.4,1.95,,,,0.95,1.95,,0.45,0.45,1.95
118,10218600,,3.95,,,,,0.95,0.45,,,,3.95,3.95,,3.95,7.95,7.95,,,,,,,,,3.95,,1.95,0.45,,,0.4,,1.95,1.95,,,,1.45,1.95,0.45,,,,1.95,0.95,,,,,,0.45,,0.4,0.45,,,,,1.95,0.95,,,,,0.45,0.95,0.4,,,,0.4,1.95,1.95,,1.95,,,,,,0.4,,,,,3.95,3.95,1.95,1.95,2.95,1.95,1.95,1.95,1.95,1.95,1.95,2.95,,,1.95,,,0.4,7.95,7.95,,3.95,1.95,,,,,,,0.4,1.95,,0.4,3.95,,,7.95,,0.4,0.4,0.4,0.45,0.4,0.45,0.45,0.95,1.95,1.95,1.95,0.45,0.45,,,,,,,,,,1.95,1.95,1.95,1.95,1.95,1.95,,,,1.95,1.95,0.95,,,3.95,3.95,,0.45,0.45,0.45,1.95,1.95,1.95,1.95,1.95,1.95,,,1.95,,,,,0.45,,,,1.95,,,,3.95,0.4,0.4,1.95,,,,0.95,1.95,,0.45,0.45,1.95
118,10218660,,3.95,,,,,0.95,0.45,,,,3.95,3.95,,3.95,7.95,7.95,,,,,,,,,3.95,,1.95,0.45,,,0.4,,1.95,1.95,,,,1.45,1.95,0.45,,,,1.95,0.95,,,,,,0.45,,0.4,0.45,,,,,1.95,0.95,,,,,0.45,0.95,0.4,,,,0.4,1.95,1.95,,1.95,,,,,,0.4,,,,,3.95,3.95,1.95,1.95,2.95,1.95,1.95,1.95,1.95,1.95,1.95,2.95,,,1.95,,,0.4,7.95,7.95,,3.95,1.95,,,,,,,0.4,1.95,,0.4,3.95,,,7.95,,0.4,0.4,0.4,0.45,0.4,0.45,0.45,0.95,1.95,1.95,1.95,0.45,0.45,,,,,,,,,,1.95,1.95,1.95,1.95,1.95,1.95,,,,1.95,1.95,0.95,,,3.95,3.95,,0.45,0.45,0.45,1.95,1.95,1.95,1.95,1.95,1.95,,,1.95,,,,,0.45,,,,1.95,,,,3.95,0.4,0.4,1.95,,,,0.95,1.95,,0.45,0.45,1.95
118,10218720,,3.95,,,,,0.95,0.45,,,,3.95,3.95,,3.95,7.95,7.95,,,,,,,,,3.95,,1.95,0.45,,,0.4,,1.95,1.95,,,,1.45,1.95,0.45,,,,1.95,0.95,,,,,,0.45,,0.4,0.45,,,,,1.95,0.95,,,,,0.45,0.95,0.4,,,,0.4,1.95,1.95,,1.95,,,,,,0.4,,,,,3.95,3.95,1.95,1.95,2.95,1.95,1.95,1.95,1.95,1.95,1.95,2.95,,,1.95,,,0.4,7.95,7.95,,3.95,1.95,,,,,,,0.4,1.95,,0.4,3.95,,,7.95,,0.4,0.4,0.4,0.45,0.4,0.45,0.45,0.95,1.95,1.95,1.95,0.45,0.45,,,,,,,,,,1.95,1.95,1.95,1.95,1.95,1.95,,,,1.95,1.95,0.95,,,3.95,3.95,,0.45,0.45,0.45,1.95,1.95,1.95,1.95,1.95,1.95,,,1.95,,,,,0.45,,,,1.95,,,,3.95,0.4,0.4,1.95,,,,0.95,1.95,,0.45,0.45,1.95
118,10218780,,3.95,,,,,0.95,0.45,,,,3.95,3.95,,3.95,7.95,7.95,,,,,,,,,3.95,,1.95,0.45,,,0.4,,1.95,1.95,,,,1.45,1.95,0.45,,,,1.95,0.95,,,,,,0.45,,0.4,0.45,,,,,1.95,0.95,,,,,0.45,0.95,0.4,,,,0.4,1.95,1.95,,1.95,,,,,,0.4,,,,,3.95,3.95,1.95,1.95,2.95,1.95,1.95,1.95,1.95,1.95,1.95,2.95,,,1.95,,,0.4,7.95,7.95,,3.95,1.95,,,,,,,0.4,1.95,,0.4,3.95,,,7.95,,0.4,0.4,0.4,0.45,0.4,0.45,0.45,0.95,1.95,1.95,1.95,0.45,0.45,,,,,,,,,,1.95,1.95,1.95,1.95,1.95,1.95,,,,1.95,1.95,0.95,,,3.95,3.95,,0.45,0.45,0.45,1.95,1.95,1.95,1.95,1.95,1.95,,,1.95,,,,,0.45,,,,1.95,,,,3.95,0.4,0.4,1.95,,,,0.95,1.95,,0.45,0.45,1.95
118,10218840,,3.95,,,,,0.95,0.45,,,,3.95,3.95,,3.95,7.95,7.95,,,,,,,,,3.95,,1.95,0.45,,,0.4,,1.95,1.95,,,,1.45,1.95,0.45,,,,1.95,0.95,,,,,,0.45,,0.4,0.45,,,,,1.95,0.95,,,,,0.45,0.95,0.4,,,,0.4,1.95,1.95,,1.95,,,,,,0.4,,,,,3.95,3.95,1.95,1.95,2.95,1.95,1.95,1.95,1.95,1.95,1.95,2.95,,,1.95,,,0.4,7.95,7.95,,3.95,1.95,,,,,,,0.4,1.95,,0.4,3.95,,,7.95,,0.4,0.4,0.4,0.45,0.4,0.45,0.45,0.95,1.95,1.95,1.95,0.45,0.45,,,,,,,,,,1.95,1.95,1.95,1.95,1.95,1.95,,,,1.95,1.95,0.95,,,3.95,3.95,,0.45,0.45,0.45,1.95,1.95,1.95,1.95,1.95,1.95,,,1.95,,,,,0.45,,,,1.95,,,,3.95,0.4,0.4,1.95,,,,0.95,1.95,,0.45,0.45,1.95
118,10218900,,3.95,,,,,0.95,0.45,,,,3.95,3.95,,3.95,7.95,7.95,,,,,,,,,3.95,,1.95,0.45,,,0.4,,1.95,1.95,,,,1.45,1.95,0.45,,,,1.95,0.95,,,,,,0.45,,0.4,0.45,,,,,1.95,0.95,,,,,0.45,0.95,0.4,,,,0.4,1.95,1.95,,1.95,,,,,,0.4,,,,,3.95,3.95,1.95,1.95,2.95,1.95,1.95,1.95,1.95,1.95,1.95,2.95,,,1.95,,,0.4,7.95,7.95,,3.95,1.95,,,,,,,0.4,1.95,,0.4,3.95,,,7.95,,0.4,0.4,0.4,0.45,0.4,0.45,0.45,0.95,1.95,1.95,1.95,0.45,0.45,,,,,,,,,,1.95,1.95,1.95,1.95,1.95,1.95,,,,1.95,1.95,0.95,,,3.95,3.95,,0.45,0.45,0.45,1.95,1.95,1.95,1.95,1.95,1.95,,,1.95,,,,,0.45,,,,1.95,,,,3.95,0.4,0.4,1.95,,,,0.95,1.95,,0.45,0.45,1.95
118,10218960,,3.95,,,,,0.95,0.45,,,,3.95,3.95,,3.95,7.95,7.95,,,,,,,,,3.95,,1.95,0.45,,,0.4,,1.95,1.95,,,,1.45,1.95,0.45,,,,1.95,0.95,,,,,,0.45,,0.4,0.45,,,,,1.95,0.95,,,,,0.45,0.95,0.4,,,,0.4,1.95,1.95,,1.95,,,,,,0.4,,,,,3.95,3.95,1.95,1.95,2.95,1.95,1.95,1.95,1.95,1.95,1.95,2.95,,,1.95,,,0.4,7.95,7.95,,3.95,1.95,,,,,,,0.4,1.95,,0.4,3.95,,,7.95,,0.4,0.4,0.4,0.45,0.4,0.45,0.45,0.95,1.95,1.95,1.95,0.45,0.45,,,,,,,,,,1.95,1.95,1.95,1.95,1.95,1.95,,,,1.95,1.95,0.95,,,3.95,3.95,,0.45,0.45,0.45,1.95,1.95,1.95,1.95,1.95,1.95,,,1.95,,,,,0.45,,,,1.95,,,,3.95,0.4,0.4,1.95,,,,0.95,1.95,,0.45,0.45,1.95
118,10219020,,3.95,,,,,0.95,0.45,,,,3.95,3.95,,3.95,7.95,7.95,,,,,,,,,3.95,,1.95,0.45,,,0.4,,1.95,1.95,,,,1.45,1.95,0.45,,,,1.95,0.95,,,,,,0.45,,0.4,0.45,,,,,1.95,0.95,,,,,0.45,0.95,0.4,,,,0.4,1.95,1.95,,1.95,,,,,,0.4,,,,,3.95,3.95,1.95,1.95,2.95,1.95,1.95,1.95,1.95,1.95,1.95,2.95,,,1.95,,,0.4,7.95,7.95,,3.95,1.95,,,,,,,0.4,1.95,,0.4,3.95,,,7.95,,0.4,0.4,0.4,0.45,0.4,0.45,0.45,0.95,1.95,1.95,1.95,0.45,0.45,,,,,,,,,,1.95,1.95,1.95,1.95,1.95,1.95,,,,1.95,1.95,0.95,,,3.95,3.95,,0.45,0.45,0.45,1.95,1.95,1.95,1.95,1.95,1.95,,,1.95,,,,,0.45,,,,1.95,,,,3.95,0.4,0.4,1.95,,,,0.95,1.95,,0.45,0.45,1.95
118,10219080,,3.95,,,,,0.95,0.45,,,,3.95,3.95,,3.95,7.95,7.95,,,,,,,,,3.95,,1.95,0.45,,,0.4,,1.95,1.95,,,,1.45,1.95,0.45,,,,1.95,0.95,,,,,,0.45,,0.4,0.45,,,,,1.95,0.95,,,,,0.45,0.95,0.4,,,,0.4,1.95,1.95,,1.95,,,,,,0.4,,,,,3.95,3.95,1.95,1.95,2.95,1.95,1.95,1.95,1.95,1.95,1.95,2.95,,,1.95,,,0.4,7.95,7.95,,3.95,1.95,,,,,,,0.4,1.95,,0.4,3.95,,,7.95,,0.4,0.4,0.4,0.45,0.4,0.45,0.45,0.95,1.95,1.95,1.95,0.45,0.45,,,,,,,,,,1.95,1.95,1.95,1.95,1.95,1.95,,,,1.95,1.95,0.95,,,3.95,3.95,,0.45,0.45,0.45,1.95,1.95,1.95,1.95,1.95,1.95,,,1.95,,,,,0.45,,,,1.95,,,,3.95,0.4,0.4,1.95,,,,0.95,1.95,,0.45,0.45,1.95
118,10219140,,3.95,,,,,0.95,0.45,,,,3.95,3.95,,3.95,7.95,7.95,,,,,,,,,3.95,,1.95,0.45,,,0.4,,1.95,1.95,,,,1.45,1.95,0.45,,,,1.95,0.95,,,,,,0.45,,0.4,0.45,,,,,1.95,0.95,,,,,0.45,0.95,0.4,,,,0.4,1.95,1.95,,1.95,,,,,,0.4,,,,,3.95,3.95,1.95,1.95,2.95,1.95,1.95,1.95,1.95,1.95,1.95,2.95,,,1.95,,,0.4,7.95,7.95,,3.95,1.95,,,,,,,0.4,1.95,,0.4,3.95,,,7.95,,0.4,0.4,0.4,0.45,0.4,0.45,0.45,0.95,1.95,1.95,1.95,0.45,0.45,,,,,,,,,,1.95,1.95,1.95,1.95,1.95,1.95,,,,1.95,1.95,0.95,,,3.95,3.95,,0.45,0.45,0.45,1.95,1.95,1.95,1.95,1.95,1.95,,,1.95,,,,,0.45,,,,1.95,,,,3.95,0.4,0.4,1.95,,,,0.95,1.95,,0.45,0.45,1.95
118,10219200,,3.95,,,,,0.95,0.45,,,,3.95,3.95,,3.95,7.95,7.95,,,,,,,,,3.95,,1.95,0.45,,,0.4,,1.95,1.95,,,,1.45,1.95,0.45,,,,1.95,0.95,,,,,,0.45,,0.4,0.45,,,,,1.95,0.95,,,,,0.45,0.95,0.4,,,,0.4,1.95,1.95,,1.95,,,,,,0.4,,,,,3.95,3.95,1.95,1.95,2.95,1.95,1.95,1.95,1.95,1.95,1.95,2.95,,,1.95,,,0.4,7.95,7.95,,3.95,1.95,,,,,,,0.4,1.95,,0.4,3.95,,,7.95,,0.4,0.4,0.4,0.45,0.4,0.45,0.45,0.95,1.95,1.95,1.95,0.45,0.45,,,,,,,,,,1.95,1.95,1.95,1.95,1.95,1.95,,,,1.95,1.95,0.95,,,3.95,3.95,,0.45,0.45,0.45,1.95,1.95,1.95,1.95,1.95,1.95,,,1.95,,,,,0.45,,,,1.95,,,,3.95,0.4,0.4,1.95,,,,0.95,1.95,,0.45,0.45,1.95
118,10219260,,3.95,,,,,0.95,0.45,,,,3.95,3.95,,3.95,7.95,7.95,,,,,,,,,3.95,,1.95,0.45,,,0.4,,1.95,1.95,,,,1.45,1.95,0.45,,,,1.95,0.95,,,,,,0.45,,0.4,0.45,,,,,1.95,0.95,,,,,0.45,0.95,0.4,,,,0.4,1.95,1.95,,1.95,,,,,,0.4,,,,,3.95,3.95,1.95,1.95,2.95,1.95,1.95,1.95,1.95,1.95,1.95,2.95,,,1.95,,,0.4,7.95,7.95,,3.95,1.95,,,,,,,0.4,1.95,,0.4,3.95,,,7.95,,0.4,0.4,0.4,0.45,0.4,0.45,0.45,0.95,1.95,1.95,1.95,0.45,0.45,,,,,,,,,,1.95,1.95,1.95,1.95,1.95,1.95,,,,1.95,1.95,0.95,,,3.95,3.95,,0.45,0.45,0.45,1.95,1.95,1.95,1.95,1.95,1.95,,,1.95,,,,,0.45,,,,1.95,,,,3.95,0.4,0.4,1.95,,,,0.95,1.95,,0.45,0.45,1.95
118,10219320,,3.95,,,,,0.95,0.45,,,,3.95,3.95,,3.95,7.95,7.95,,,,,,,,,3.95,,1.95,0.45,,,0.4,,1.95,1.95,,,,1.45,1.95,0.45,,,,1.95,0.95,,,,,,0.45,,0.4,0.45,,,,,1.95,0.95,,,,,0.45,0.95,0.4,,,,0.4,1.95,1.95,,1.95,,,,,,0.4,,,,,3.95,3.95,1.95,1.95,2.95,1.95,1.95,1.95,1.95,1.95,1.95,2.95,,,1.95,,,0.4,7.95,7.95,,3.95,1.95,,,,,,,0.4,1.95,,0.4,3.95,,,7.95,,0.4,0.4,0.4,0.45,0.4,0.45,0.45,0.95,1.95,1.95,1.95,0.45,0.45,,,,,,,,,,1.95,1.95,1.95,1.95,1.95,1.95,,,,1.95,1.95,0.95,,,3.95,3.95,,0.45,0.45,0.45,1.95,1.95,1.95,1.95,1.95,1.95,,,1.95,,,,,0.45,,,,1.95,,,,3.95,0.4,0.4,1.95,,,,0.95,1.95,,0.45,0.45,1.95
118,10219380,,3.95,,,,,0.95,0.45,,,,3.95,3.95,,3.95,7.95,7.95,,,,,,,,,3.95,,1.95,0.45,,,0.4,,1.95,1.95,,,,1.45,1.95,0.45,,,,1.95,0.95,,,,,,0.45,,0.4,0.45,,,,,1.95,0.95,,,,,0.45,0.95,0.4,,,,0.4,1.95,1.95,,1.95,,,,,,0.4,,,,,3.95,3.95,1.95,1.95,2.95,1.95,1.95,1.95,1.95,1.95,1.95,2.95,,,1.95,,,0.4,7.95,7.95,,3.95,1.95,,,,,,,0.4,1.95,,0.4,3.95,,,7.95,,0.4,0.4,0.4,0.45,0.4,0.45,0.45,0.95,1.95,1.95,1.95,0.45,0.45,,,,,,,,,,1.95,1.95,1.95,1.95,1.95,1.95,,,,1.95,1.95,0.95,,,3.95,3.95,,0.45,0.45,0.45,1.95,1.95,1.95,1.95,1.95,1.95,,,1.95,,,,,0.45,,,,1.95,,,,3.95,0.4,0.4,1.95,,,,0.95,1.95,,0.45,0.45,1.95
118,10219440,,3.95,,,,,0.95,0.45,,,,3.95,3.95,,3.95,7.95,7.95,,,,,,,,,3.95,,1.95,0.45,,,0.4,,1.95,1.95,,,,1.45,1.95,0.45,,,,1.95,0.95,,,,,,0.45,,0.4,0.45,,,,,1.95,0.95,,,,,0.45,0.95,0.4,,,,0.4,1.95,1.95,,1.95,,,,,,0.4,,,,,3.95,3.95,1.95,1.95,2.95,1.95,1.95,1.95,1.95,1.95,1.95,2.95,,,1.95,,,0.4,7.95,7.95,,3.95,1.95,,,,,,,0.4,1.95,,0.4,3.95,,,7.95,,0.4,0.4,0.4,0.45,0.4,0.45,0.45,0.95,1.95,1.95,1.95,0.45,0.45,,,,,,,,,,1.95,1.95,1.95,1.95,1.95,1.95,,,,1.95,1.95,0.95,,,3.95,3.95,,0.45,0.45,0.45,1.95,1.95,1.95,1.95,1.95,1.95,,,1.95,,,,,0.45,,,,1.95,,,,3.95,0.4,0.4,1.95,,,,0.95,1.95,,0.45,0.45,1.95
118,10219500,,3.95,,,,,0.95,0.45,,,,3.95,3.95,,3.95,7.95,7.95,,,,,,,,,3.95,,1.95,0.45,,,0.4,,1.95,1.95,,,,1.45,1.95,0.45,,,,1.95,0.95,,,,,,0.45,,0.4,0.45,,,,,1.95,0.95,,,,,0.45,0.95,0.4,,,,0.4,1.95,1.95,,1.95,,,,,,0.4,,,,,3.95,3.95,1.95,1.95,2.95,1.95,1.95,1.95,1.95,1.95,1.95,2.95,,,1.95,,,0.4,7.95,7.95,,3.95,1.95,,,,,,,0.4,1.95,,0.4,3.95,,,7.95,,0.4,0.4,0.4,0.45,0.4,0.45,0.45,0.95,1.95,1.95,1.95,0.45,0.45,,,,,,,,,,1.95,1.95,1.95,1.95,1.95,1.95,,,,1.95,1.95,0.95,,,3.95,3.95,,0.45,0.45,0.45,1.95,1.95,1.95,1.95,1.95,1.95,,,1.95,,,,,0.45,,,,1.95,,,,3.95,0.4,0.4,1.95,,,,0.95,1.95,,0.45,0.45,1.95
118,10219560,,3.95,,,,,0.95,0.45,,,,3.95,3.95,,3.95,7.95,7.95,,,,,,,,,3.95,,1.95,0.45,,,0.4,,1.95,1.95,,,,1.45,1.95,0.45,,,,1.95,0.95,,,,,,0.45,,0.4,0.45,,,,,1.95,0.95,,,,,0.45,0.95,0.4,,,,0.4,1.95,1.95,,1.95,,,,,,0.4,,,,,3.95,3.95,1.95,1.95,2.95,1.95,1.95,1.95,1.95,1.95,1.95,2.95,,,1.95,,,0.4,7.95,7.95,,3.95,1.95,,,,,,,0.4,1.95,,0.4,3.95,,,7.95,,0.4,0.4,0.4,0.45,0.4,0.45,0.45,0.95,1.95,1.95,1.95,0.45,0.45,,,,,,,,,,1.95,1.95,1.95,1.95,1.95,1.95,,,,1.95,1.95,0.95,,,3.95,3.95,,0.45,0.45,0.45,1.95,1.95,1.95,1.95,1.95,1.95,,,1.95,,,,,0.45,,,,1.95,,,,3.95,0.4,0.4,1.95,,,,0.95,1.95,,0.45,0.45,1.95
118,10219620,,3.95,,,,,0.95,0.45,,,,3.95,3.95,,3.95,7.95,7.95,,,,,,,,,3.95,,1.95,0.45,,,0.4,,1.95,1.95,,,,1.45,1.95,0.45,,,,1.95,0.95,,,,,,0.45,,0.4,0.45,,,,,1.95,0.95,,,,,0.45,0.95,0.4,,,,0.4,1.95,1.95,,1.95,,,,,,0.4,,,,,3.95,3.95,1.95,1.95,2.95,1.95,1.95,1.95,1.95,1.95,1.95,2.95,,,1.95,,,0.4,7.95,7.95,,3.95,1.95,,,,,,,0.4,1.95,,0.4,3.95,,,7.95,,0.4,0.4,0.4,0.45,0.4,0.45,0.45,0.95,1.95,1.95,1.95,0.45,0.45,,,,,,,,,,1.95,1.95,1.95,1.95,1.95,1.95,,,,1.95,1.95,0.95,,,3.95,3.95,,0.45,0.45,0.45,1.95,1.95,1.95,1.95,1.95,1.95,,,1.95,,,,,0.45,,,,1.95,,,,3.95,0.4,0.4,1.95,,,,0.95,1.95,,0.45,0.45,1.95
118,10219680,,3.95,,,,,0.95,0.45,,,,3.95,3.95,,3.95,7.95,7.95,,,,,,,,,3.95,,1.95,0.45,,,0.4,,1.95,1.95,,,,1.45,1.95,0.45,,,,1.95,0.95,,,,,,0.45,,0.4,0.45,,,,,1.95,0.95,,,,,0.45,0.95,0.4,,,,0.4,1.95,1.95,,1.95,,,,,,0.4,,,,,3.95,3.95,1.95,1.95,2.95,1.95,1.95,1.95,1.95,1.95,1.95,2.95,,,1.95,,,0.4,7.95,7.95,,3.95,1.95,,,,,,,0.4,1.95,,0.4,3.95,,,7.95,,0.4,0.4,0.4,0.45,0.4,0.45,0.45,0.95,1.95,1.95,1.95,0.45,0.45,,,,,,,,,,1.95,1.95,1.95,1.95,1.95,1.95,,,,1.95,1.95,0.95,,,3.95,3.95,,0.45,0.45,0.45,1.95,1.95,1.95,1.95,1.95,1.95,,,1.95,,,,,0.45,,,,1.95,,,,3.95,0.4,0.4,1.95,,,,0.95,1.95,,0.45,0.45,1.95
118,10219740,,3.95,,,,,0.95,0.45,,,,3.95,3.95,,3.95,7.95,7.95,,,,,,,,,3.95,,1.95,0.45,,,0.4,,1.95,1.95,,,,1.45,1.95,0.45,,,,1.95,0.95,,,,,,0.45,,0.4,0.45,,,,,1.95,0.95,,,,,0.45,0.95,0.4,,,,0.4,1.95,1.95,,1.95,,,,,,0.4,,,,,3.95,3.95,1.95,1.95,2.95,1.95,1.95,1.95,1.95,1.95,1.95,2.95,,,1.95,,,0.4,7.95,7.95,,3.95,1.95,,,,,,,0.4,1.95,,0.4,3.95,,,7.95,,0.4,0.4,0.4,0.45,0.4,0.45,0.45,0.95,1.95,1.95,1.95,0.45,0.45,,,,,,,,,,1.95,1.95,1.95,1.95,1.95,1.95,,,,1.95,1.95,0.95,,,3.95,3.95,,0.45,0.45,0.45,1.95,1.95,1.95,1.95,1.95,1.95,,,1.95,,,,,0.45,,,,1.95,,,,3.95,0.4,0.4,1.95,,,,0.95,1.95,,0.45,0.45,1.95
118,10219800,,3.95,,,,,0.95,0.45,,,,3.95,3.95,,3.95,7.95,7.95,,,,,,,,,3.95,,1.95,0.45,,,0.4,,1.95,1.95,,,,1.45,1.95,0.45,,,,1.95,0.95,,,,,,0.45,,0.4,0.45,,,,,1.95,0.95,,,,,0.45,0.95,0.4,,,,0.4,1.95,1.95,,1.95,,,,,,0.4,,,,,3.95,3.95,1.95,1.95,2.95,1.95,1.95,1.95,1.95,1.95,1.95,2.95,,,1.95,,,0.4,7.95,7.95,,3.95,1.95,,,,,,,0.4,1.95,,0.4,3.95,,,7.95,,0.4,0.4,0.4,0.45,0.4,0.45,0.45,0.95,1.95,1.95,1.95,0.45,0.45,,,,,,,,,,1.95,1.95,1.95,1.95,1.95,1.95,,,,1.95,1.95,0.95,,,3.95,3.95,,0.45,0.45,0.45,1.95,1.95,1.95,1.95,1.95,1.95,,,1.95,,,,,0.45,,,,1.95,,,,3.95,0.4,0.4,1.95,,,,0.95,1.95,,0.45,0.45,1.95
118,10219860,,3.95,,,,,0.95,0.45,,,,3.95,3.95,,3.95,7.95,7.95,,,,,,,,,3.95,,1.95,0.45,,,0.4,,1.95,1.95,,,,1.45,1.95,0.45,,,,1.95,0.95,,,,,,0.45,,0.4,0.45,,,,,1.95,0.95,,,,,0.45,0.95,0.4,,,,0.4,1.95,1.95,,1.95,,,,,,0.4,,,,,3.95,3.95,1.95,1.95,2.95,1.95,1.95,1.95,1.95,1.95,1.95,2.95,,,1.95,,,0.4,7.95,7.95,,3.95,1.95,,,,,,,0.4,1.95,,0.4,3.95,,,7.95,,0.4,0.4,0.4,0.45,0.4,0.45,0.45,0.95,1.95,1.95,1.95,0.45,0.45,,,,,,,,,,1.95,1.95,1.95,1.95,1.95,1.95,,,,1.95,1.95,0.95,,,3.95,3.95,,0.45,0.45,0.45,1.95,1.95,1.95,1.95,1.95,1.95,,,1.95,,,,,0.45,,,,1.95,,,,3.95,0.4,0.4,1.95,,,,0.95,1.95,,0.45,0.45,1.95
118,10219920,,3.95,,,,,0.95,0.45,,,,3.95,3.95,,3.95,7.95,7.95,,,,,,,,,3.95,,1.95,0.45,,,0.4,,1.95,1.95,,,,1.45,1.95,0.45,,,,1.95,0.95,,,,,,0.45,,0.4,0.45,,,,,1.95,0.95,,,,,0.45,0.95,0.4,,,,0.4,1.95,1.95,,1.95,,,,,,0.4,,,,,3.95,3.95,1.95,1.95,2.95,1.95,1.95,1.95,1.95,1.95,1.95,2.95,,,1.95,,,0.4,7.95,7.95,,3.95,1.95,,,,,,,0.4,1.95,,0.4,3.95,,,7.95,,0.4,0.4,0.4,0.45,0.4,0.45,0.45,0.95,1.95,1.95,1.95,0.45,0.45,,,,,,,,,,1.95,1.95,1.95,1.95,1.95,1.95,,,,1.95,1.95,0.95,,,3.95,3.95,,0.45,0.45,0.45,1.95,1.95,1.95,1.95,1.95,1.95,,,1.95,,,,,0.45,,,,1.95,,,,3.95,0.4,0.4,1.95,,,,0.95,1.95,,0.45,0.45,1.95
118,10219980,,3.95,,,,,0.95,0.45,,,,3.95,3.95,,3.95,7.95,7.95,,,,,,,,,3.95,,1.95,0.45,,,0.4,,1.95,1.95,,,,1.45,1.95,0.45,,,,1.95,0.95,,,,,,0.45,,0.4,0.45,,,,,1.95,0.95,,,,,0.45,0.95,0.4,,,,0.4,1.95,1.95,,1.95,,,,,,0.4,,,,,3.95,3.95,1.95,1.95,2.95,1.95,1.95,1.95,1.95,1.95,1.95,2.95,,,1.95,,,0.4,7.95,7.95,,3.95,1.95,,,,,,,0.4,1.95,,0.4,3.95,,,7.95,,0.4,0.4,0.4,0.45,0.4,0.45,0.45,0.95,1.95,1.95,1.95,0.45,0.45,,,,,,,,,,1.95,1.95,1.95,1.95,1.95,1.95,,,,1.95,1.95,0.95,,,3.95,3.95,,0.45,0.45,0.45,1.95,1.95,1.95,1.95,1.95,1.95,,,1.95,,,,,0.45,,,,1.95,,,,3.95,0.4,0.4,1.95,,,,0.95,1.95,,0.45,0.45,1.95
118,10220040,,3.95,,,,,0.95,0.45,,,,3.95,,,3.95,7.95,7.95,,,,,,,,,3.95,,1.95,0.45,,,0.4,,1.95,1.95,,,,1.45,1.95,0.45,,,,1.95,0.95,,,,,,0.45,,0.4,0.45,,,,,1.95,0.95,,,,,0.45,0.95,0.4,,,,0.4,1.95,1.95,,1.95,,,,,,0.4,,,,,3.95,3.95,1.95,1.95,2.95,1.95,1.95,1.95,1.95,1.95,1.95,2.95,,,1.95,,,0.4,7.95,7.95,,3.95,1.95,,,,,,,0.4,1.95,,0.4,3.95,,,7.95,,0.4,0.4,0.4,0.45,0.4,0.45,0.45,0.95,1.95,1.95,1.95,0.45,0.45,,,,,,,,,,1.95,1.95,1.95,1.95,1.95,1.95,,,,1.95,1.95,0.95,,,3.95,3.95,,0.45,0.45,0.45,1.95,1.95,1.95,1.95,1.95,1.95,,,1.95,,,,,0.45,,,,1.95,,,,3.95,0.4,0.4,1.95,,,,0.95,1.95,,0.45,0.45,1.95
118,10220100,,3.95,,,,,0.95,0.45,,,,3.95,,,3.95,7.95,7.95,,,,,,,,,3.95,,1.95,0.45,,,0.4,,1.95,1.95,,,,1.45,1.95,0.45,,,,1.95,0.95,,,,,,0.45,,0.4,0.45,,,,,1.95,0.95,,,,,0.45,0.95,0.4,,,,0.4,1.95,1.95,,1.95,,,,,,0.4,,,,,3.95,3.95,1.95,1.95,2.95,1.95,1.95,1.95,1.95,1.95,1.95,2.95,,,1.95,,,0.4,7.95,7.95,,3.95,1.95,,,,,,,0.4,1.95,,0.4,3.95,,,7.95,,0.4,0.4,0.4,0.45,0.4,0.45,0.45,0.95,1.95,1.95,1.95,0.45,0.45,,,,,,,,,,1.95,1.95,1.95,1.95,1.95,1.95,,,,1.95,1.95,0.95,,,3.95,3.95,,0.45,0.45,0.45,1.95,1.95,1.95,1.95,1.95,1.95,,,1.95,,,,,0.45,,,,1.95,,,,3.95,0.4,0.4,1.95,,,,0.95,1.95,,0.45,0.45,1.95
118,10220160,,3.95,,,,,0.95,0.45,,,,3.95,,,3.95,7.95,7.95,,,,,,,,,3.95,,1.95,0.45,,,0.4,,1.95,1.95,,,,1.45,1.95,0.45,,,,1.95,0.95,,,,,,0.45,,0.4,0.45,,,,,1.95,0.95,,,,,0.45,0.95,0.4,,,,0.4,1.95,1.95,,1.95,,,,,,0.4,,,,,3.95,3.95,1.95,1.95,2.95,1.95,1.95,1.95,1.95,1.95,1.95,2.95,,,1.95,,,0.4,7.95,7.95,,3.95,1.95,,,,,,,0.4,1.95,,0.4,3.95,,,7.95,,0.4,0.4,0.4,0.45,0.4,0.45,0.45,0.95,1.95,1.95,1.95,0.45,0.45,,,,,,,,,,1.95,1.95,1.95,1.95,1.95,1.95,,,,1.95,1.95,0.95,,,3.95,3.95,,0.45,0.45,0.45,1.95,1.95,1.95,1.95,1.95,1.95,,,1.95,,,,,0.45,,,,1.95,,,,3.95,0.4,0.4,1.95,,,,0.95,1.95,,0.45,0.45,1.95
118,10220220,,3.95,,,,,0.95,0.45,,,,3.95,,,3.95,7.95,7.95,,,,,,,,,3.95,,1.95,0.45,,,0.4,,1.95,1.95,,,,1.45,1.95,0.45,,,,1.95,0.95,,,,,,0.45,,0.4,0.45,,,,,1.95,0.95,,,,,0.45,0.95,0.4,,,,0.4,1.95,1.95,,1.95,,,,,,0.4,,,,,3.95,3.95,1.95,1.95,2.95,1.95,1.95,1.95,1.95,1.95,1.95,2.95,,,1.95,,,0.4,7.95,7.95,,3.95,1.95,,,,,,,0.4,1.95,,0.4,3.95,,,7.95,,0.4,0.4,0.4,0.45,0.4,0.45,0.45,0.95,1.95,1.95,1.95,0.45,0.45,,,,,,,,,,1.95,1.95,1.95,1.95,1.95,1.95,,,,1.95,1.95,0.95,,,3.95,3.95,,0.45,0.45,0.45,1.95,1.95,1.95,1.95,1.95,1.95,,,1.95,,,,,0.45,,,,1.95,,,,3.95,0.4,0.4,1.95,,,,0.95,1.95,,0.45,0.45,1.95
118,10220280,,3.95,,,,,0.95,0.45,,,,3.95,,,3.95,7.95,7.95,,,,,,,,,3.95,,1.95,0.45,,,0.4,,1.95,1.95,,,,1.45,1.95,0.45,,,,1.95,0.95,,,,,,0.45,,0.4,0.45,,,,,1.95,0.95,,,,,0.45,0.95,0.4,,,,0.4,1.95,1.95,,1.95,,,,,,0.4,,,,,3.95,3.95,1.95,1.95,2.95,1.95,1.95,1.95,1.95,1.95,1.95,2.95,,,1.95,,,0.4,7.95,7.95,,3.95,1.95,,,,,,,0.4,1.95,,0.4,3.95,,,7.95,,0.4,,0.4,0.45,0.4,0.45,0.45,0.95,1.95,1.95,1.95,0.45,0.45,,,,,,,,,,1.95,1.95,1.95,1.95,1.95,1.95,,,,1.95,1.95,0.95,,,3.95,3.95,,0.45,0.45,0.45,1.95,1.95,1.95,1.95,1.95,1.95,,,1.95,,,,,0.45,,,,1.95,,,,3.95,0.4,0.4,1.95,,,,0.95,1.95,,0.45,0.45,1.95
118,10220340,,3.95,,,,,0.95,0.45,,,,3.95,,,3.95,7.95,7.95,,,,,,,,,3.95,,1.95,0.45,,,0.4,,1.95,1.95,,,,1.45,1.95,0.45,,,,1.95,0.95,,,,,,0.45,,0.4,0.45,,,,,1.95,0.95,,,,,0.45,0.95,0.4,,,,0.4,1.95,1.95,,1.95,,,,,,0.4,,,,,3.95,3.95,1.95,1.95,2.95,1.95,1.95,1.95,1.95,1.95,1.95,2.95,,,1.95,,,0.4,7.95,7.95,,3.95,1.95,,,,,,,0.4,1.95,,0.4,3.95,,,7.95,,0.4,,0.4,0.45,0.4,0.45,0.45,0.95,1.95,1.95,1.95,0.45,0.45,,,,,,,,,,1.95,1.95,1.95,1.95,1.95,1.95,,,,1.95,1.95,0.95,,,3.95,3.95,,0.45,0.45,0.45,1.95,1.95,1.95,1.95,1.95,1.95,,,1.95,,,,,0.45,,,,1.95,,,,3.95,0.4,0.4,1.95,,,,0.95,1.95,,0.45,0.45,1.95
118,10220400,,3.95,,,,,0.95,0.45,,,,3.95,,,3.95,7.95,7.95,,,,,,,,,3.95,,1.95,0.45,,,0.4,,1.95,1.95,,,,1.45,1.95,0.45,,,,1.95,0.95,,,,,,0.45,,0.4,0.45,,,,,1.95,0.95,,,,,0.45,0.95,0.4,,,,0.4,1.95,1.95,,1.95,,,,,,0.4,,,,,3.95,3.95,1.95,1.95,2.95,1.95,1.95,1.95,1.95,1.95,1.95,2.95,,,1.95,,,0.4,7.95,7.95,,3.95,1.95,,,,,,,0.4,1.95,,0.4,3.95,,,7.95,,0.4,,0.4,0.45,0.4,0.45,0.45,0.95,1.95,1.95,1.95,0.45,0.45,,,,,,,,,,1.95,1.95,1.95,1.95,1.95,1.95,,,,1.95,1.95,0.95,,,3.95,3.95,,0.45,0.45,0.45,1.95,1.95,1.95,1.95,1.95,1.95,,,1.95,,,,,0.45,,,,1.95,,,,1.95,0.4,0.4,1.95,,,,0.95,1.95,,0.45,0.45,1.95
118,10220460,,3.95,,,,,0.95,0.45,,,,3.95,,,3.95,7.95,7.95,,,,,,,,,3.95,,1.95,0.45,,,0.4,,1.95,1.95,,,,1.521,1.95,0.45,,,,1.95,0.95,,,,,,0.45,,0.4,0.45,,,,,1.95,0.95,,,,,0.45,0.95,0.4,,,,0.4,1.95,1.95,,1.95,,,,,,0.4,,,,,3.95,3.95,1.95,1.95,2.95,1.95,1.95,1.95,1.95,1.95,1.95,2.95,,,1.95,,,0.4,7.95,7.95,,3.95,1.95,,,,,,,0.4,1.95,,0.4,3.95,,,7.95,,0.4,,0.4,0.45,0.4,0.45,0.45,0.95,1.95,1.95,1.95,0.45,0.45,,,,,,,,,,1.95,1.95,1.95,1.95,1.95,1.95,,,,1.95,1.95,0.95,,,3.95,3.95,,0.45,0.45,0.45,1.95,1.95,1.95,1.95,1.95,1.95,,,1.95,,,,,0.45,,,,1.95,,,,1.95,0.4,0.4,1.95,,,,0.95,1.95,,0.45,0.45,1.95
118,10220520,,3.95,,,,,0.95,0.45,,,,3.95,,,3.95,7.95,7.95,,,,,,,,,3.95,,1.95,0.45,,,0.4,,1.95,1.95,,,,1.45,1.95,0.45,,,,1.95,0.95,,,,,,0.45,,0.4,0.45,,,,,1.95,0.95,,,,,0.45,0.95,0.4,,,,0.4,1.95,1.95,,1.95,,,,,,0.4,,,,,3.95,3.95,1.95,1.95,2.95,1.95,1.95,1.95,1.95,1.95,1.95,2.95,,,1.95,,,0.4,7.95,7.95,,3.95,1.95,,,,,,,0.4,1.95,,0.4,3.95,,,7.95,,0.4,,0.4,0.45,0.4,0.45,0.45,0.95,1.95,1.95,1.95,0.45,0.45,,,,,,,,,,1.95,1.95,1.95,1.95,1.95,1.95,,,,1.95,1.95,0.95,,,3.95,3.95,,0.45,0.45,0.45,1.95,1.95,1.95,1.95,1.95,1.95,,,1.95,,,,,0.45,,,,1.95,,,,1.95,0.4,0.4,1.95,,,,0.95,1.95,,0.45,0.45,1.95
118,10220580,,3.95,,,,,0.95,0.45,,,,3.95,,,3.95,7.95,7.95,,,,,,,,,3.95,,1.95,0.45,,,0.4,,1.95,1.95,,,,1.45,1.95,0.45,,,,1.95,0.95,,,,,,0.45,,0.4,0.45,,,,,1.95,0.95,,,,,0.45,0.95,0.4,,,,0.4,1.95,1.95,,1.95,,,,,,0.4,,,,,3.95,3.95,1.95,1.95,2.95,1.95,1.95,1.95,1.95,1.95,1.95,2.95,,,1.95,,,0.4,7.95,7.95,,3.95,1.95,,,,,,,0.4,1.95,,0.4,3.95,,,7.95,,0.4,,0.4,0.45,0.4,0.45,0.45,0.95,1.95,1.95,1.95,0.45,0.45,,,,,,,,,,1.95,1.95,1.95,1.95,1.95,1.95,,,,1.95,1.95,0.95,,,3.95,3.95,,0.45,0.45,0.45,1.95,1.95,1.95,1.95,1.95,1.95,,,1.95,,,,,0.45,,,,1.95,,,,1.95,0.4,0.4,1.95,,,,0.95,1.95,,0.45,0.45,1.95
118,10220640,,3.95,,,,,0.95,0.45,,,,3.95,,,3.95,7.95,7.95,,,,,,,,,3.95,,1.95,0.45,,,0.4,,1.95,1.95,,,,1.45,1.95,0.45,,,,1.95,0.95,,,,,,0.45,,0.4,0.45,,,,,1.95,0.95,,,,,0.45,0.95,0.4,,,,0.4,1.95,1.95,,1.95,,,,,,0.4,,,,,3.95,3.95,1.95,1.95,2.95,1.95,1.95,1.95,1.95,1.95,1.95,2.95,,,1.95,,,0.4,7.95,7.95,,3.95,1.95,,,,,,,0.4,1.95,,0.4,3.95,,,7.95,,0.4,,0.4,0.45,0.4,0.45,0.45,0.95,1.95,1.95,1.95,0.45,0.45,,,,,,,,,,1.95,1.95,1.95,1.95,1.95,1.95,,,,1.95,1.95,0.95,,,3.95,3.95,,0.45,0.45,0.45,1.95,1.95,1.95,1.95,1.95,1.95,,,1.95,,,,,0.45,,,,1.95,,,,1.95,0.4,0.4,1.95,,,,0.95,1.95,,0.45,0.45,1.95
118,10220700,,3.95,,,,,0.95,0.45,,,,3.95,,,3.95,7.95,7.95,,,,,,,,,3.95,,1.95,0.45,,,0.4,,1.95,1.95,,,,1.45,1.95,0.45,,,,1.95,0.95,,,,,,0.45,,0.4,0.45,,,,,1.95,0.95,,,,,0.45,0.95,0.4,,,,0.4,1.95,1.95,,1.95,,,,,,0.4,,,,,3.95,3.95,1.95,1.95,2.95,1.95,1.95,1.95,1.95,1.95,1.95,2.95,,,1.95,,,0.4,7.95,7.95,,3.95,1.95,,,,,,,0.4,1.95,,0.4,3.95,,,7.95,,0.4,,0.4,0.45,0.4,0.45,0.45,0.95,1.95,1.95,1.95,0.45,0.45,,,,,,,,,,1.95,1.95,1.95,1.95,1.95,1.95,,,,1.95,1.95,0.95,,,3.95,3.95,,0.45,0.45,0.45,1.95,1.95,1.95,1.95,1.95,1.95,,,1.95,,,,,0.45,,,,1.95,,,,1.95,0.4,0.4,1.95,,,,0.95,1.95,,0.45,0.45,1.95
118,10220760,,3.95,,,,,0.95,0.45,,,,3.95,,,3.95,7.95,7.95,,,,,,,,,3.95,,1.95,0.45,,,0.4,,1.95,1.95,,,,1.45,1.95,0.45,,,,1.95,0.95,,,,,,0.45,,0.4,0.45,,,,,1.95,0.95,,,,,0.45,0.95,0.4,,,,0.4,1.95,1.95,,1.95,,,,,,0.4,,,,,3.95,3.95,1.95,1.95,2.95,1.95,1.95,1.95,1.95,1.95,1.95,2.95,,,1.95,,,0.4,7.95,7.95,,3.95,1.95,,,,,,,0.4,1.95,,0.4,3.95,,,7.95,,0.4,,0.4,0.45,0.4,0.45,0.45,0.95,1.95,1.95,1.95,0.45,0.45,,,,,,,,,,1.95,1.95,1.95,1.95,1.95,1.95,,,,1.95,1.95,0.95,,,3.95,3.95,,0.45,0.45,0.45,1.95,1.95,1.95,1.95,1.95,1.95,,,1.95,,,,,0.45,,,,1.95,,,,1.95,0.4,0.4,1.95,,,,0.95,1.95,,0.45,0.45,1.95
118,10220820,,3.95,,,,,0.95,0.45,,,,3.95,,,3.95,7.95,7.95,,,,,,,,,3.95,,1.95,0.45,,,0.4,,1.95,1.95,,,,1.45,1.95,0.45,,,,1.95,0.95,,,,,,0.45,,0.4,0.45,,,,,1.95,0.95,,,,,0.45,0.95,0.4,,,,0.4,1.95,1.95,,1.95,,,,,,0.4,,,,,3.95,3.95,1.95,1.95,2.95,1.95,1.95,1.95,1.95,1.95,1.95,2.95,,,1.95,,,0.4,7.95,7.95,,3.95,1.95,,,,,,,0.4,1.95,,0.4,3.95,,,7.95,,0.4,,0.4,0.45,0.4,0.45,0.45,0.95,1.95,1.95,1.95,0.45,0.45,,,,,,,,,,1.95,1.95,1.95,1.95,1.95,1.95,,,,1.95,1.95,0.95,,,3.95,3.95,,0.45,0.45,0.45,1.95,1.95,1.95,1.95,1.95,1.95,,,1.95,,,,,0.45,,,,1.95,,,,1.95,0.4,0.4,1.95,,,,0.95,1.95,,0.45,0.45,1.95
118,10220880,,3.95,,,,,0.95,0.45,,,,3.95,,,3.95,7.95,7.95,,,,,,,,,3.95,,1.95,0.45,,,0.4,,1.95,1.95,,,,1.45,1.95,0.45,,,,1.95,0.95,,,,,,0.45,,0.4,0.45,,,,,1.95,0.95,,,,,0.45,0.95,0.4,,,,0.4,1.95,1.95,,1.95,,,,,,0.4,,,,,3.95,3.95,1.95,1.95,2.95,1.95,1.95,1.95,1.95,1.95,1.95,2.95,,,1.95,,,0.4,7.95,7.95,,3.95,1.95,,,,,,,0.4,1.95,,0.4,3.95,,,7.95,,0.4,,0.4,0.45,0.4,0.45,0.45,0.95,1.95,1.95,1.95,0.45,0.45,,,,,,,,,,1.95,1.95,1.95,1.95,1.95,1.95,,,,1.95,1.95,0.95,,,3.95,3.95,,0.45,0.45,0.45,1.95,1.95,1.95,1.95,1.95,1.95,,,1.95,,,,,0.45,,,,1.95,,,,1.95,0.4,0.4,1.95,,,,0.95,1.95,,0.45,0.45,1.95
118,10220940,,3.95,,,,,0.95,0.45,,,,3.95,,,3.95,7.95,7.95,,,,,,,,,3.95,,1.95,0.45,,,0.4,,1.95,1.95,,,,1.45,1.95,0.45,,,,1.95,0.95,,,,,,0.45,,0.4,0.45,,,,,1.95,0.95,,,,,0.45,0.95,0.4,,,,0.4,1.95,1.95,,1.95,,,,,,0.4,,,,,3.95,3.95,1.95,1.95,2.95,1.95,1.95,1.95,1.95,1.95,1.95,2.95,,,1.95,,,0.4,7.95,7.95,,3.95,1.95,,,,,,,0.4,1.95,,0.4,3.95,,,7.95,,0.4,,0.4,0.45,0.4,0.45,0.45,0.95,1.95,1.95,1.95,0.45,0.45,,,,,,,,,,1.95,1.95,1.95,1.95,1.95,1.95,,,,1.95,1.95,0.95,,,3.95,3.95,,0.45,0.45,0.45,1.95,1.95,1.95,1.95,1.95,1.95,,,1.95,,,,,0.45,,,,1.95,,,,1.95,0.4,0.4,1.95,,,,0.95,1.95,,0.45,0.45,1.95
118,10221000,,3.95,,,,,0.95,0.45,,,,3.95,,,3.95,7.95,7.95,,,,,,,,,3.95,,1.95,0.45,,,0.4,,1.95,1.95,,,,1.45,1.95,0.45,,,,1.95,0.95,,,,,,0.45,,0.4,0.45,,,,,1.95,0.95,,,,,0.45,0.95,0.4,,,,0.4,1.95,1.95,,1.95,,,,,,0.4,,,,,3.95,3.95,1.95,1.95,2.95,1.95,1.95,1.95,1.95,1.95,1.95,2.95,,,1.95,,,0.4,7.95,7.95,,3.95,1.95,,,,,,,0.4,1.95,,0.4,3.95,,,7.95,,0.4,,0.4,0.45,0.4,0.45,0.45,0.95,1.95,1.95,1.95,0.45,0.45,,,,,,,,,,1.95,1.95,1.95,1.95,1.95,1.95,,,,1.95,1.95,0.95,,,3.95,3.95,,0.45,0.45,0.45,1.95,1.95,1.95,1.95,1.95,1.95,,,1.95,,,,,0.45,,,,1.95,,,,1.95,0.4,0.4,1.95,,,,0.95,1.95,,0.45,0.45,1.95
118,10221060,,3.95,,,,,0.95,0.45,,,,3.95,,,3.95,7.95,7.95,,,,,,,,,3.95,,1.95,0.45,,,0.4,,1.95,1.95,,,,1.379,1.95,0.45,,,,1.95,0.95,,,,,,0.45,,0.4,0.45,,,,,1.95,0.95,,,,,0.45,0.95,0.4,,,,0.4,1.95,1.95,,1.95,,,,,,0.4,,,,,3.95,3.95,1.95,1.95,2.95,1.95,1.95,1.95,1.95,1.95,1.95,2.95,,,1.95,,,0.4,7.95,7.95,,3.95,1.95,,,,,,,0.4,1.95,,0.4,3.95,,,7.95,,0.4,,0.4,0.45,0.4,0.45,0.45,0.95,1.95,1.95,1.95,0.45,0.45,,,,,,,,,,1.95,1.95,1.95,1.95,1.95,1.95,,,,1.95,1.95,0.95,,,3.95,3.95,,0.45,0.45,0.45,1.95,1.95,1.95,1.95,1.95,1.95,,,1.95,,,,,0.45,,,,1.95,,,,1.95,0.4,0.4,1.95,,,,0.95,1.95,,0.45,0.45,1.95
118,10221120,,3.95,,,,,0.95,0.45,,,,3.95,,,3.95,7.95,7.95,,,,,,,,,3.95,,1.95,0.45,,,0.4,,1.95,1.95,,,,1.45,1.95,0.45,,,,1.95,0.95,,,,,,0.45,,0.4,0.45,,,,,1.95,0.95,,,,,0.45,0.95,0.4,,,,0.4,1.95,1.95,,1.95,,,,,,0.4,,,,,3.95,3.95,1.95,1.95,2.95,1.95,1.95,1.95,1.95,1.95,1.95,2.95,,,1.95,,,0.4,7.95,7.95,,3.95,1.95,,,,,,,0.4,1.95,,0.4,3.95,,,7.95,,0.4,,0.4,0.45,0.4,0.45,0.45,0.95,1.95,1.95,1.95,0.45,0.45,,,,,,,,,,1.95,1.95,1.95,1.95,1.95,1.95,,,,1.95,1.95,0.95,,,3.95,3.95,,0.45,0.45,0.45,1.95,1.95,1.95,1.95,1.95,1.95,,,1.95,,,,,0.45,,,,1.95,,,,1.95,0.4,0.4,1.95,,,,0.95,1.95,,0.45,0.45,1.95
118,10221180,,3.95,,,,,0.95,0.45,,,,3.95,,,3.95,7.95,7.95,,,,,,,,,3.95,,1.95,0.45,,,0.4,,1.95,1.95,,,,1.45,1.95,0.45,,,,1.95,0.95,,,,,,0.45,,0.4,0.45,,,,,1.95,0.95,,,,,0.45,0.95,0.4,,,,0.4,1.95,1.95,,1.95,,,,,,0.4,,,,,3.95,3.95,1.95,1.95,2.95,1.95,1.95,1.95,1.95,1.95,1.95,2.95,,,1.95,,,0.4,7.95,7.95,,3.95,1.95,,,,,,,0.4,1.95,,0.4,3.95,,,7.95,,0.4,,0.4,0.45,0.4,0.45,0.45,0.95,1.95,1.95,1.95,0.45,0.45,,,,,,,,,,1.95,1.95,1.95,1.95,1.95,1.95,,,,1.95,1.95,0.95,,,3.95,3.95,,0.45,0.45,0.45,1.95,1.95,1.95,1.95,1.95,1.95,,,1.95,,,,,0.45,,,,1.95,,,,1.95,0.4,0.4,1.95,,,,0.95,1.95,,0.45,0.45,1.95
118,10221240,,3.95,,,,,0.95,0.45,,,,3.95,,,3.95,7.95,7.95,,,,,,,,,3.95,,1.95,0.45,,,0.4,,1.95,1.95,,,,1.45,1.95,0.45,,,,1.95,0.95,,,,,,0.45,,0.4,0.45,,,,,1.95,0.95,,,,,0.45,0.95,0.4,,,,0.4,1.95,1.95,,1.95,,,,,,0.4,,,,,3.95,3.95,1.95,1.95,2.95,1.95,1.95,1.95,1.95,1.95,1.95,2.95,,,1.95,,,0.4,7.95,7.95,,3.95,1.95,,,,,,,0.4,1.95,,0.4,3.95,,,7.95,,0.4,,0.4,0.45,0.4,0.45,0.45,0.95,1.95,1.95,1.95,0.45,0.45,,,,,,,,,,1.95,1.95,1.95,1.95,1.95,1.95,,,,1.95,1.95,0.95,,,3.95,3.95,,0.45,0.45,0.45,1.95,1.95,1.95,1.95,1.95,1.95,,,1.95,,,,,0.45,,,,1.95,,,,1.95,0.4,0.4,1.95,,,,0.95,1.95,,0.45,0.45,1.95
118,10221300,,3.95,,,,,0.95,0.45,,,,3.95,,,3.95,7.95,7.95,,,,,,,,,3.95,,1.95,0.45,,,0.4,,1.95,1.95,,,,1.45,1.95,0.45,,,,1.95,0.95,,,,,,0.45,,0.4,0.45,,,,,1.95,0.95,,,,,0.45,0.95,0.4,,,,0.4,1.95,1.95,,1.95,,,,,,0.4,,,,,3.95,3.95,1.95,1.95,2.95,1.95,1.95,1.95,1.95,1.95,1.95,2.95,,,1.95,,,0.4,7.95,7.95,,3.95,1.95,,,,,,,0.4,1.95,,0.4,3.95,,,7.95,,0.4,,0.4,0.45,0.4,0.45,0.45,0.95,1.95,1.95,1.95,0.45,0.45,,,,,,,,,,1.95,1.95,1.95,1.95,1.95,1.95,,,,1.95,1.95,0.95,,,3.95,3.95,,0.45,0.45,0.45,1.95,1.95,1.95,1.95,1.95,1.95,,,1.95,,,,,0.45,,,,1.95,,,,1.95,0.4,0.4,1.95,,,,0.95,1.95,,0.45,0.45,1.95
118,10221360,,3.95,,,,,0.95,0.45,,,,3.95,,,3.95,7.95,7.95,,,,,,,,,3.95,,1.95,0.45,,,0.4,,1.95,1.95,,,,1.45,1.95,0.45,,,,1.95,0.95,,,,,,0.45,,0.4,0.45,,,,,1.95,0.95,,,,,0.45,0.95,0.4,,,,0.4,1.95,1.95,,1.95,,,,,,0.4,,,,,3.95,3.95,1.95,1.95,2.95,1.95,1.95,1.95,1.95,1.95,1.95,2.95,,,1.95,,,0.4,7.95,7.95,,3.95,1.95,,,,,,,0.4,1.95,,0.4,3.95,,,7.95,,0.4,,0.4,0.45,0.4,0.45,0.45,0.95,1.95,1.95,1.95,0.45,0.45,,,,,,,,,,1.95,1.95,1.95,1.95,1.95,1.95,,,,1.95,1.95,0.95,,,3.95,3.95,,0.45,0.45,0.45,1.95,1.95,1.95,1.95,1.95,1.95,,,1.95,,,,,0.45,,,,1.95,,,,1.95,0.4,0.4,1.95,,,,0.95,1.95,,0.45,0.45,1.95
118,10221420,,3.95,,,,,0.95,0.45,,,,3.95,,,3.95,7.95,7.95,,,,,,,,,3.95,,1.95,0.45,,,0.4,,1.95,1.95,,,,1.45,1.95,0.45,,,,1.95,0.95,,,,,,0.45,,0.4,0.45,,,,,1.95,0.95,,,,,0.45,0.95,0.4,,,,0.4,1.95,1.95,,1.95,,,,,,0.4,,,,,3.95,3.95,1.95,1.95,2.95,1.95,1.95,1.95,1.95,1.95,1.95,2.95,,,1.95,,,0.4,7.95,7.95,,3.95,1.95,,,,,,,0.4,1.95,,0.4,3.95,,,7.95,,0.4,,0.4,0.45,0.4,0.45,0.45,0.95,1.95,1.95,1.95,0.45,0.45,,,,,,,,,,1.95,1.95,1.95,1.95,1.95,1.95,,,,1.95,1.95,0.95,,,3.95,3.95,,0.45,0.45,0.45,1.95,1.95,1.95,1.95,1.95,1.95,,,1.95,,,,,0.45,,,,1.95,,,,1.95,0.4,0.4,1.95,,,,0.95,1.95,,0.45,0.45,1.95
118,10221480,,3.95,,,,,0.95,0.45,,,,3.95,,,3.95,7.95,7.95,,,,,,,,,3.95,,1.95,0.45,,,0.4,,1.95,1.95,,,,1.45,1.95,0.45,,,,1.95,0.95,,,,,,0.45,,0.4,0.45,,,,,1.95,0.95,,,,,0.45,0.95,0.4,,,,0.4,1.95,1.95,,1.95,,,,,,0.4,,,,,3.95,3.95,1.95,1.95,2.95,1.95,1.95,1.95,1.95,1.95,1.95,2.95,,,1.95,,,0.4,7.95,7.95,,3.95,1.95,,,,,,,0.4,1.95,,0.4,3.95,,,7.95,,0.4,,0.4,0.45,0.4,0.45,0.45,0.95,1.95,1.95,1.95,0.45,0.45,,,,,,,,,,1.95,1.95,1.95,1.95,1.95,1.95,,,,1.95,1.95,0.95,,,3.95,3.95,,0.45,0.45,0.45,1.95,1.95,1.95,1.95,1.95,1.95,,,1.95,,,,,0.45,,,,1.95,,,,1.95,0.4,0.4,1.95,,,,0.95,1.95,,0.45,0.45,1.95
118,10221540,,3.95,,,,,0.95,0.45,,,,3.95,,,3.95,7.95,7.95,,,,,,,,,3.95,,1.95,0.45,,,0.4,,1.95,1.95,,,,1.45,1.95,0.45,,,,1.95,0.95,,,,,,0.45,,0.4,0.45,,,,,1.95,0.95,,,,,0.45,0.95,0.4,,,,0.4,1.95,1.95,,1.95,,,,,,0.4,,,,,3.95,3.95,1.95,1.95,2.95,1.95,1.95,1.95,1.95,1.95,1.95,2.95,,,1.95,,,0.4,7.95,7.95,,3.95,1.95,,,,,,,0.4,1.95,,0.4,3.95,,,7.95,,0.4,,0.4,0.45,0.4,0.45,0.45,0.95,1.95,1.95,1.95,0.45,0.45,,,,,,,,,,1.95,1.95,1.95,1.95,1.95,1.95,,,,1.95,1.95,0.95,,,3.95,3.95,,0.45,0.45,0.45,1.95,1.95,1.95,1.95,1.95,1.95,,,1.95,,,,,0.45,,,,1.95,,,,1.95,0.4,0.4,1.95,,,,0.95,1.95,,0.45,0.45,1.95
118,10221600,,3.95,,,,,0.95,0.45,,,,3.95,,,3.95,7.95,7.95,,,,,,,,,3.95,,1.95,0.45,,,0.4,,1.95,1.95,,,,1.45,1.95,0.45,,,,1.95,0.95,,,,,,0.45,,0.4,0.45,,,,,1.95,0.95,,,,,0.45,0.95,0.4,,,,0.4,1.95,1.95,,1.95,,,,,,0.4,,,,,3.95,3.95,1.95,1.95,2.95,1.95,1.95,1.95,1.95,1.95,1.95,2.95,,,1.95,,,0.4,7.95,7.95,,3.95,1.95,,,,,,,0.4,1.95,,0.4,3.95,,,7.95,,0.4,,0.4,0.45,0.4,0.45,0.45,0.95,1.95,1.95,1.95,0.45,0.45,,,,,,,,,,1.95,1.95,1.95,1.95,1.95,1.95,,,,1.95,1.95,0.95,,,3.95,3.95,,0.45,0.45,0.45,1.95,1.95,1.95,1.95,1.95,1.95,,,1.95,,,,,0.45,,,,1.95,,,,1.95,0.4,0.4,1.95,,,,0.95,1.95,,0.45,0.45,1.95
118,10221660,,3.95,,,,,0.95,0.45,,,,3.95,7.95,,3.95,7.95,7.95,,,,,,,,,3.95,,1.95,0.45,,,0.4,,1.95,1.95,,,,1.45,1.95,0.45,,,,1.95,0.95,,,,,,0.45,,0.4,0.45,,,,,1.95,0.95,,,,,0.45,0.95,0.4,,,,0.4,1.95,1.95,,1.95,,,,,,0.4,,,,,3.95,3.95,1.95,1.95,2.95,1.95,1.95,1.95,1.95,1.95,1.95,2.95,,,1.95,,,0.4,7.95,7.95,,3.95,1.95,,,,,,,0.4,1.95,,0.4,3.95,,,7.95,,0.4,,0.4,0.45,0.4,0.45,0.45,0.95,1.95,1.95,1.95,0.45,0.45,,,,,,,,,,1.95,1.95,1.95,1.95,1.95,1.95,,,,1.95,1.95,0.95,,,3.95,3.95,,0.45,0.45,0.45,1.95,1.95,1.95,1.95,1.95,1.95,,,1.95,,,,,0.45,,,,1.95,,,,1.95,0.4,0.4,1.95,,,,0.95,1.95,,0.45,0.45,1.95
118,10221720,,3.95,,,,,0.95,0.45,,,,3.95,7.95,,3.95,7.95,7.95,,,,,,,,,3.95,,1.95,0.45,,,0.4,,1.95,1.95,,,,1.45,1.95,0.45,,,,1.95,0.95,,,,,,0.45,,0.4,0.45,,,,,1.95,0.95,,,,,0.45,0.95,0.4,,,,0.4,1.95,1.95,,1.95,,,,,,0.4,,,,,3.95,3.95,1.95,1.95,2.95,1.95,1.95,1.95,1.95,1.95,1.95,2.95,,,1.95,,,0.4,7.95,7.95,,3.95,1.95,,,,,,,0.4,1.95,,0.4,3.95,,,7.95,,0.4,,0.4,0.45,0.4,0.45,0.45,0.95,1.95,1.95,1.95,0.45,0.45,,,,,,,,,,1.95,1.95,1.95,1.95,1.95,1.95,,,,1.95,1.95,0.95,,,3.95,3.95,,0.45,0.45,0.45,1.95,1.95,1.95,1.95,1.95,1.95,,,1.95,,,,,0.45,,,,1.95,,,,1.95,0.4,0.4,1.95,,,,0.95,1.95,,0.45,0.45,1.95
118,10221780,,3.95,,,,,0.95,0.45,,,,3.95,7.95,,3.95,7.95,7.95,,,,,,,,,3.95,,1.95,0.45,,,0.4,,1.95,1.95,,,,1.45,1.95,0.45,,,,1.95,0.95,,,,,,0.45,,0.4,0.45,,,,,1.95,0.95,,,,,0.45,0.95,0.4,,,,0.4,1.95,1.95,,1.95,,,,,,0.4,,,,,3.95,3.95,1.95,1.95,2.95,1.95,1.95,1.95,1.95,1.95,1.95,2.95,,,1.95,,,0.4,7.95,7.95,,3.95,1.95,,,,,,,0.4,1.95,,0.4,3.95,,,7.95,,0.4,,0.4,0.45,0.4,0.45,0.45,0.95,1.95,1.95,1.95,0.45,0.45,,,,,,,,,,1.95,1.95,1.95,1.95,1.95,1.95,,,,1.95,1.95,0.95,,,3.95,3.95,,0.45,0.45,0.45,1.95,1.95,1.95,1.95,1.95,1.95,,,1.95,,,,,0.45,,,,1.95,,,,1.95,0.4,0.4,1.95,,,,0.95,1.95,,0.45,0.45,1.95
118,10221840,,3.95,,,,,0.95,0.45,,,,3.95,7.95,,3.95,7.95,7.95,,,,,,,,,3.95,,1.95,0.45,,,0.4,,1.95,1.95,,,,1.45,1.95,0.45,,,,1.95,0.95,,,,,,0.45,,0.4,0.45,,,,,1.95,0.95,,,,,0.45,0.95,0.4,,,,0.4,1.95,1.95,,1.95,,,,,,0.4,,,,,3.95,3.95,1.95,1.95,2.95,1.95,1.95,1.95,1.95,1.95,1.95,2.95,,,1.95,,,0.4,7.95,7.95,,3.95,1.95,,,,,,,0.4,1.95,,0.4,3.95,,,7.95,,0.4,,0.4,0.45,0.4,0.45,0.45,0.95,1.95,1.95,1.95,0.45,0.45,,,,,,,,,,1.95,1.95,1.95,1.95,1.95,1.95,,,,1.95,1.95,0.95,,,3.95,3.95,,0.45,0.45,0.45,1.95,1.95,1.95,1.95,1.95,1.95,,,1.95,,,,,0.45,,,,1.95,,,,1.95,0.4,0.4,1.95,,,,0.95,1.95,,0.45,0.45,1.95
118,10221900,,3.95,,,,,0.95,0.45,,,,3.95,7.95,,3.95,7.95,7.95,,,,,,,,,3.95,,1.95,0.45,,,0.4,,1.95,1.95,,,,1.45,1.95,0.45,,,,1.95,0.95,,,,,,0.45,,0.4,0.45,,,,,1.95,0.95,,,,,0.45,0.95,0.4,,,,0.4,1.95,1.95,,1.95,,,,,,0.4,,,,,3.95,3.95,1.95,1.95,2.95,1.95,1.95,1.95,1.95,1.95,1.95,2.95,,,1.95,,,0.4,7.95,7.95,,3.95,1.95,,,,,,,0.4,1.95,,0.4,3.95,,,7.95,,0.4,,0.4,0.45,0.4,0.45,0.45,0.95,1.95,1.95,1.95,0.45,0.45,,,,,,,,,,1.95,1.95,1.95,1.95,1.95,1.95,,,,1.95,1.95,0.95,,,3.95,3.95,,0.45,0.45,0.45,1.95,1.95,1.95,1.95,1.95,1.95,,,1.95,,,,,0.45,,,,1.95,,,,1.95,0.4,0.4,1.95,,,,0.95,1.95,,0.45,0.45,1.95
118,10221960,,3.95,,,,,0.95,0.45,,,,3.95,7.95,,3.95,7.95,7.95,,,,,,,,,3.95,,1.95,0.45,,,0.4,,1.95,1.95,,,,1.521,1.95,0.45,,,,1.95,0.95,,,,,,0.45,,0.4,0.45,,,,,1.95,0.95,,,,,0.45,0.95,0.4,,,,0.4,1.95,1.95,,1.95,,,,,,0.4,,,,,3.95,3.95,1.95,1.95,2.95,1.95,1.95,1.95,1.95,1.95,1.95,2.95,,,1.95,,,0.4,7.95,7.95,,3.95,1.95,,,,,,,0.4,1.95,,0.4,3.95,,,7.95,,0.4,,0.4,0.45,0.4,0.45,0.45,0.95,1.95,1.95,1.95,0.45,0.45,,,,,,,,,,1.95,1.95,1.95,1.95,1.95,1.95,,,,1.95,1.95,0.95,,,3.95,3.95,,0.45,0.45,0.45,1.95,1.95,1.95,1.95,1.95,1.95,,,1.95,,,,,0.45,,,,1.95,,,,1.95,0.4,0.4,1.95,,,,0.95,1.95,,0.45,0.45,1.95
118,10222020,,3.95,,,,,0.95,0.45,,,,3.95,7.95,,3.95,7.95,7.95,,,,,,,,,3.95,,1.95,0.45,,,0.4,,1.95,1.95,,,,1.45,1.95,0.45,,,,1.95,0.95,,,,,,0.45,,0.4,0.45,,,,,1.95,0.95,,,,,0.45,0.95,0.4,,,,0.4,1.95,1.95,,1.95,,,,,,0.4,,,,,3.95,3.95,1.95,1.95,2.95,1.95,1.95,1.95,1.95,1.95,1.95,2.95,,,1.95,,,0.4,7.95,7.95,,3.95,1.95,,,,,,,0.4,1.95,,0.4,3.95,,,7.95,,0.4,,0.4,0.45,0.4,0.45,0.45,0.95,1.95,1.95,1.95,0.45,0.45,,,,,,,,,,1.95,1.95,1.95,1.95,1.95,1.95,,,,1.95,1.95,0.95,,,3.95,3.95,,0.45,0.45,0.45,1.95,1.95,1.95,1.95,1.95,1.95,,,1.95,,,,,0.45,,,,1.95,,,,1.95,0.4,0.4,1.95,,,,0.95,1.95,,0.45,0.45,1.95
118,10222080,,3.95,,,,,0.95,0.45,,,,3.95,5.95,,3.95,7.95,7.95,,,,,,,,,3.95,,1.95,0.45,,,0.4,,1.95,1.95,,,,1.45,1.95,0.45,,,,1.95,0.95,,,,,,0.45,,0.4,0.45,,,,,1.95,0.95,,,,,0.45,0.95,0.4,,,,0.4,1.95,1.95,,1.95,,,,,,0.4,,,,,3.95,3.95,1.95,1.95,2.95,1.95,1.95,1.95,1.95,1.95,1.95,2.95,,,1.95,,,0.4,7.95,7.95,,3.95,1.95,,,,,,,0.4,1.95,,0.4,3.95,,,7.95,,0.4,,0.4,0.45,0.4,0.45,0.45,0.95,1.95,1.95,1.95,0.45,0.45,,,,,,,,,,1.95,1.95,1.95,1.95,1.95,1.95,,,,1.95,1.95,0.95,,,3.95,3.95,,0.45,0.45,0.45,1.95,1.95,1.95,1.95,1.95,1.95,,,1.95,,,,,0.45,,,,1.95,,,,1.95,0.4,0.4,1.95,,,,0.95,1.95,,0.45,0.45,1.95
118,10222140,,3.95,,,,,0.95,0.45,,,,3.95,5.093,,3.95,7.95,7.95,,,,,,,,,3.95,,1.95,0.45,,,0.4,,1.95,1.95,,,,1.45,1.95,0.45,,,,1.95,0.95,,,,,,0.45,,0.4,0.45,,,,,1.95,0.95,,,,,0.45,0.95,0.4,,,,0.4,1.95,1.95,,1.95,,,,,,0.4,,,,,3.95,3.95,1.95,1.95,2.95,1.95,1.95,1.95,1.95,1.95,1.95,2.95,,,1.95,,,0.4,7.95,7.95,,3.95,1.95,,,,,,,0.4,1.95,,0.4,3.95,,,7.95,,0.4,,0.4,0.45,0.4,0.45,0.45,0.95,1.95,1.95,1.95,0.45,0.45,,,,,,,,,,1.95,1.95,1.95,1.95,1.95,1.95,,,,1.95,1.95,0.95,,,3.95,3.95,,0.45,0.45,0.45,1.95,1.95,1.95,1.95,1.95,1.95,,,1.95,,,,,0.45,,,,1.95,,,,1.95,0.4,0.4,1.95,,,,0.95,1.95,,0.45,0.45,1.95
118,10222200,,3.95,,,,,0.95,0.45,,,,3.95,4.839,,3.95,7.95,7.95,,,,,,,,,3.95,,1.95,0.45,,,0.4,,1.95,1.95,,,,1.45,1.95,0.45,,,,1.95,0.95,,,,,,0.45,,0.4,0.45,,,,,1.95,0.95,,,,,0.45,0.95,0.4,,,,0.4,1.95,1.95,,1.95,,,,,,0.4,,,,,3.95,3.95,1.95,1.95,2.95,1.95,1.95,1.95,1.95,1.95,1.95,2.95,,,1.95,,,0.4,7.95,7.95,,3.95,1.95,,,,,,,0.4,1.95,,0.4,3.95,,,7.95,,0.4,,0.4,0.45,0.4,0.45,0.45,0.95,1.95,1.95,1.95,0.45,0.45,,,,,,,,,,1.95,1.95,1.95,1.95,1.95,1.95,,,,1.95,1.95,0.95,,,3.95,3.95,,0.45,0.45,0.45,1.95,1.95,1.95,1.95,1.95,1.95,,,1.95,,,,,0.45,,,,1.95,,,,1.95,0.4,0.4,1.95,,,,0.95,1.95,,0.45,0.45,1.95
118,10222260,,3.95,,,,,0.95,0.45,,,,3.95,4.839,,3.95,7.95,7.95,,,,,,,,,3.95,,1.95,0.45,,,0.4,,1.95,1.95,,,,1.45,1.95,0.45,,,,1.95,0.95,,,,,,0.45,,0.4,0.45,,,,,1.95,0.95,,,,,0.45,0.95,0.4,,,,0.4,1.95,1.95,,1.95,,,,,,0.4,,,,,3.95,3.95,1.95,1.95,2.95,1.95,1.95,1.95,1.95,1.95,1.95,2.95,,,1.95,,,0.4,7.95,7.95,,3.95,1.95,,,,,,,0.4,1.95,,0.4,3.95,,,7.95,,0.4,,0.4,0.45,0.4,0.45,0.45,0.95,1.95,1.95,1.95,0.45,0.45,,,,,,,,,,1.95,1.95,1.95,1.95,1.95,1.95,,,,1.95,1.95,0.95,,,3.95,3.95,,0.45,0.45,0.45,1.95,1.95,1.95,1.95,1.95,1.95,,,1.95,,,,,0.45,,,,1.95,,,,1.95,0.4,0.4,1.95,,,,0.95,1.95,,0.45,0.45,1.95
118,10222320,,3.95,,,,,0.95,0.45,,,,3.95,4.839,,3.95,7.95,7.95,,,,,,,,,3.95,,1.95,0.45,,,0.4,,1.95,1.95,,,,1.45,1.95,0.45,,,,1.95,0.95,,,,,,0.45,,0.4,0.45,,,,,1.95,0.95,,,,,0.45,0.95,0.4,,,,0.4,1.95,1.95,,1.95,,,,,,0.4,,,,,3.95,3.95,1.95,1.95,2.95,1.95,1.95,1.95,1.95,1.95,1.95,2.95,,,1.95,,,0.4,7.95,7.95,,3.95,1.95,,,,,,,0.4,1.95,,0.4,3.95,,,7.95,,0.4,,0.4,0.45,0.4,0.45,0.45,0.95,1.95,1.95,1.95,0.45,0.45,,,,,,,,,,1.95,1.95,1.95,1.95,1.95,1.95,,,,1.95,1.95,0.95,,,3.95,3.95,,0.45,0.45,0.45,1.95,1.95,1.95,1.95,1.95,1.95,,,1.95,,,,,0.45,,,,1.95,,,,1.95,0.4,0.4,1.95,,,,0.95,1.95,,0.45,0.45,1.95
118,10222380,,3.95,,,,,0.95,0.45,,,,3.95,4.839,,3.95,7.95,7.95,,,,,,,,,3.95,,1.95,0.45,,,0.4,,1.95,1.95,,,,1.45,1.95,0.45,,,,1.95,0.95,,,,,,0.45,,0.4,0.45,,,,,1.95,0.95,,,,,0.45,0.95,0.4,,,,0.4,1.95,1.95,,1.95,,,,,,0.4,,,,,3.95,3.95,1.95,1.95,2.95,1.95,1.95,1.95,1.95,1.95,1.95,2.95,,,1.95,,,0.4,7.95,7.95,,3.95,1.95,,,,,,,0.4,1.95,,0.4,3.95,,,7.95,,0.4,,0.4,0.45,0.4,0.45,0.45,0.95,1.95,1.95,1.95,0.45,0.45,,,,,,,,,,1.95,1.95,1.95,1.95,1.95,1.95,,,,1.95,1.95,0.95,,,3.95,3.95,,0.45,0.45,0.45,1.95,1.95,1.95,1.95,1.95,1.95,,,1.95,,,,,0.45,,,,1.95,,,,1.95,0.4,0.4,1.95,,,,0.95,1.95,,0.45,0.45,1.95
118,10222440,,3.95,,,,,0.95,0.45,,,,3.95,4.839,,3.95,7.95,7.95,,,,,,,,,3.95,,1.95,0.45,,,0.4,,1.95,1.95,,,,1.45,1.95,0.45,,,,1.95,0.95,,,,,,0.45,,0.4,0.45,,,,,1.95,0.95,,,,,0.45,0.95,0.4,,,,0.4,1.95,1.95,,1.95,,,,,,0.4,,,,,3.95,3.95,1.95,1.95,2.95,1.95,1.95,1.95,1.95,1.95,1.95,2.95,,,1.95,,,0.4,7.95,7.95,,3.95,1.95,,,,,,,0.4,1.95,,0.4,3.95,,,7.95,,0.4,,0.4,0.45,0.4,0.45,0.45,0.95,1.95,1.95,1.95,0.45,0.45,,,,,,,,,,1.95,1.95,1.95,1.95,1.95,1.95,,,,1.95,1.95,0.95,,,3.95,3.95,,0.45,0.45,0.45,1.95,1.95,1.95,1.95,1.95,1.95,,,1.95,,,,,0.45,,,,1.95,,,,1.95,0.4,0.4,1.95,,,,0.95,1.95,,0.45,0.45,1.95
118,10222500,,3.95,,,,,0.95,0.45,,,,3.95,4.45,,3.95,7.95,7.95,,,,,,,,,3.95,,1.95,0.45,,,0.4,,1.95,1.95,,,,1.45,1.95,0.45,,,,1.95,0.95,,,,,,0.45,,0.4,0.45,,,,,1.95,0.95,,,,,0.45,0.95,0.4,,,,0.4,1.95,1.95,,1.95,,,,,,0.4,,,,,3.95,3.95,1.95,1.95,2.95,1.95,1.95,1.95,1.95,1.95,1.95,2.95,,,1.95,,,0.4,7.95,7.95,,3.95,1.95,,,,,,,0.4,1.95,,0.4,3.95,,,7.95,,0.4,,0.4,0.45,0.4,0.45,0.45,0.95,1.95,1.95,1.95,0.45,0.45,,,,,,,,,,1.95,1.95,1.95,1.95,1.95,1.95,,,,1.95,1.95,0.95,,,3.95,3.95,,0.45,0.45,0.45,1.95,1.95,1.95,1.95,1.95,1.95,,,1.95,,,,,0.45,,,,1.95,,,,1.95,0.4,0.4,1.95,,,,0.95,1.95,,0.45,0.45,1.95
118,10222560,,3.95,,,,,0.95,0.45,,,,3.95,4.45,,3.95,7.95,7.95,,,,,,,,,3.95,,1.95,0.45,,,0.4,,1.95,1.95,,,,1.45,1.95,0.45,,,,1.95,0.95,,,,,,0.45,,0.4,0.45,,,,,1.95,0.95,,,,,0.45,0.95,0.4,,,,0.4,1.95,1.95,,1.95,,,,,,0.4,,,,,3.95,3.95,1.95,1.95,2.95,1.95,1.95,1.95,1.95,1.95,1.95,2.95,,,1.95,,,0.4,7.95,7.95,,3.95,1.95,,,,,,,0.4,1.95,,0.4,3.95,,,7.95,,0.4,,0.4,0.45,0.4,0.45,0.45,0.95,1.95,1.95,1.95,0.45,0.45,,,,,,,,,,1.95,1.95,1.95,1.95,1.95,1.95,,,,1.95,1.95,0.95,,,3.95,3.95,,0.45,0.45,0.45,1.95,1.95,1.95,1.95,1.95,1.95,,,1.95,,,,,0.45,,,,1.95,,,,1.95,0.4,0.4,1.95,,,,0.95,1.95,,0.45,0.45,1.95
118,10222620,,3.95,,,,,0.95,0.45,,,,3.95,4.45,,3.95,7.95,7.95,,,,,,,,,3.95,,1.95,0.45,,,0.4,,1.95,1.95,,,,1.45,1.95,0.45,,,,1.95,0.95,,,,,,0.45,,0.4,0.45,,,,,1.95,0.95,,,,,0.45,0.95,0.4,,,,0.4,1.95,1.95,,1.95,,,,,,0.4,,,,,3.95,3.95,1.95,1.95,2.95,1.95,1.95,1.95,1.95,1.95,1.95,2.95,,,1.95,,,0.4,7.95,7.95,,3.95,1.95,,,,,,,0.4,1.95,,0.4,3.95,,,7.95,,0.4,,0.4,0.45,0.4,0.45,0.45,0.95,1.95,1.95,1.95,0.45,0.45,,,,,,,,,,1.95,1.95,1.95,1.95,1.95,1.95,,,,1.95,1.95,0.95,,,3.95,3.95,,0.45,0.45,0.45,1.95,1.95,1.95,1.95,1.95,1.95,,,1.95,,,,,0.45,,,,1.95,,,,1.95,0.4,0.4,1.95,,,,0.95,1.95,,0.45,0.45,1.95
118,10222680,,3.95,,,,,0.95,0.45,,,,3.95,4.521,,3.95,7.95,7.95,,,,,,,,,3.95,,1.95,0.45,,,0.4,,1.95,1.95,,,,1.45,1.95,0.45,,,,1.95,0.95,,,,,,0.45,,0.4,0.45,,,,,1.95,0.95,,,,,0.45,0.95,0.4,,,,0.4,1.95,1.95,,1.95,,,,,,0.4,,,,,3.95,3.95,1.95,1.95,2.95,1.95,1.95,1.95,1.95,1.95,1.95,2.95,,,1.95,,,0.4,7.95,7.95,,3.95,1.95,,,,,,,0.4,1.95,,0.4,3.95,,,7.95,,0.4,,0.4,0.45,0.4,0.45,0.45,0.95,1.95,1.95,1.95,0.45,0.45,,,,,,,,,,1.95,1.95,1.95,1.95,1.95,1.95,,,,1.95,1.95,0.95,,,3.95,3.95,,0.45,0.45,0.45,1.95,1.95,1.95,1.95,1.95,1.95,,,1.95,,,,,0.45,,,,1.95,,,,1.95,0.4,0.4,1.95,,,,0.95,1.95,,0.45,0.45,1.95
118,10222740,,3.95,,,,,0.95,0.45,,,,3.95,4.521,,3.95,7.95,7.95,,,,,,,,,3.95,,1.95,0.45,,,0.4,,1.95,1.95,,,,1.45,1.95,0.45,,,,1.95,0.95,,,,,,0.45,,0.4,0.45,,,,,1.95,0.95,,,,,0.45,0.95,0.4,,,,0.4,1.95,1.95,,1.95,,,,,,0.4,,,,,3.95,3.95,1.95,1.95,2.95,1.95,1.95,1.95,1.95,1.95,1.95,2.95,,,1.95,,,0.4,7.95,7.95,,3.95,1.95,,,,,,,0.4,1.95,,0.4,3.95,,,7.95,,0.4,,0.4,0.45,0.4,0.45,0.45,0.95,1.95,1.95,1.95,0.45,0.45,,,,,,,,,,1.95,1.95,1.95,1.95,1.95,1.95,,,,1.95,1.95,0.95,,,3.95,3.95,,0.45,0.45,0.45,1.95,1.95,1.95,1.95,1.95,1.95,,,1.95,,,,,0.45,,,,1.95,,,,1.95,0.4,0.4,1.95,,,,0.95,1.95,,0.45,0.45,1.95
118,10222800,,3.95,,,,,0.95,0.45,,,,3.95,4.521,,3.95,7.95,7.95,,,,,,,,,3.95,,1.95,0.45,,,0.4,,1.95,1.95,,,,1.45,1.95,0.45,,,,1.95,0.95,,,,,,0.45,,0.4,0.45,,,,,1.95,0.95,,,,,0.45,0.95,0.4,,,,0.4,1.95,1.95,,1.95,,,,,,0.4,,,,,3.95,3.95,1.95,1.95,2.95,1.95,1.95,1.95,1.95,1.95,1.95,2.95,,,1.95,,,0.4,7.95,7.95,,3.95,1.95,,,,,,,0.4,1.95,,0.4,3.95,,,7.95,,0.4,,0.4,0.45,0.4,0.45,0.45,0.95,1.95,1.95,1.95,0.45,0.45,,,,,,,,,,1.95,1.95,1.95,1.95,1.95,1.95,,,,1.95,1.95,0.95,,,3.95,3.95,,0.45,0.45,0.45,1.95,1.95,1.95,1.95,1.95,1.95,,,1.95,,,,,0.45,,,,1.95,,,,1.95,0.4,0.4,1.95,,,,0.95,1.95,,0.45,0.45,1.95
118,10222860,,3.95,,,,,0.95,0.45,,,,3.95,4.521,,3.95,7.95,7.95,,,,,,,,,3.95,,1.95,0.45,,,0.4,,1.95,1.95,,,,1.45,1.95,0.45,,,,1.95,0.95,,,,,,0.45,,0.4,0.45,,,,,1.95,0.95,,,,,0.45,0.95,0.4,,,,0.4,1.95,1.95,,1.95,,,,,,0.4,,,,,3.95,3.95,1.95,1.95,2.95,1.95,1.95,1.95,1.95,1.95,1.95,2.95,,,1.95,,,0.4,7.95,7.95,,3.95,1.95,,,,,,,0.4,1.95,,0.4,3.95,,,7.95,,0.4,,0.4,0.45,0.4,0.45,0.45,0.95,1.95,1.95,1.95,0.45,0.45,,,,,,,,,,1.95,1.95,1.95,1.95,1.95,1.95,,,,1.95,1.95,0.95,,,3.95,3.95,,0.45,0.45,0.45,1.95,1.95,1.95,1.95,1.95,1.95,,,1.95,,,,,0.45,,,,1.95,,,,1.95,0.4,0.4,1.95,,,,0.95,1.95,,0.45,0.45,1.95
118,10222920,,3.95,,,,,0.95,0.45,,,,3.95,4.521,,3.95,7.95,7.95,,,,,,,,,3.95,,1.95,0.45,,,0.4,,1.95,1.95,,,,1.45,1.95,0.45,,,,1.95,0.95,,,,,,0.45,,0.4,0.45,,,,,1.95,0.95,,,,,0.45,0.95,0.4,,,,0.4,1.95,1.95,,1.95,,,,,,0.4,,,,,3.95,3.95,1.95,1.95,2.95,1.95,1.95,1.95,1.95,1.95,1.95,2.95,,,1.95,,,0.4,7.95,7.95,,3.95,1.95,,,,,,,0.4,1.95,,0.4,3.95,,,7.95,,0.4,,0.4,0.45,0.4,0.45,0.45,0.95,1.95,1.95,1.95,0.45,0.45,,,,,,,,,,1.95,1.95,1.95,1.95,1.95,1.95,,,,1.95,1.95,0.95,,,3.95,3.95,,0.45,0.45,0.45,1.95,1.95,1.95,1.95,1.95,1.95,,,1.95,,,,,0.45,,,,1.95,,,,1.95,0.4,0.4,1.95,,,,0.95,1.95,,0.45,0.45,1.95
118,10222980,,3.95,,,,,0.95,0.45,,,,3.95,4.521,,3.95,7.95,7.95,,,,,,,,,3.95,,1.95,0.45,,,0.4,,1.95,1.95,,,,1.45,1.95,0.45,,,,1.95,0.95,,,,,,0.45,,0.4,0.45,,,,,1.95,0.95,,,,,0.45,0.95,0.4,,,,0.4,1.95,1.95,,1.95,,,,,,0.4,,,,,3.95,3.95,1.95,1.95,2.95,1.95,1.95,1.95,1.95,1.95,1.95,2.95,,,1.95,,,0.4,7.95,7.95,,3.95,1.95,,,,,,,0.4,1.95,,0.4,3.95,,,7.95,,0.4,,0.4,0.45,0.4,0.45,0.45,0.95,1.95,1.95,1.95,0.45,0.45,,,,,,,,,,1.95,1.95,1.95,1.95,1.95,1.95,,,,1.95,1.95,0.95,,,3.95,3.95,,0.45,0.45,0.45,1.95,1.95,1.95,1.95,1.95,1.95,,,1.95,,,,,0.45,,,,1.95,,,,1.95,0.4,0.4,1.95,,,,0.95,1.95,,0.45,0.45,1.95
118,10223040,,3.95,,,,,0.95,0.45,,,,3.95,4.617,,3.95,7.95,7.95,,,,,,,,,3.95,,1.95,0.45,,,0.4,,1.95,1.95,,,,1.45,1.95,0.45,,,,1.95,0.95,,,,,,0.45,,0.4,0.45,,,,,1.95,0.95,,,,,0.45,0.95,0.4,,,,0.4,1.95,1.95,,1.95,,,,,,0.4,,,,,3.95,3.95,1.95,1.95,2.95,1.95,1.95,1.95,1.95,1.95,1.95,2.95,,,1.95,,,0.4,7.95,7.95,,3.95,1.95,,,,,,,0.4,1.95,,0.4,3.95,,,7.95,,0.4,0.4,0.4,0.45,0.4,0.45,0.45,0.95,1.95,1.95,1.95,0.45,0.45,,,,,,,,,,1.95,1.95,1.95,1.95,1.95,1.95,,,,1.95,1.95,0.95,,,3.95,3.95,,0.45,0.45,0.45,1.95,1.95,1.95,1.95,1.95,1.95,,,1.95,,,,,0.45,,,,1.95,,,,1.95,0.4,0.4,1.95,,,,0.95,1.95,,0.45,0.45,1.95
118,10223100,,3.95,,,,,0.95,0.45,,,,3.95,4.95,,3.95,7.95,7.95,,,,,,,,,3.95,,1.95,0.45,,,0.4,,1.95,1.95,,,,1.45,1.95,0.45,,,,1.95,0.95,,,,,,0.45,,0.4,0.45,,,,,1.95,0.95,,,,,0.45,0.95,0.4,,,,0.4,1.95,1.95,,1.95,,,,,,0.4,,,,,3.95,3.95,1.95,1.95,2.95,1.95,1.95,1.95,1.95,1.95,1.95,2.95,,,1.95,,,0.4,7.95,7.95,,3.95,1.95,,,,,,,0.4,1.95,,0.4,3.95,,,7.95,,0.4,0.4,0.4,0.45,0.4,0.45,0.45,0.95,1.95,1.95,1.95,0.45,0.45,,,,,,,,,,1.95,1.95,1.95,1.95,1.95,1.95,,,,1.95,1.95,0.95,,,3.95,3.95,,0.45,0.45,0.45,1.95,1.95,1.95,1.95,1.95,1.95,,,1.95,,,,,0.45,,,,1.95,,,,1.95,0.4,0.4,1.95,,,,0.95,1.95,,0.45,0.45,1.95
118,10223160,,3.95,,,,,0.95,0.45,,,,3.95,4.95,,3.95,7.95,7.95,,,,,,,,,3.95,,1.95,0.45,,,0.4,,1.95,1.95,,,,1.45,1.95,0.45,,,,1.95,0.95,,,,,,0.45,,0.4,0.45,,,,,1.95,0.95,,,,,0.45,0.95,0.4,,,,0.4,1.95,1.95,,1.95,,,,,,0.4,,,,,3.95,3.95,1.95,1.95,2.95,1.95,1.95,1.95,1.95,1.95,1.95,2.95,,,1.95,,,0.4,7.95,7.95,,3.95,1.95,,,,,,,0.4,1.95,,0.4,3.95,,,7.95,,0.4,0.4,0.4,0.45,0.4,0.45,0.45,0.95,1.95,1.95,1.95,0.45,0.45,,,,,,,,,,1.95,1.95,1.95,1.95,1.95,1.95,,,,1.95,1.95,0.95,,,3.95,3.95,,0.45,0.45,0.45,1.95,1.95,1.95,1.95,1.95,1.95,,,1.95,,,,,0.45,,,,1.95,,,,1.95,0.4,0.4,1.95,,,,0.95,1.95,,0.45,0.45,1.95
118,10223220,,3.95,,,,,0.95,0.45,,,,3.95,5.283,,3.95,7.95,7.95,,,,,,,,,3.95,,1.95,0.45,,,0.4,,1.95,1.95,,,,1.379,1.95,0.45,,,,1.95,0.95,,,,,,0.45,,0.4,0.45,,,,,1.95,0.95,,,,,0.45,0.95,0.4,,,,0.4,1.95,1.95,,1.95,,,,,,0.4,,,,,3.95,3.95,1.95,1.95,2.95,1.95,1.95,1.95,1.95,1.95,1.95,2.95,,,1.95,,,0.4,7.95,7.95,,3.95,1.95,,,,,,,0.4,1.95,,0.4,3.95,,,7.95,,0.4,0.4,0.4,0.45,0.4,0.45,0.45,0.95,1.95,1.95,1.95,0.45,0.45,,,,,,,,,,1.95,1.95,1.95,1.95,1.95,1.95,,,,1.95,1.95,0.95,,,3.95,3.95,,0.45,0.45,0.45,1.95,1.95,1.95,1.95,1.95,1.95,,,1.95,,,,,0.45,,,,1.95,,,,1.95,0.4,0.4,1.95,,,,0.95,1.95,,0.45,0.45,1.95
118,10223280,,3.95,,,,,0.95,0.45,,,,3.95,5.283,,3.95,7.95,7.95,,,,,,,,,3.95,,1.95,0.45,,,0.4,,1.95,1.95,,,,1.45,1.95,0.45,,,,1.95,0.95,,,,,,0.45,,0.4,0.45,,,,,1.95,0.95,,,,,0.45,0.95,0.4,,,,0.4,1.95,1.95,,1.95,,,,,,0.4,,,,,3.95,3.95,1.95,1.95,2.95,1.95,1.95,1.95,1.95,1.95,1.95,2.95,,,1.95,,,0.4,7.95,7.95,,3.95,1.95,,,,,,,0.4,1.95,,0.4,3.95,,,7.95,,0.4,0.4,0.4,0.45,0.4,0.45,0.45,0.95,1.95,1.95,1.95,0.45,0.45,,,,,,,,,,1.95,1.95,1.95,1.95,1.95,1.95,,,,1.95,1.95,0.95,,,3.95,3.95,,0.45,0.45,0.45,1.95,1.95,1.95,1.95,1.95,1.95,,,1.95,,,,,0.45,,,,1.95,,,,1.95,0.4,0.4,1.95,,,,0.95,1.95,,0.45,0.45,1.95
118,10223340,,3.95,,,,,0.95,0.45,,,,3.95,5.283,,3.95,7.95,7.95,,,,,,,,,3.95,,1.95,0.45,,,0.4,,1.95,1.95,,,,1.45,1.95,0.45,,,,1.95,0.95,,,,,,0.45,,0.4,0.45,,,,,1.95,0.95,,,,,0.45,0.95,0.4,,,,0.4,1.95,1.95,,1.95,,,,,,0.4,,,,,3.95,3.95,1.95,1.95,2.95,1.95,1.95,1.95,1.95,1.95,1.95,2.95,,,1.95,,,0.4,7.95,7.95,,3.95,1.95,,,,,,,0.4,1.95,,0.4,3.95,,,7.95,,0.4,0.4,0.4,0.45,0.4,0.45,0.45,0.95,1.95,1.95,1.95,0.45,0.45,,,,,,,,,,1.95,1.95,1.95,1.95,1.95,1.95,,,,1.95,1.95,0.95,,,3.95,3.95,,0.45,0.45,0.45,1.95,1.95,1.95,1.95,1.95,1.95,,,1.95,,,,,0.45,,,,1.95,,,,1.95,0.4,0.4,1.95,,,,0.95,1.95,,0.45,0.45,1.95
118,10223400,,3.95,,,,,0.95,0.45,,,,3.95,5.283,,3.95,7.95,7.95,,,,,,,,,3.95,,1.95,0.45,,,0.4,,1.95,1.95,,,,1.45,1.95,0.45,,,,1.95,0.95,,,,,,0.45,,0.4,0.45,,,,,1.95,0.95,,,,,0.45,0.95,0.4,,,,0.4,1.95,1.95,,1.95,,,,,,0.4,,,,,3.95,3.95,1.95,1.95,2.95,1.95,1.95,1.95,1.95,1.95,1.95,2.95,,,1.95,,,0.4,7.95,7.95,,3.95,1.95,,,,,,,0.4,1.95,,0.4,3.95,,,7.95,,0.4,0.4,0.4,0.45,0.4,0.45,0.45,0.95,1.95,1.95,1.95,0.45,0.45,,,,,,,,,,1.95,1.95,1.95,1.95,1.95,1.95,,,,1.95,1.95,0.95,,,3.95,3.95,,0.45,0.45,0.45,1.95,1.95,1.95,1.95,1.95,1.95,,,1.95,,,,,0.45,,,,1.95,,,,1.95,0.4,0.4,1.95,,,,0.95,1.95,,0.45,0.45,1.95
118,10223460,,3.95,,,,,0.95,0.45,,,,3.95,5.283,,3.95,7.95,7.95,,,,,,,,,3.95,,1.95,0.45,,,0.4,,1.95,1.95,,,,1.45,1.95,0.45,,,,1.95,0.95,,,,,,0.45,,0.4,0.45,,,,,1.95,0.95,,,,,0.45,0.95,0.4,,,,0.4,1.95,1.95,,1.95,,,,,,0.4,,,,,3.95,3.95,1.95,1.95,2.95,1.95,1.95,1.95,1.95,1.95,1.95,2.95,,,1.95,,,0.4,7.95,7.95,,3.95,1.95,,,,,,,0.4,1.95,,0.4,3.95,,,7.95,,0.4,0.4,0.4,0.45,0.4,0.45,0.45,0.95,1.95,1.95,1.95,0.45,0.45,,,,,,,,,,1.95,1.95,1.95,1.95,1.95,1.95,,,,1.95,1.95,0.95,,,3.95,3.95,,0.45,0.45,0.45,1.95,1.95,1.95,1.95,1.95,1.95,,,1.95,,,,,0.45,,,,1.95,,,,1.95,0.4,0.4,1.95,,,,0.95,1.95,,0.45,0.45,1.95
118,10223520,,3.95,,,,,0.95,0.45,,,,3.95,5.283,,3.95,7.95,7.95,,,,,,,,,3.95,,1.95,0.45,,,0.4,,1.95,1.95,,,,1.45,1.95,0.45,,,,1.95,0.95,,,,,,0.45,,0.4,0.45,,,,,1.95,0.95,,,,,0.45,0.95,0.4,,,,0.4,1.95,1.95,,1.95,,,,,,0.4,,,,,3.95,3.95,1.95,1.95,2.95,1.95,1.95,1.95,1.95,1.95,1.95,2.95,,,1.95,,,0.4,7.95,7.95,,3.95,1.95,,,,,,,0.4,1.95,,0.4,3.95,,,7.95,,0.4,0.4,0.4,0.45,0.4,0.45,0.45,0.95,1.95,1.95,1.95,0.45,0.45,,,,,,,,,,1.95,1.95,1.95,1.95,1.95,1.95,,,,1.95,1.95,0.95,,,3.95,3.95,,0.45,0.45,0.45,1.95,1.95,1.95,1.95,1.95,1.95,,,1.95,,,,,0.45,,,,1.95,,,,1.95,0.4,0.4,1.95,,,,0.95,1.95,,0.45,0.45,1.95
118,10223580,,3.95,,,,,0.95,0.45,,,,3.95,5.283,,3.95,7.95,7.95,,,,,,,,,3.95,,1.95,0.45,,,0.4,,1.95,1.95,,,,1.45,1.95,0.45,,,,1.95,0.95,,,,,,0.45,,0.4,0.45,,,,,1.95,0.95,,,,,0.45,0.95,0.4,,,,0.4,1.95,1.95,,1.95,,,,,,0.4,,,,,3.95,3.95,1.95,1.95,2.95,1.95,1.95,1.95,1.95,1.95,1.95,2.95,,,1.95,,,0.4,7.95,7.95,,3.95,1.95,,,,,,,0.4,1.95,,0.4,3.95,,,7.95,,0.4,0.4,0.4,0.45,0.4,0.45,0.45,0.95,1.95,1.95,1.95,0.45,0.45,,,,,,,,,,1.95,1.95,1.95,1.95,1.95,1.95,,,,1.95,1.95,0.95,,,3.95,3.95,,0.45,0.45,0.45,1.95,1.95,1.95,1.95,1.95,1.95,,,1.95,,,,,0.45,,,,1.95,,,,1.95,0.4,0.4,1.95,,,,0.95,1.95,,0.45,0.45,1.95
118,10223640,,3.95,,,,,0.95,0.45,,,,3.95,5.283,,3.95,7.95,7.95,,,,,,,,,3.95,,1.95,0.45,,,0.4,,1.95,1.95,,,,1.45,1.95,0.45,,,,1.95,0.95,,,,,,0.45,,0.4,0.45,,,,,1.95,0.95,,,,,0.45,0.95,0.4,,,,0.4,1.95,1.95,,1.95,,,,,,0.4,,,,,3.95,3.95,1.95,1.95,2.95,1.95,1.95,1.95,1.95,1.95,1.95,2.95,,,1.95,,,0.4,7.95,7.95,,3.95,1.95,,,,,,,0.4,1.95,,0.4,3.95,,,7.95,,0.4,0.4,0.4,0.45,0.4,0.45,0.45,0.95,1.95,1.95,1.95,0.45,0.45,,,,,,,,,,1.95,1.95,1.95,1.95,1.95,1.95,,,,1.95,1.95,0.95,,,3.95,3.95,,0.45,0.45,0.45,1.95,1.95,1.95,1.95,1.95,1.95,,,1.95,,,,,0.45,,,,1.95,,,,1.95,0.4,0.4,1.95,,,,0.95,1.95,,0.45,0.45,1.95
118,10223700,,3.95,,,,,0.95,0.45,,,,3.95,3.95,,3.95,7.95,7.95,,,,,,,,,3.95,,1.95,0.45,,,0.4,,1.95,1.95,,,,1.45,1.95,0.45,,,,1.95,0.95,,,,,,0.45,,0.4,0.45,,,,,1.95,0.95,,,,,0.45,0.95,0.4,,,,0.4,1.95,1.95,,1.95,,,,,,0.4,,,,,3.95,3.95,1.95,1.95,2.95,1.95,1.95,1.95,1.95,1.95,1.95,2.95,,,1.95,,,0.4,7.95,7.95,,3.95,1.95,,,,,,,0.4,1.95,,0.4,3.95,,,7.95,,0.4,0.4,0.4,0.45,0.4,0.45,0.45,0.95,1.95,1.95,1.95,0.45,0.45,,,,,,,,,,1.95,1.95,1.95,1.95,1.95,1.95,,,,1.95,1.95,0.95,,,3.95,3.95,,0.45,0.45,0.45,1.95,1.95,1.95,1.95,1.95,1.95,,,1.95,,,,,0.45,,,,1.95,,,,1.95,0.4,0.4,1.95,,,,0.95,1.95,,0.45,0.45,1.95
118,10223760,,3.95,,,,,0.95,0.45,,,,3.95,3.95,,3.95,7.95,7.95,,,,,,,,,3.95,,1.95,0.45,,,0.4,,1.95,1.95,,,,1.45,1.95,0.45,,,,1.95,0.95,,,,,,0.45,,0.4,0.45,,,,,1.95,0.95,,,,,0.45,0.95,0.4,,,,0.4,1.95,1.95,,1.95,,,,,,0.4,,,,,3.95,3.95,1.95,1.95,2.95,1.95,1.95,1.95,1.95,1.95,1.95,2.95,,,1.95,,,0.4,7.95,7.95,,3.95,1.95,,,,,,,0.4,1.95,,0.4,3.95,,,7.95,,0.4,0.4,0.4,0.45,0.4,0.45,0.45,0.95,1.95,1.95,1.95,0.45,0.45,,,,,,,,,,1.95,1.95,1.95,1.95,1.95,1.95,,,,1.95,1.95,0.95,,,3.95,3.95,,0.45,0.45,0.45,1.95,1.95,1.95,1.95,1.95,1.95,,,1.95,,,,,0.45,,,,1.95,,,,1.95,0.4,0.4,1.95,,,,0.95,1.95,,0.45,0.45,1.95
118,10223820,,3.95,,,,,0.95,0.45,,,,3.95,3.95,,3.95,7.95,7.95,,,,,,,,,3.95,,1.95,0.45,,,0.4,,1.95,1.95,,,,1.521,1.95,0.45,,,,1.95,0.95,,,,,,0.45,,0.4,0.45,,,,,1.95,0.95,,,,,0.45,0.95,0.4,,,,0.4,1.95,1.95,,1.95,,,,,,0.4,,,,,3.95,3.95,1.95,1.95,2.95,1.95,1.95,1.95,1.95,1.95,1.95,2.95,,,1.95,,,0.4,7.95,7.95,,3.95,1.95,,,,,,,0.4,1.95,,0.4,3.95,,,7.95,,0.4,0.4,0.4,0.45,0.4,0.45,0.45,0.95,1.95,1.95,1.95,0.45,0.45,,,,,,,,,,1.95,1.95,1.95,1.95,1.95,1.95,,,,1.95,1.95,0.95,,,3.95,3.95,,0.45,0.45,0.45,1.95,1.95,1.95,1.95,1.95,1.95,,,1.95,,,,,0.45,,,,1.95,,,,1.95,0.4,0.4,1.95,,,,0.95,1.95,,0.45,0.45,1.95
118,10223880,,3.95,,,,,0.95,0.45,,,,3.95,3.95,,3.95,7.95,7.95,,,,,,,,,3.95,,1.95,0.45,,,0.4,,1.95,1.95,,,,1.45,1.95,0.45,,,,1.95,0.95,,,,,,0.45,,0.4,0.45,,,,,1.95,0.95,,,,,0.45,0.95,0.4,,,,0.4,1.95,1.95,,1.95,,,,,,0.4,,,,,3.95,3.95,1.95,1.95,2.95,1.95,1.95,1.95,1.95,1.95,1.95,2.95,,,1.95,,,0.4,7.95,7.95,,3.95,1.95,,,,,,,0.4,1.95,,0.4,3.95,,,7.95,,0.4,0.4,0.4,0.45,0.4,0.45,0.45,0.95,1.95,1.95,1.95,0.45,0.45,,,,,,,,,,1.95,1.95,1.95,1.95,1.95,1.95,,,,1.95,1.95,0.95,,,3.95,3.95,,0.45,0.45,0.45,1.95,1.95,1.95,1.95,1.95,1.95,,,1.95,,,,,0.45,,,,1.95,,,,1.95,0.4,0.4,1.95,,,,0.95,1.95,,0.45,0.45,1.95
118,10223940,,3.95,,,,,0.95,0.45,,,,3.95,3.95,,3.95,7.95,7.95,,,,,,,,,3.95,,1.95,0.45,,,0.4,,1.95,1.95,,,,1.45,1.95,0.45,,,,1.95,0.95,,,,,,0.45,,0.4,0.45,,,,,1.95,0.95,,,,,0.45,0.95,0.4,,,,0.4,1.95,1.95,,1.95,,,,,,0.4,,,,,3.95,3.95,1.95,1.95,2.95,1.95,1.95,1.95,1.95,1.95,1.95,2.95,,,1.95,,,0.4,7.95,7.95,,3.95,1.95,,,,,,,0.4,1.95,,0.4,3.95,,,7.95,,0.4,0.4,0.4,0.45,0.4,0.45,0.45,0.95,1.95,1.95,1.95,0.45,0.45,,,,,,,,,,1.95,1.95,1.95,1.95,1.95,1.95,,,,1.95,1.95,0.95,,,3.95,3.95,,0.45,0.45,0.45,1.95,1.95,1.95,1.95,1.95,1.95,,,1.95,,,,,0.45,,,,1.95,,,,1.95,0.4,0.4,1.95,,,,0.95,1.95,,0.45,0.45,1.95
118,10224000,,3.95,,,,,0.95,0.45,,,,3.95,3.95,,3.95,7.95,7.95,,,,,,,,,3.95,,1.95,0.45,,,0.4,,1.95,1.95,,,,1.45,1.95,0.45,,,,1.95,0.95,,,,,,0.45,,0.4,0.45,,,,,1.95,0.95,,,,,0.45,0.95,0.4,,,,0.4,1.95,1.95,,1.95,,,,,,0.4,,,,,3.95,3.95,1.95,1.95,2.95,1.95,1.95,1.95,1.95,1.95,1.95,2.95,,,1.95,,,0.4,7.95,7.95,,3.95,1.95,,,,,,,0.4,1.95,,0.4,3.95,,,7.95,,0.4,0.4,0.4,0.45,0.4,0.45,0.45,0.95,1.95,1.95,1.95,0.45,0.45,,,,,,,,,,1.95,1.95,1.95,1.95,1.95,1.95,,,,1.95,1.95,0.95,,,3.95,3.95,,0.45,0.45,0.45,1.95,1.95,1.95,1.95,1.95,1.95,,,1.95,,,,,0.45,,,,1.95,,,,1.95,0.4,0.4,1.95,,,,0.95,1.95,,0.45,0.45,1.95
118,10224060,,3.95,,,,,0.95,0.45,,,,3.95,3.95,,3.95,7.95,7.95,,,,,,,,,3.95,,1.95,0.45,,,0.4,,1.95,1.95,,,,1.45,1.95,0.45,,,,1.95,0.95,,,,,,0.45,,0.4,0.45,,,,,1.95,0.95,,,,,0.45,0.95,0.4,,,,0.4,1.95,1.95,,1.95,,,,,,0.4,,,,,3.95,3.95,1.95,1.95,2.95,1.95,1.95,1.95,1.95,1.95,1.95,2.95,,,1.95,,,0.4,7.95,7.95,,3.95,1.95,,,,,,,0.4,1.95,,0.4,3.95,,,7.95,,0.4,0.4,0.4,0.45,0.4,0.45,0.45,0.95,1.95,1.95,1.95,0.45,0.45,,,,,,,,,,1.95,1.95,1.95,1.95,1.95,1.95,,,,1.95,1.95,0.95,,,3.95,3.95,,0.45,0.45,0.45,1.95,1.95,1.95,1.95,1.95,1.95,,,1.95,,,,,0.45,,,,1.95,,,,1.95,0.4,0.4,1.95,,,,0.95,1.95,,0.45,0.45,1.95
118,10224120,,3.95,,,,,0.95,0.45,,,,3.95,3.95,,3.95,7.95,7.95,,,,,,,,,3.95,,1.95,0.45,,,0.4,,1.95,1.95,,,,1.45,1.95,0.45,,,,1.95,0.95,,,,,,0.45,,0.4,0.45,,,,,1.95,0.95,,,,,0.45,0.95,0.4,,,,0.4,1.95,1.95,,1.95,,,,,,0.4,,,,,3.95,3.95,1.95,1.95,2.95,1.95,1.95,1.95,1.95,1.95,1.95,2.95,,,1.95,,,0.4,7.95,7.95,,3.95,1.95,,,,,,,0.4,1.95,,0.4,3.95,,,7.95,,0.4,0.4,0.4,0.45,0.4,0.45,0.45,0.95,1.95,1.95,1.95,0.45,0.45,,,,,,,,,,1.95,1.95,1.95,1.95,1.95,1.95,,,,1.95,1.95,0.95,,,3.95,3.95,,0.45,0.45,0.45,1.95,1.95,1.95,1.95,1.95,1.95,,,1.95,,,,,0.45,,,,1.95,,,,1.95,0.4,0.4,1.95,,,,0.95,1.95,,0.45,0.45,1.95
118,10224180,,3.95,,,,,0.95,0.45,,,,3.95,3.95,,3.95,7.95,7.95,,,,,,,,,3.95,,1.95,0.45,,,0.4,,1.95,1.95,,,,1.45,1.95,0.45,,,,1.95,0.95,,,,,,0.45,,0.4,0.45,,,,,1.95,0.95,,,,,0.45,0.95,0.4,,,,0.4,1.95,1.95,,1.95,,,,,,0.4,,,,,3.95,3.95,1.95,1.95,2.95,1.95,1.95,1.95,1.95,1.95,1.95,2.95,,,1.95,,,0.4,7.95,7.95,,3.95,1.95,,,,,,,0.4,1.95,,0.4,3.95,,,7.95,,0.4,0.4,0.4,0.45,0.4,0.45,0.45,0.95,1.95,1.95,1.95,0.45,0.45,,,,,,,,,,1.95,1.95,1.95,1.95,1.95,1.95,,,,1.95,1.95,0.95,,,3.95,3.95,,0.45,0.45,0.45,1.95,1.95,1.95,1.95,1.95,1.95,,,1.95,,,,,0.45,,,,1.95,,,,1.95,0.4,0.4,1.95,,,,0.95,1.95,,0.45,0.45,1.95
118,10224240,,3.95,,,,,0.95,0.45,,,,3.95,3.95,,3.95,7.95,7.95,,,,,,,,,3.95,,1.95,0.45,,,0.4,,1.95,1.95,,,,1.379,1.95,0.45,,,,1.95,0.95,,,,,,0.45,,0.4,0.45,,,,,1.95,0.95,,,,,0.45,0.95,0.4,,,,0.4,1.95,1.95,,1.95,,,,,,0.4,,,,,3.95,3.95,1.95,1.95,2.95,1.95,1.95,1.95,1.95,1.95,1.95,2.95,,,1.95,,,0.4,7.95,7.95,,3.95,1.95,,,,,,,0.4,1.95,,0.4,3.95,,,7.95,,0.4,0.4,0.4,0.45,0.4,0.45,0.45,0.95,1.95,1.95,1.95,0.45,0.45,,,,,,,,,,1.95,1.95,1.95,1.95,1.95,1.95,,,,1.95,1.95,0.95,,,3.95,3.95,,0.45,0.45,0.45,1.95,1.95,1.95,1.95,1.95,1.95,,,1.95,,,,,0.45,,,,1.95,,,,1.95,0.4,0.4,1.95,,,,0.95,1.95,,0.45,0.45,1.95
118,10224300,,3.95,,,,,0.95,0.45,,,,3.95,3.95,,3.95,7.95,7.95,,,,,,,,,3.95,,1.95,0.45,,,0.4,,1.95,1.95,,,,1.45,1.95,0.45,,,,1.95,0.95,,,,,,0.45,,0.4,0.45,,,,,1.95,0.95,,,,,0.45,0.95,0.4,,,,0.4,1.95,1.95,,1.95,,,,,,0.4,,,,,3.95,3.95,1.95,1.95,2.95,1.95,1.95,1.95,1.95,1.95,1.95,2.95,,,1.95,,,0.4,7.95,7.95,,3.95,1.95,,,,,,,0.4,1.95,,0.4,3.95,,,7.95,,0.4,0.4,0.4,0.45,0.4,0.45,0.45,0.95,1.95,1.95,1.95,0.45,0.45,,,,,,,,,,1.95,1.95,1.95,1.95,1.95,1.95,,,,1.95,1.95,0.95,,,3.95,3.95,,0.45,0.45,0.45,1.95,1.95,1.95,1.95,1.95,1.95,,,1.95,,,,,0.45,,,,1.95,,,,1.95,0.4,0.4,1.95,,,,0.95,1.95,,0.45,0.45,1.95
118,10224360,,3.95,,,,,0.95,0.45,,,,3.95,3.95,,3.95,7.95,7.95,,,,,,,,,3.95,,1.95,0.45,,,0.4,,1.95,1.95,,,,1.45,1.95,0.45,,,,1.95,0.95,,,,,,0.45,,0.4,0.45,,,,,1.95,0.95,,,,,0.45,0.95,0.4,,,,0.4,1.95,1.95,,1.95,,,,,,0.4,,,,,3.95,3.95,1.95,1.95,2.95,1.95,1.95,1.95,1.95,1.95,1.95,2.95,,,1.95,,,0.4,7.95,7.95,,3.95,1.95,,,,,,,0.4,1.95,,0.4,3.95,,,7.95,,0.4,0.4,0.4,0.45,0.4,0.45,0.45,0.95,1.95,1.95,1.95,0.45,0.45,,,,,,,,,,1.95,1.95,1.95,1.95,1.95,1.95,,,,1.95,1.95,0.95,,,3.95,3.95,,0.45,0.45,0.45,1.95,1.95,1.95,1.95,1.95,1.95,,,1.95,,,,,0.45,,,,1.95,,,,1.95,0.4,0.4,1.95,,,,0.95,1.95,,0.45,0.45,1.95
118,10224420,,3.95,,,,,0.95,0.45,,,,3.95,3.95,,3.95,7.95,7.95,,,,,,,,,3.95,,1.95,0.45,,,0.4,,1.95,1.95,,,,1.45,1.95,0.45,,,,1.95,0.95,,,,,,0.45,,0.4,0.45,,,,,1.95,0.95,,,,,0.45,0.95,0.4,,,,0.4,1.95,1.95,,1.95,,,,,,0.4,,,,,3.95,3.95,1.95,1.95,2.95,1.95,1.95,1.95,1.95,1.95,1.95,2.95,,,1.95,,,0.4,7.95,7.95,,3.95,1.95,,,,,,,0.4,1.95,,0.4,3.95,,,7.95,,0.4,0.4,0.4,0.45,0.4,0.45,0.45,0.95,1.95,1.95,1.95,0.45,0.45,,,,,,,,,,1.95,1.95,1.95,1.95,1.95,1.95,,,,1.95,1.95,0.95,,,3.95,3.95,,0.45,0.45,0.45,1.95,1.95,1.95,1.95,1.95,1.95,,,1.95,,,,,0.45,,,,1.95,,,,1.95,0.4,0.4,1.95,,,,0.95,1.95,,0.45,0.45,1.95
118,10224480,,3.95,,,,,0.95,0.45,,,,3.95,3.95,,3.95,7.95,7.95,,,,,,,,,3.95,,1.95,0.45,,,0.4,,1.95,1.95,,,,1.45,1.95,0.45,,,,1.95,0.95,,,,,,0.45,,0.4,0.45,,,,,1.95,0.95,,,,,0.45,0.95,0.4,,,,0.4,1.95,1.95,,1.95,,,,,,0.4,,,,,3.95,3.95,1.95,1.95,2.95,1.95,1.95,1.95,1.95,1.95,1.95,2.95,,,1.95,,,0.4,7.95,7.95,,3.95,1.95,,,,,,,0.4,1.95,,0.4,3.95,,,7.95,,0.4,0.4,0.4,0.45,0.4,0.45,0.45,0.95,1.95,1.95,1.95,0.45,0.45,,,,,,,,,,1.95,1.95,1.95,1.95,1.95,1.95,,,,1.95,1.95,0.95,,,3.95,3.95,,0.45,0.45,0.45,1.95,1.95,1.95,1.95,1.95,1.95,,,1.95,,,,,0.45,,,,1.95,,,,1.95,0.4,0.4,1.95,,,,0.95,1.95,,0.45,0.45,1.95
118,10224540,,3.95,,,,,0.95,0.45,,,,3.95,3.95,,3.95,7.95,7.95,,,,,,,,,3.95,,1.95,0.45,,,0.4,,1.95,1.95,,,,1.45,1.95,0.45,,,,1.95,0.95,,,,,,0.45,,0.4,0.45,,,,,1.95,0.95,,,,,0.45,0.95,0.4,,,,0.4,1.95,1.95,,1.95,,,,,,0.4,,,,,3.95,3.95,1.95,1.95,2.95,1.95,1.95,1.95,1.95,1.95,1.95,2.95,,,1.95,,,0.4,7.95,7.95,,3.95,1.95,,,,,,,0.4,1.95,,0.4,3.95,,,7.95,,0.4,0.4,0.4,0.45,0.4,0.45,0.45,0.95,1.95,1.95,1.95,0.45,0.45,,,,,,,,,,1.95,1.95,1.95,1.95,1.95,1.95,,,,1.95,1.95,0.95,,,3.95,3.95,,0.45,0.45,0.45,1.95,1.95,1.95,1.95,1.95,1.95,,,1.95,,,,,0.45,,,,1.95,,,,1.95,0.4,0.4,1.95,,,,0.95,1.95,,0.45,0.45,1.95
118,10224600,,3.95,,,,,0.95,0.45,,,,3.95,3.95,,3.95,7.95,7.95,,,,,,,,,3.95,,1.95,0.45,,,0.4,,1.95,1.95,,,,1.45,1.95,0.45,,,,1.95,0.95,,,,,,0.45,,0.4,0.45,,,,,1.95,0.95,,,,,0.45,0.95,0.4,,,,0.4,1.95,1.95,,1.95,,,,,,0.4,,,,,3.95,3.95,1.95,1.95,2.95,1.95,1.95,1.95,1.95,1.95,1.95,2.95,,,1.95,,,0.4,7.95,7.95,,3.95,1.95,,,,,,,0.4,1.95,,0.4,3.95,,,7.95,,0.4,0.4,0.4,0.45,0.4,0.45,0.45,0.95,1.95,1.95,1.95,0.45,0.45,,,,,,,,,,1.95,1.95,1.95,1.95,1.95,1.95,,,,1.95,1.95,0.95,,,3.95,3.95,,0.45,0.45,0.45,1.95,1.95,1.95,1.95,1.95,1.95,,,1.95,,,,,0.45,,,,1.95,,,,1.95,0.4,0.4,1.95,,,,0.95,1.95,,0.45,0.45,1.95
118,10224660,,3.95,,,,,0.95,0.45,,,,3.95,3.95,,3.95,7.95,7.95,,,,,,,,,3.95,,1.95,0.45,,,0.4,,1.95,1.95,,,,1.45,1.95,0.45,,,,1.95,0.95,,,,,,0.45,,0.4,0.45,,,,,1.95,0.95,,,,,0.45,0.95,0.4,,,,0.4,1.95,1.95,,1.95,,,,,,0.4,,,,,3.95,3.95,1.95,1.95,2.95,1.95,1.95,1.95,1.95,1.95,1.95,2.95,,,1.95,,,0.4,7.95,7.95,,3.95,1.95,,,,,,,0.4,1.95,,0.4,3.95,,,7.95,,0.4,0.4,0.4,0.45,0.4,0.45,0.45,0.95,1.95,1.95,1.95,0.45,0.45,,,,,,,,,,1.95,1.95,1.95,1.95,1.95,1.95,,,,1.95,1.95,0.95,,,3.95,3.95,,0.45,0.45,0.45,1.95,1.95,1.95,1.95,1.95,1.95,,,1.95,,,,,0.45,,,,1.95,,,,1.95,0.4,0.4,1.95,,,,0.95,1.95,,0.45,0.45,1.95
118,10224720,,3.95,,,,,0.95,0.45,,,,3.95,3.95,,3.95,7.95,7.95,,,,,,,,,3.95,,1.95,0.45,,,0.4,,1.95,1.95,,,,1.45,1.95,0.45,,,,1.95,0.95,,,,,,0.45,,0.4,0.45,,,,,1.95,0.95,,,,,0.45,0.95,0.4,,,,0.4,1.95,1.95,,1.95,,,,,,0.4,,,,,3.95,3.95,1.95,1.95,2.95,1.95,1.95,1.95,1.95,1.95,1.95,2.95,,,1.95,,,0.4,7.95,7.95,,3.95,1.95,,,,,,,0.4,1.95,,0.4,3.95,,,7.95,,0.4,0.4,0.4,0.45,0.4,0.45,0.45,0.95,1.95,1.95,1.95,0.45,0.45,,,,,,,,,,1.95,1.95,1.95,1.95,1.95,1.95,,,,1.95,1.95,0.95,,,3.95,3.95,,0.45,0.45,0.45,1.95,1.95,1.95,1.95,1.95,1.95,,,1.95,,,,,0.45,,,,1.95,,,,1.95,0.4,0.4,1.95,,,,0.95,1.95,,0.45,0.45,1.95
118,10224780,,3.95,,,,,0.95,0.45,,,,3.95,3.95,,3.95,7.95,7.95,,,,,,,,,3.95,,1.95,0.45,,,0.4,,1.95,1.95,,,,1.45,1.95,0.45,,,,1.95,0.95,,,,,,0.45,,0.4,0.45,,,,,1.95,0.95,,,,,0.45,0.95,0.4,,,,0.4,1.95,1.95,,1.95,,,,,,0.4,,,,,3.95,3.95,1.95,1.95,2.95,1.95,1.95,1.95,1.95,1.95,1.95,2.95,,,1.95,,,0.4,7.95,7.95,,3.95,1.95,,,,,,,0.4,1.95,,0.4,3.95,,,7.95,,0.4,0.4,0.4,0.45,0.4,0.45,0.45,0.95,1.95,1.95,1.95,0.45,0.45,,,,,,,,,,1.95,1.95,1.95,1.95,1.95,1.95,,,,1.95,1.95,0.95,,,3.95,3.95,,0.45,0.45,0.45,1.95,1.95,1.95,1.95,1.95,1.95,,,1.95,,,,,0.45,,,,1.95,,,,1.95,0.4,0.4,1.95,,,,0.95,1.95,,0.45,0.45,1.95
118,10224840,,3.95,,,,,0.95,0.45,,,,3.95,3.95,,3.95,7.95,7.95,,,,,,,,,3.95,,1.95,0.45,,,0.4,,1.95,1.95,,,,1.45,1.95,0.45,,,,1.95,0.95,,,,,,0.45,,0.4,0.45,,,,,1.95,0.95,,,,,0.45,0.95,0.4,,,,0.4,1.95,1.95,,1.95,,,,,,0.4,,,,,3.95,3.95,1.95,1.95,2.95,1.95,1.95,1.95,1.95,1.95,1.95,2.95,,,1.95,,,0.4,7.95,7.95,,3.95,1.95,,,,,,,0.4,1.95,,0.4,3.95,,,7.95,,0.4,0.4,0.4,0.45,0.4,0.45,0.45,0.95,1.95,1.95,1.95,0.45,0.45,,,,,,,,,,1.95,1.95,1.95,1.95,1.95,1.95,,,,1.95,1.95,0.95,,,3.95,3.95,,0.45,0.45,0.45,1.95,1.95,1.95,1.95,1.95,1.95,,,1.95,,,,,0.45,,,,1.95,,,,1.95,0.4,0.4,1.95,,,,0.95,1.95,,0.45,0.45,1.95
118,10224900,,3.95,,,,,0.95,0.45,,,,3.95,3.95,,3.95,7.95,7.95,,,,,,,,,3.95,,1.95,0.45,,,0.4,,1.95,1.95,,,,1.45,1.95,0.45,,,,1.95,0.95,,,,,,0.45,,0.4,0.45,,,,,1.95,0.95,,,,,0.45,0.95,0.4,,,,0.4,1.95,1.95,,1.95,,,,,,0.4,,,,,3.95,3.95,1.95,1.95,2.95,1.95,1.95,1.95,1.95,1.95,1.95,2.95,,,1.95,,,0.4,7.95,7.95,,3.95,1.95,,,,,,,0.4,1.95,,0.4,3.95,,,7.95,,0.4,0.4,0.4,0.45,0.4,0.45,0.45,0.95,1.95,1.95,1.95,0.45,0.45,,,,,,,,,,1.95,1.95,1.95,1.95,1.95,1.95,,,,1.95,1.95,0.95,,,3.95,3.95,,0.45,0.45,0.45,1.95,1.95,1.95,1.95,1.95,1.95,,,1.95,,,,,0.45,,,,1.95,,,,1.95,0.4,0.4,1.95,,,,0.95,1.95,,0.45,0.45,1.95
118,10224960,,3.95,,,,,0.95,0.45,,,,3.95,3.95,,3.95,7.95,7.95,,,,,,,,,3.95,,1.95,0.45,,,0.4,,1.95,1.95,,,,1.379,1.95,0.45,,,,1.95,0.95,,,,,,0.45,,0.4,0.45,,,,,1.95,0.95,,,,,0.45,0.95,0.4,,,,0.4,1.95,1.95,,1.95,,,,,,0.4,,,,,3.95,3.95,1.95,1.95,2.95,1.95,1.95,1.95,1.95,1.95,1.95,2.95,,,1.95,,,0.4,7.95,7.95,,3.95,1.95,,,,,,,0.4,1.95,,0.4,3.95,,,7.95,,0.4,0.4,0.4,0.45,0.4,0.45,0.45,0.95,1.95,1.95,1.95,0.45,0.45,,,,,,,,,,1.95,1.95,1.95,1.95,1.95,1.95,,,,1.95,1.95,0.95,,,3.95,3.95,,0.45,0.45,0.45,1.95,1.95,1.95,1.95,1.95,1.95,,,1.95,,,,,0.45,,,,1.95,,,,1.95,0.4,0.4,1.95,,,,0.95,1.95,,0.45,0.45,1.95
118,10225020,,3.95,,,,,0.95,0.45,,,,3.95,3.95,,3.95,7.95,7.95,,,,,,,,,3.95,,1.95,0.45,,,0.4,,1.95,1.95,,,,1.45,1.95,0.45,,,,1.95,0.95,,,,,,0.45,,0.4,0.45,,,,,1.95,0.95,,,,,0.45,0.95,0.4,,,,0.4,1.95,1.95,,1.95,,,,,,0.4,,,,,3.95,3.95,1.95,1.95,2.95,1.95,1.95,1.95,1.95,1.95,1.95,2.95,,,1.95,,,0.4,7.95,7.95,,3.95,1.95,,,,,,,0.4,1.95,,0.4,3.95,,,7.95,,0.4,0.4,0.4,0.45,0.4,0.45,0.45,0.95,1.95,1.95,1.95,0.45,0.45,,,,,,,,,,1.95,1.95,1.95,1.95,1.95,1.95,,,,1.95,1.95,0.95,,,3.95,3.95,,0.45,0.45,0.45,1.95,1.95,1.95,1.95,1.95,1.95,,,1.95,,,,,0.45,,,,1.95,,,,1.95,0.4,0.4,1.95,,,,0.95,1.95,,0.45,0.45,1.95
118,10225080,,3.95,,,,,0.95,0.45,,,,3.95,3.95,,3.95,7.95,7.95,,,,,,,,,3.95,,1.95,0.45,,,0.4,,1.95,1.95,,,,1.379,1.95,0.45,,,,1.95,0.95,,,,,,0.45,,0.4,0.45,,,,,1.95,0.95,,,,,0.45,0.95,0.4,,,,0.4,1.95,1.95,,1.95,,,,,,0.4,,,,,3.95,3.95,1.95,1.95,2.95,1.95,1.95,1.95,1.95,1.95,1.95,2.95,,,1.95,,,0.4,7.95,7.95,,3.95,1.95,,,,,,,0.4,1.95,,0.4,3.95,,,7.95,,0.4,0.4,0.4,0.45,0.4,0.45,0.45,0.95,1.95,1.95,1.95,0.45,0.45,,,,,,,,,,1.95,1.95,1.95,1.95,1.95,1.95,,,,1.95,1.95,0.95,,,3.95,3.95,,0.45,0.45,0.45,1.95,1.95,1.95,1.95,1.95,1.95,,,1.95,,,,,0.45,,,,1.95,,,,1.95,0.4,0.4,1.95,,,,0.95,1.95,,0.45,0.45,1.95
118,10225140,,3.95,,,,,0.95,0.45,,,,3.95,3.95,,3.95,7.95,7.95,,,,,,,,,3.95,,1.95,0.45,,,0.4,,1.95,1.95,,,,1.45,1.95,0.45,,,,1.95,0.95,,,,,,0.45,,0.4,0.45,,,,,1.95,0.95,,,,,0.45,0.95,0.4,,,,0.4,1.95,1.95,,1.95,,,,,,0.4,,,,,3.95,3.95,1.95,1.95,2.95,1.95,1.95,1.95,1.95,1.95,1.95,2.95,,,1.95,,,0.4,7.95,7.95,,3.95,1.95,,,,,,,0.4,1.95,,0.4,3.95,,,7.95,,0.4,0.4,0.4,0.45,0.4,0.45,0.45,0.95,1.95,1.95,1.95,0.45,0.45,,,,,,,,,,1.95,1.95,1.95,1.95,1.95,1.95,,,,1.95,1.95,0.95,,,3.95,3.95,,0.45,0.45,0.45,1.95,1.95,1.95,1.95,1.95,1.95,,,1.95,,,,,0.45,,,,1.95,,,,1.95,0.4,0.4,1.95,,,,0.95,1.95,,0.45,0.45,1.95
118,10225200,,3.95,,,,,0.95,0.45,,,,3.95,3.95,,3.95,7.95,7.95,,,,,,,,,3.95,,1.95,0.45,,,0.4,,1.95,1.95,,,,1.45,1.95,0.45,,,,1.95,0.95,,,,,,0.45,,0.4,0.45,,,,,1.95,0.95,,,,,0.45,0.95,0.4,,,,0.4,1.95,1.95,,1.95,,,,,,0.4,,,,,3.95,3.95,1.95,1.95,2.95,1.95,1.95,1.95,1.95,1.95,1.95,2.95,,,1.95,,,0.4,7.95,7.95,,3.95,1.95,,,,,,,0.4,1.95,,0.4,3.95,,,7.95,,0.4,0.4,0.4,0.45,0.4,0.45,0.45,0.95,1.95,1.95,1.95,0.45,0.45,,,,,,,,,,1.95,1.95,1.95,1.95,1.95,1.95,,,,1.95,1.95,0.95,,,3.95,3.95,,0.45,0.45,0.45,1.95,1.95,1.95,1.95,1.95,1.95,,,1.95,,,,,0.45,,,,1.95,,,,1.95,0.4,0.4,1.95,,,,0.95,1.95,,0.45,0.45,1.95
118,10225260,,3.95,,,,,0.95,0.45,,,,3.95,3.95,,3.95,7.95,7.95,,,,,,,,,3.95,,1.95,0.45,,,0.4,,1.95,1.95,,,,1.45,1.95,0.45,,,,1.95,0.95,,,,,,0.45,,0.4,0.45,,,,,1.95,0.95,,,,,0.45,0.95,0.4,,,,0.4,1.95,1.95,,1.95,,,,,,0.4,,,,,3.95,3.95,1.95,1.95,2.95,1.95,1.95,1.95,1.95,1.95,1.95,2.95,,,1.95,,,0.4,7.95,7.95,,3.95,1.95,,,,,,,0.4,1.95,,0.4,3.95,,,7.95,,0.4,0.4,0.4,0.45,0.4,0.45,0.45,0.95,1.95,1.95,1.95,0.45,0.45,,,,,,,,,,1.95,1.95,1.95,1.95,1.95,1.95,,,,1.95,1.95,0.95,,,3.95,3.95,,0.45,0.45,0.45,1.95,1.95,1.95,1.95,1.95,1.95,,,1.95,,,,,0.45,,,,1.95,,,,1.95,0.4,0.4,1.95,,,,0.95,1.95,,0.45,0.45,1.95
118,10225320,,3.95,,,,,0.95,0.45,,,,3.95,3.95,,3.95,7.95,7.95,,,,,,,,,3.95,,1.95,0.45,,,0.4,,1.95,1.95,,,,1.45,1.95,0.45,,,,1.95,0.95,,,,,,0.45,,0.4,0.45,,,,,1.95,0.95,,,,,0.45,0.95,0.4,,,,0.4,1.95,1.95,,1.95,,,,,,0.4,,,,,3.95,3.95,1.95,1.95,2.95,1.95,1.95,1.95,1.95,1.95,1.95,2.95,,,1.95,,,0.4,7.95,7.95,,3.95,1.95,,,,,,,0.4,1.95,,0.4,3.95,,,7.95,,0.4,0.4,0.4,0.45,0.4,0.45,0.45,0.95,1.95,1.95,1.95,0.45,0.45,,,,,,,,,,1.95,1.95,1.95,1.95,1.95,1.95,,,,1.95,1.95,0.95,,,3.95,3.95,,0.45,0.45,0.45,1.95,1.95,1.95,1.95,1.95,1.95,,,1.95,,,,,0.45,,,,1.95,,,,1.95,0.4,0.4,1.95,,,,0.95,1.95,,0.45,0.45,1.95
118,10225380,,3.95,,,,,0.95,0.45,,,,3.95,3.95,,3.95,7.95,7.95,,,,,,,,,3.95,,1.95,0.45,,,0.4,,1.95,1.95,,,,1.45,1.95,0.45,,,,1.95,0.95,,,,,,0.45,,0.4,0.45,,,,,1.95,0.95,,,,,0.45,0.95,0.4,,,,0.4,1.95,1.95,,1.95,,,,,,0.4,,,,,3.95,3.95,1.95,1.95,2.95,1.95,1.95,1.95,1.95,1.95,1.95,2.95,,,1.95,,,0.4,7.95,7.95,,3.95,1.95,,,,,,,0.4,1.95,,0.4,3.95,,,7.95,,0.4,0.4,0.4,0.45,0.4,0.45,0.45,0.95,1.95,1.95,1.95,0.45,0.45,,,,,,,,,,1.95,1.95,1.95,1.95,1.95,1.95,,,,1.95,1.95,0.95,,,3.95,3.95,,0.45,0.45,0.45,1.95,1.95,1.95,1.95,1.95,1.95,,,1.95,,,,,0.45,,,,1.95,,,,1.95,0.4,0.4,1.95,,,,0.95,1.95,,0.45,0.45,1.95
118,10225440,,3.95,,,,,0.95,0.45,,,,3.95,3.95,,3.95,7.95,7.95,,,,,,,,,3.95,,1.95,0.45,,,0.4,,1.95,1.95,,,,1.45,1.95,0.45,,,,1.95,0.95,,,,,,0.45,,0.4,0.45,,,,,1.95,0.95,,,,,0.45,0.95,0.4,,,,0.4,1.95,1.95,,1.95,,,,,,0.4,,,,,3.95,3.95,1.95,1.95,2.95,1.95,1.95,1.95,1.95,1.95,1.95,2.95,,,1.95,,,0.4,7.95,7.95,,3.95,1.95,,,,,,,0.4,1.95,,0.4,3.95,,,7.95,,0.4,0.4,0.4,0.45,0.4,0.45,0.45,0.95,1.95,1.95,1.95,0.45,0.45,,,,,,,,,,1.95,1.95,1.95,1.95,1.95,1.95,,,,1.95,1.95,0.95,,,3.95,3.95,,0.45,0.45,0.45,1.95,1.95,1.95,1.95,1.95,1.95,,,1.95,,,,,0.45,,,,1.95,,,,1.95,0.4,0.4,1.95,,,,0.95,1.95,,0.45,0.45,1.95
118,10225500,,3.95,,,,,0.95,0.45,,,,3.95,3.95,,3.95,7.95,7.95,,,,,,,,,3.95,,1.95,0.45,,,0.4,,1.95,1.95,,,,1.45,1.95,0.45,,,,1.95,0.95,,,,,,0.45,,0.4,0.45,,,,,1.95,0.95,,,,,0.45,0.95,0.4,,,,0.4,1.95,1.95,,1.95,,,,,,0.4,,,,,3.95,3.95,1.95,1.95,2.95,1.95,1.95,1.95,1.95,1.95,1.95,2.95,,,1.95,,,0.4,7.95,7.95,,3.95,1.95,,,,,,,0.4,1.95,,0.4,3.95,,,7.95,,0.4,0.4,0.4,0.45,0.4,0.45,0.45,0.95,1.95,1.95,1.95,0.45,0.45,,,,,,,,,,1.95,1.95,1.95,1.95,1.95,1.95,,,,1.95,1.95,0.95,,,3.95,3.95,,0.45,0.45,0.45,1.95,1.95,1.95,1.95,1.95,1.95,,,1.95,,,,,0.45,,,,1.95,,,,1.95,0.4,0.4,1.95,,,,0.95,1.95,,0.45,0.45,1.95
118,10225560,,3.95,,,,,0.95,0.45,,,,3.95,3.95,,3.95,7.95,7.95,,,,,,,,,3.95,,1.95,0.45,,,0.4,,1.95,1.95,,,,1.45,1.95,0.45,,,,1.95,0.95,,,,,,0.45,,0.4,0.45,,,,,1.95,0.95,,,,,0.45,0.95,0.4,,,,0.4,1.95,1.95,,1.95,,,,,,0.4,,,,,3.95,3.95,1.95,1.95,2.95,1.95,1.95,1.95,1.95,1.95,1.95,2.95,,,1.95,,,0.4,7.95,7.95,,3.95,1.95,,,,,,,0.4,1.95,,0.4,3.95,,,7.95,,0.4,0.4,0.4,0.45,0.4,0.45,0.45,0.95,1.95,1.95,1.95,0.45,0.45,,,,,,,,,,1.95,1.95,1.95,1.95,1.95,1.95,,,,1.95,1.95,0.95,,,3.95,3.95,,0.45,0.45,0.45,1.95,1.95,1.95,1.95,1.95,1.95,,,1.95,,,,,0.45,,,,1.95,,,,1.95,0.4,0.4,1.95,,,,0.95,1.95,,0.45,0.45,1.95
118,10225620,,3.95,,,,,0.95,0.45,,,,3.95,3.95,,3.95,7.95,7.95,,,,,,,,,3.95,,1.95,0.45,,,0.4,,1.95,1.95,,,,1.45,1.95,0.45,,,,1.95,0.95,,,,,,0.45,,0.4,0.45,,,,,1.95,0.95,,,,,0.45,0.95,0.4,,,,0.4,1.95,1.95,,1.95,,,,,,0.4,,,,,3.95,3.95,1.95,1.95,2.95,1.95,1.95,1.95,1.95,1.95,1.95,2.95,,,1.95,,,0.4,7.95,7.95,,3.95,1.95,,,,,,,0.4,1.95,,0.4,3.95,,,7.95,,0.4,0.4,0.4,0.45,0.4,0.45,0.45,0.95,1.95,1.95,1.95,0.45,0.45,,,,,,,,,,1.95,1.95,1.95,1.95,1.95,1.95,,,,1.95,1.95,0.95,,,3.95,3.95,,0.45,0.45,0.45,1.95,1.95,1.95,1.95,1.95,1.95,,,1.95,,,,,0.45,,,,1.95,,,,1.95,0.4,0.4,1.95,,,,0.95,1.95,,0.45,0.45,1.95
118,10225680,,3.95,,,,,0.95,0.45,,,,3.95,3.95,,3.95,7.95,7.95,,,,,,,,,3.95,,1.95,0.45,,,0.4,,1.95,1.95,,,,1.45,1.95,0.45,,,,1.95,0.95,,,,,,0.45,,0.4,0.45,,,,,1.95,0.95,,,,,0.45,0.95,0.4,,,,0.4,1.95,1.95,,1.95,,,,,,0.4,,,,,3.95,3.95,1.95,1.95,2.95,1.95,1.95,1.95,1.95,1.95,1.95,2.95,,,1.95,,,0.4,7.95,7.95,,3.95,1.95,,,,,,,0.4,1.95,,0.4,3.95,,,7.95,,0.4,0.4,0.4,0.45,0.4,0.45,0.45,0.95,1.95,1.95,1.95,0.45,0.45,,,,,,,,,,1.95,1.95,1.95,1.95,1.95,1.95,,,,1.95,1.95,0.95,,,3.95,3.95,,0.45,0.45,0.45,1.95,1.95,1.95,1.95,1.95,1.95,,,1.95,,,,,0.45,,,,1.95,,,,1.95,0.4,0.4,1.95,,,,0.95,1.95,,0.45,0.45,1.95
118,10225740,,3.95,,,,,0.95,0.45,,,,3.95,3.95,,3.95,7.95,7.95,,,,,,,,,3.95,,1.95,0.45,,,0.4,,1.95,1.95,,,,1.45,1.95,0.45,,,,1.95,0.95,,,,,,0.45,,0.4,0.45,,,,,1.95,0.95,,,,,0.45,0.95,0.4,,,,0.4,1.95,1.95,,1.95,,,,,,0.4,,,,,3.95,3.95,1.95,1.95,2.95,1.95,1.95,1.95,1.95,1.95,1.95,2.95,,,1.95,,,0.4,7.95,7.95,,3.95,1.95,,,,,,,0.4,1.95,,0.4,3.95,,,7.95,,0.4,0.4,0.4,0.45,0.4,0.45,0.45,0.95,1.95,1.95,1.95,0.45,0.45,,,,,,,,,,1.95,1.95,1.95,1.95,1.95,1.95,,,,1.95,1.95,0.95,,,3.95,3.95,,0.45,0.45,0.45,1.95,1.95,1.95,1.95,1.95,1.95,,,1.95,,,,,0.45,,,,1.95,,,,1.95,0.4,0.4,1.95,,,,0.95,1.95,,0.45,0.45,1.95
118,10225800,,3.95,,,,,0.95,0.45,,,,3.95,3.95,,3.95,7.95,7.95,,,,,,,,,3.95,,1.95,0.45,,,0.4,,1.95,1.95,,,,1.45,1.95,0.45,,,,1.95,0.95,,,,,,0.45,,0.4,0.45,,,,,1.95,0.95,,,,,0.45,0.95,0.4,,,,0.4,1.95,1.95,,1.95,,,,,,0.4,,,,,3.95,3.95,1.95,1.95,2.95,1.95,1.95,1.95,1.95,1.95,1.95,2.95,,,1.95,,,0.4,7.95,7.95,,3.95,1.95,,,,,,,0.4,1.95,,0.4,3.95,,,7.95,,0.4,0.4,0.4,0.45,0.4,0.45,0.45,0.95,1.95,1.95,1.95,0.45,0.45,,,,,,,,,,1.95,1.95,1.95,1.95,1.95,1.95,,,,1.95,1.95,0.95,,,3.95,3.95,,0.45,0.45,0.45,1.95,1.95,1.95,1.95,1.95,1.95,,,1.95,,,,,0.45,,,,1.95,,,,1.95,0.4,0.4,1.95,,,,0.95,1.95,,0.45,0.45,1.95
118,10225860,,3.95,,,,,0.95,0.45,,,,3.95,3.95,,3.95,7.95,7.95,,,,,,,,,3.95,,1.95,0.45,,,0.4,,1.95,1.95,,,,1.45,1.95,0.45,,,,1.95,0.95,,,,,,0.45,,0.4,0.45,,,,,1.95,0.95,,,,,0.45,0.95,0.4,,,,0.4,1.95,1.95,,1.95,,,,,,0.4,,,,,3.95,3.95,1.95,1.95,2.95,1.95,1.95,1.95,1.95,1.95,1.95,2.95,,,1.95,,,0.4,7.95,7.95,,3.95,1.95,,,,,,,0.4,1.95,,0.4,3.95,,,7.95,,0.4,0.4,0.4,0.45,0.4,0.45,0.45,0.95,1.95,1.95,1.95,0.45,0.45,,,,,,,,,,1.95,1.95,1.95,1.95,1.95,1.95,,,,1.95,1.95,0.95,,,3.95,3.95,,0.45,0.45,0.45,1.95,1.95,1.95,1.95,1.95,1.95,,,1.95,,,,,0.45,,,,1.95,,,,1.95,0.4,0.4,1.95,,,,0.95,1.95,,0.45,0.45,1.95
118,10225920,,3.95,,,,,0.95,0.45,,,,3.95,3.95,,3.95,7.95,7.95,,,,,,,,,3.95,,1.95,0.45,,,0.4,,1.95,1.95,,,,1.45,1.95,0.45,,,,1.95,0.95,,,,,,0.45,,0.4,0.45,,,,,1.95,0.95,,,,,0.45,0.95,0.4,,,,0.4,1.95,1.95,,1.95,,,,,,0.4,,,,,3.95,3.95,1.95,1.95,2.95,1.95,1.95,1.95,1.95,1.95,1.95,2.95,,,1.95,,,0.4,7.95,7.95,,3.95,1.95,,,,,,,0.4,1.95,,0.4,3.95,,,7.95,,0.4,0.4,0.4,0.45,0.4,0.45,0.45,0.95,1.95,1.95,1.95,0.45,0.45,,,,,,,,,,1.95,1.95,1.95,1.95,1.95,1.95,,,,1.95,1.95,0.95,,,3.95,3.95,,0.45,0.45,0.45,1.95,1.95,1.95,1.95,1.95,1.95,,,1.95,,,,,0.45,,,,1.95,,,,1.95,0.4,0.4,1.95,,,,0.95,1.95,,0.45,0.45,1.95
118,10225980,,3.95,,,,,0.95,0.45,,,,3.95,3.95,,3.95,7.95,7.95,,,,,,,,,3.95,,1.95,0.45,,,0.4,,1.95,1.95,,,,1.45,1.95,0.45,,,,1.95,0.95,,,,,,0.45,,0.4,0.45,,,,,1.95,0.95,,,,,0.45,0.95,0.4,,,,0.4,1.95,1.95,,1.95,,,,,,0.4,,,,,3.95,3.95,1.95,1.95,2.95,1.95,1.95,1.95,1.95,1.95,1.95,2.95,,,1.95,,,0.4,7.95,7.95,,3.95,1.95,,,,,,,0.4,1.95,,0.4,3.95,,,7.95,,0.4,0.4,0.4,0.45,0.4,0.45,0.45,0.95,1.95,1.95,1.95,0.45,0.45,,,,,,,,,,1.95,1.95,1.95,1.95,1.95,1.95,,,,1.95,1.95,0.95,,,3.95,3.95,,0.45,0.45,0.45,1.95,1.95,1.95,1.95,1.95,1.95,,,1.95,,,,,0.45,,,,1.95,,,,1.95,0.4,0.4,1.95,,,,0.95,1.95,,0.45,0.45,1.95
118,10226040,,3.95,,,,,0.95,0.45,,,,3.95,3.95,,3.95,7.95,7.95,,,,,,,,,3.95,,1.95,0.45,,,0.4,,1.95,1.95,,,,1.45,1.95,0.45,,,,1.95,0.95,,,,,,0.45,,0.4,0.45,,,,,1.95,0.95,,,,,0.45,0.95,0.4,,,,0.4,1.95,1.95,,1.95,,,,,,0.4,,,,,3.95,3.95,1.95,1.95,2.95,1.95,1.95,1.95,1.95,1.95,1.95,2.95,,,1.95,,,0.4,7.95,7.95,,3.95,1.95,,,,,,,0.4,1.95,,0.4,3.95,,,7.95,,0.4,0.4,0.4,0.45,0.4,0.45,0.45,0.95,1.95,1.95,1.95,0.45,0.45,,,,,,,,,,1.95,1.95,1.95,1.95,1.95,1.95,,,,1.95,1.95,0.95,,,3.95,3.95,,0.45,0.45,0.45,1.95,1.95,1.95,1.95,1.95,1.95,,,1.95,,,,,0.45,,,,1.95,,,,1.95,0.4,0.4,1.95,,,,0.95,1.95,,0.45,0.45,1.95
118,10226100,,3.95,,,,,0.95,0.45,,,,3.95,3.95,,3.95,7.95,7.95,,,,,,,,,3.95,,1.95,0.45,,,0.4,,1.95,1.95,,,,1.45,1.95,0.45,,,,1.95,0.95,,,,,,0.45,,0.4,0.45,,,,,1.95,0.95,,,,,0.45,0.95,0.4,,,,0.4,1.95,1.95,,1.95,,,,,,0.4,,,,,3.95,3.95,1.95,1.95,2.95,1.95,1.95,1.95,1.95,1.95,1.95,2.95,,,1.95,,,0.4,7.95,7.95,,3.95,1.95,,,,,,,0.4,1.95,,0.4,3.95,,,7.95,,0.4,0.4,0.4,0.45,0.4,0.45,0.45,0.95,1.95,1.95,1.95,0.45,0.45,,,,,,,,,,1.95,1.95,1.95,1.95,1.95,1.95,,,,1.95,1.95,0.95,,,3.95,3.95,,0.45,0.45,0.45,1.95,1.95,1.95,1.95,1.95,1.95,,,1.95,,,,,0.45,,,,1.95,,,,1.95,0.4,0.4,1.95,,,,0.95,1.95,,0.45,0.45,1.95
118,10226160,,3.95,,,,,0.95,0.45,,,,3.95,3.95,,3.95,7.95,7.95,,,,,,,,,3.95,,1.95,0.45,,,0.4,,1.95,1.95,,,,1.45,1.95,0.45,,,,1.95,0.95,,,,,,0.45,,0.4,0.45,,,,,1.95,0.95,,,,,0.45,0.95,0.4,,,,0.4,1.95,1.95,,1.95,,,,,,0.4,,,,,3.95,3.95,1.95,1.95,2.95,1.95,1.95,1.95,1.95,1.95,1.95,2.95,,,1.95,,,0.4,7.95,7.95,,3.95,1.95,,,,,,,0.4,1.95,,0.4,3.95,,,7.95,,0.4,0.4,0.4,0.45,0.4,0.45,0.45,0.95,1.95,1.95,1.95,0.45,0.45,,,,,,,,,,1.95,1.95,1.95,1.95,1.95,1.95,,,,1.95,1.95,0.95,,,3.95,3.95,,0.45,0.45,0.45,1.95,1.95,1.95,1.95,1.95,1.95,,,1.95,,,,,0.45,,,,1.95,,,,1.95,0.4,0.4,1.95,,,,0.95,1.95,,0.45,0.45,1.95
118,10226220,,3.95,,,,,0.95,0.45,,,,3.95,3.95,,3.95,7.95,7.95,,,,,,,,,3.95,,1.95,0.45,,,0.4,,1.95,1.95,,,,1.45,1.95,0.45,,,,1.95,0.95,,,,,,0.45,,0.4,0.45,,,,,1.95,0.95,,,,,0.45,0.95,0.4,,,,0.4,1.95,1.95,,1.95,,,,,,0.4,,,,,3.95,3.95,1.95,1.95,2.95,1.95,1.95,1.95,1.95,1.95,1.95,2.95,,,1.95,,,0.4,7.95,7.95,,3.95,1.95,,,,,,,0.4,1.95,,0.4,3.95,,,7.95,,0.4,,0.4,0.45,0.4,0.45,0.45,0.95,1.95,1.95,1.95,0.45,0.45,,,,,,,,,,1.95,1.95,1.95,1.95,1.95,1.95,,,,1.95,1.95,0.95,,,3.95,3.95,,0.45,0.45,0.45,1.95,1.95,1.95,1.95,1.95,1.95,,,1.95,,,,,0.45,,,,1.95,,,,1.95,0.4,0.4,1.95,,,,0.95,1.95,,0.45,0.45,1.95
118,10226280,,3.95,,,,,0.95,0.45,,,,3.95,5.95,,3.95,7.95,7.95,,,,,,,,,3.95,,1.95,0.45,,,0.4,,1.95,1.95,,,,1.45,1.95,0.45,,,,1.95,0.95,,,,,,0.45,,0.4,0.45,,,,,1.95,0.95,,,,,0.45,0.95,0.4,,,,0.4,1.95,1.95,,1.95,,,,,,0.4,,,,,3.95,3.95,1.95,1.95,2.95,1.95,1.95,1.95,1.95,1.95,1.95,2.95,,,1.95,,,0.4,7.95,7.95,,3.95,1.95,,,,,,,0.4,1.95,,0.4,3.95,,,7.95,,0.4,,0.4,0.45,0.4,0.45,0.45,0.95,1.95,1.95,1.95,0.45,0.45,,,,,,,,,,1.95,3.95,1.95,1.95,1.95,1.95,,,,1.95,1.95,0.95,,,3.95,3.95,,0.45,0.45,0.45,1.95,1.95,1.95,1.95,1.95,1.95,,,1.95,,,,,0.45,,,,1.95,,,,1.95,0.4,0.4,1.95,,,,0.95,1.95,,0.45,0.45,1.95
118,10226340,,3.95,,,,,0.95,0.45,,,,3.95,5.95,,3.95,7.95,7.95,,,,,,,,,3.95,,1.95,0.45,,,0.4,,1.95,1.95,,,,1.45,1.95,0.45,,,,1.95,0.95,,,,,,0.45,,0.4,0.45,,,,,1.95,0.95,,,,,0.45,0.95,0.4,,,,0.4,1.95,1.95,,1.95,,,,,,0.4,,,,,3.95,3.95,1.95,1.95,2.95,1.95,1.95,1.95,1.95,1.95,1.95,2.95,,,1.95,,,0.4,7.95,7.95,,3.95,1.95,,,,,,,0.4,1.95,,0.4,3.95,,,7.95,,0.4,,0.4,0.45,0.4,0.45,0.45,0.95,1.95,1.95,1.95,0.45,0.45,,,,,,,,,,1.95,3.95,1.95,1.95,1.95,1.95,,,,1.95,1.95,0.95,,,3.95,3.95,,0.45,0.45,0.45,1.95,1.95,1.95,1.95,1.95,1.95,,,1.95,,,,,0.45,,,,1.95,,,,1.95,0.4,0.4,1.95,,,,0.95,1.95,,0.45,0.45,1.95
118,10226400,,3.95,,,,,0.95,0.45,,,,3.95,5.95,,3.95,7.95,7.95,,,,,,,,,3.95,,1.95,0.45,,,0.4,,1.95,1.95,,,,1.379,1.95,0.45,,,,1.95,0.95,,,,,,0.45,,0.4,0.45,,,,,1.95,0.95,,,,,0.45,0.95,0.4,,,,0.4,1.95,1.95,,1.95,,,,,,0.4,,,,,3.95,3.95,1.95,1.95,2.95,1.95,1.95,1.95,1.95,1.95,1.95,2.95,,,1.95,,,0.4,7.95,7.95,,3.95,1.95,,,,,,,0.4,1.95,,0.4,3.95,,,7.95,,0.4,0.4,0.4,0.45,0.4,0.45,0.45,0.95,1.95,1.95,1.95,0.45,0.45,,,,,,,,,,1.95,3.95,1.95,1.95,1.95,1.95,,,,1.95,1.95,0.95,,,3.95,3.95,,0.45,0.45,0.45,1.95,1.95,1.95,1.95,1.95,1.95,,,1.95,,,,,0.45,,,,1.95,,,,1.95,0.4,0.4,1.95,,,,0.95,1.95,,0.45,0.45,1.95
118,10226460,,3.95,,,,,0.95,0.45,,,,3.95,5.95,,3.95,7.95,7.95,,,,,,,,,3.95,,1.95,0.45,,,0.4,,1.95,1.95,,,,1.45,1.95,0.45,,,,1.95,0.95,,,,,,0.45,,0.4,0.45,,,,,1.95,0.95,,,,,0.45,0.95,0.4,,,,0.4,1.95,1.95,,1.95,,,,,,0.4,,,,,3.95,3.95,1.95,1.95,2.95,1.95,1.95,1.95,1.95,1.95,1.95,2.95,,,1.95,,,0.4,7.95,7.95,,3.95,1.95,,,,,,,0.4,1.95,,0.4,3.95,,,7.95,,0.4,0.4,0.4,0.45,0.4,0.45,0.45,0.95,1.95,1.95,1.95,0.45,0.45,,,,,,,,,,1.95,3.95,1.95,1.95,1.95,1.95,,,,1.95,1.95,0.95,,,3.95,3.95,,0.45,0.45,0.45,1.95,1.95,1.95,1.95,1.95,1.95,,,1.95,,,,,0.45,,,,1.95,,,,1.95,0.4,0.4,1.95,,,,0.95,1.95,,0.45,0.45,1.95
118,10226520,,3.95,,,,,0.95,0.45,,,,3.95,5.95,,3.95,7.95,7.95,,,,,,,,,3.95,,1.95,0.45,,,0.4,,1.95,1.95,,,,1.45,1.95,0.45,,,,1.95,0.95,,,,,,0.45,,0.4,0.45,,,,,1.95,0.95,,,,,0.45,0.95,0.4,,,,0.4,1.95,1.95,,1.95,,,,,,0.4,,,,,3.95,3.95,1.95,1.95,2.95,1.95,1.95,1.95,1.95,1.95,1.95,2.95,,,1.95,,,0.4,7.95,7.95,,3.95,1.95,,,,,,,0.4,1.95,,0.4,3.95,,,7.95,,0.4,0.4,0.4,0.45,0.4,0.45,0.45,0.95,1.95,1.95,1.95,0.45,0.45,,,,,,,,,,1.95,3.95,1.95,1.95,1.95,1.95,,,,1.95,1.95,0.95,,,3.95,3.95,,0.45,0.45,0.45,1.95,1.95,1.95,1.95,1.95,1.95,,,1.95,,,,,0.45,,,,1.95,,,,1.95,0.4,0.4,1.95,,,,0.95,1.95,,0.45,0.45,1.95
118,10226580,,3.95,,,,,0.95,0.45,,,,3.95,6.617,,3.95,7.95,7.95,,,,,,,,,3.95,,1.95,0.45,,,0.4,,1.95,1.95,,,,1.45,1.95,0.45,,,,1.95,0.95,,,,,,0.45,,0.4,0.45,,,,,1.95,0.95,,,,,0.45,0.95,0.4,,,,0.4,1.95,1.95,,1.95,,,,,,0.4,,,,,3.95,3.95,1.95,1.95,2.95,1.95,1.95,1.95,1.95,1.95,1.95,2.95,,,1.95,,,0.4,7.95,7.95,,3.95,1.95,,,,,,,0.4,1.95,,0.4,3.95,,,7.95,,0.4,0.4,0.4,0.45,0.4,0.45,0.45,0.95,1.95,1.95,1.95,0.45,0.45,,,,,,,,,,1.95,3.95,1.95,1.95,1.95,1.95,,,,1.95,1.95,0.95,,,3.95,3.95,,0.45,0.45,0.45,1.95,1.95,1.95,1.95,1.95,1.95,,,1.95,,,,,0.45,,,,1.95,,,,1.95,0.4,0.4,1.95,,,,0.95,1.95,,0.45,0.45,1.95
118,10226640,,3.95,,,,,0.95,0.45,,,,3.95,6.617,,3.95,7.95,7.95,,,,,,,,,3.95,,1.95,0.45,,,0.4,,1.95,1.95,,,,1.45,1.95,0.45,,,,1.95,0.95,,,,,,0.45,,0.4,0.45,,,,,1.95,0.95,,,,,0.45,0.95,0.4,,,,0.4,1.95,1.95,,1.95,,,,,,0.4,,,,,3.95,3.95,1.95,1.95,2.95,1.95,1.95,1.95,1.95,1.95,1.95,2.95,,,1.95,,,0.4,7.95,7.95,,3.95,1.95,,,,,,,0.4,1.95,,0.4,3.95,,,7.95,,0.4,0.4,0.4,0.45,0.4,0.45,0.45,0.95,1.95,1.95,1.95,0.45,0.45,,,,,,,,,,1.95,3.95,1.95,1.95,1.95,1.95,,,,1.95,1.95,0.95,,,3.95,3.95,,0.45,0.45,0.45,1.95,1.95,1.95,1.95,1.95,1.95,,,1.95,,,,,0.45,,,,1.95,,,,1.95,0.4,0.4,1.95,,,,0.95,1.95,,0.45,0.45,1.95
118,10226700,,3.95,,,,,0.95,0.45,,,,3.95,6.617,,3.95,7.95,7.95,,,,,,,,,3.95,,1.95,0.45,,,0.4,,1.95,1.95,,,,1.45,1.95,0.45,,,,1.95,0.95,,,,,,0.45,,0.4,0.45,,,,,1.95,0.95,,,,,0.45,0.95,0.4,,,,0.4,1.95,1.95,,1.95,,,,,,0.4,,,,,3.95,3.95,1.95,1.95,2.95,1.95,1.95,1.95,1.95,1.95,1.95,2.95,,,1.95,,,0.4,7.95,7.95,,3.95,1.95,,,,,,,0.4,1.95,,0.4,3.95,,,7.95,,0.4,0.4,0.4,0.45,0.4,0.45,0.45,0.95,1.95,1.95,1.95,0.45,0.45,,,,,,,,,,1.95,3.95,1.95,1.95,1.95,1.95,,,,1.95,1.95,0.95,,,3.95,3.95,,0.45,0.45,0.45,1.95,1.95,1.95,1.95,1.95,1.95,,,1.95,,,,,0.45,,,,1.95,,,,1.95,0.4,0.4,1.95,,,,0.95,1.95,,0.45,0.45,1.95
118,10226760,,3.95,,,,,0.95,0.45,,,,3.95,6.617,,3.95,7.95,7.95,,,,,,,,,3.95,,1.95,0.45,,,0.4,,1.95,1.95,,,,1.45,1.95,0.45,,,,1.95,0.95,,,,,,0.45,,0.4,0.45,,,,,1.95,0.95,,,,,0.45,0.95,0.4,,,,0.4,1.95,1.95,,1.95,,,,,,0.4,,,,,3.95,3.95,1.95,1.95,2.95,1.95,1.95,1.95,1.95,1.95,1.95,2.95,,,1.95,,,0.4,7.95,7.95,,3.95,1.95,,,,,,,0.4,1.95,,0.4,3.95,,,7.95,,0.4,0.4,0.4,0.45,0.4,0.45,0.45,0.95,1.95,1.95,1.95,0.45,0.45,,,,,,,,,,1.95,3.95,1.95,1.95,1.95,1.95,,,,1.95,1.95,0.95,,,3.95,3.95,,0.45,0.45,0.45,1.95,1.95,1.95,1.95,1.95,1.95,,,1.95,,,,,0.45,,,,1.95,,,,1.95,0.4,0.4,1.95,,,,0.95,1.95,,0.45,0.45,1.95
118,10226820,,3.95,,,,,0.95,0.45,,,,3.95,6.617,,3.95,7.95,7.95,,,,,,,,,3.95,,1.95,0.45,,,0.4,,1.95,1.95,,,,1.45,1.95,0.45,,,,1.95,0.95,,,,,,0.45,,0.4,0.45,,,,,1.95,0.95,,,,,0.45,0.95,0.4,,,,0.4,1.95,1.95,,1.95,,,,,,0.4,,,,,3.95,3.95,1.95,1.95,2.95,1.95,1.95,1.95,1.95,1.95,1.95,2.95,,,1.95,,,0.4,7.95,7.95,,3.95,1.95,,,,,,,0.4,1.95,,0.4,3.95,,,7.95,,0.4,0.4,0.4,0.45,0.4,0.45,0.45,0.95,1.95,1.95,1.95,0.45,0.45,,,,,,,,,,1.95,3.95,1.95,1.95,1.95,1.95,,,,1.95,1.95,0.95,,,3.95,3.95,,0.45,0.45,0.45,1.95,1.95,1.95,1.95,1.95,1.95,,,1.95,,,,,0.45,,,,1.95,,,,1.95,0.4,0.4,1.95,,,,0.95,1.95,,0.45,0.45,1.95
118,10226880,,3.95,,,,,0.95,0.45,,,,3.95,6.617,,3.95,7.95,7.95,,,,,,,,,3.95,,1.95,0.45,,,0.4,,1.95,1.95,,,,1.45,1.95,0.45,,,,1.95,0.95,,,,,,0.45,,0.4,0.45,,,,,1.95,0.95,,,,,0.45,0.95,0.4,,,,0.4,1.95,1.95,,1.95,,,,,,0.4,,,,,3.95,3.95,1.95,1.95,2.95,1.95,1.95,1.95,1.95,1.95,1.95,2.95,,,1.95,,,0.4,7.95,7.95,,3.95,1.95,,,,,,,0.4,1.95,,0.4,3.95,,,7.95,,0.4,0.4,0.4,0.45,0.4,0.45,0.45,0.95,1.95,1.95,1.95,0.45,0.45,,,,,,,,,,1.95,3.95,1.95,1.95,1.95,1.95,,,,1.95,1.95,0.95,,,3.95,3.95,,0.45,0.45,0.45,1.95,1.95,1.95,1.95,1.95,1.95,,,1.95,,,,,0.45,,,,1.95,,,,1.95,0.4,0.4,1.95,,,,0.95,1.95,,0.45,0.45,1.95
118,10226940,,3.95,,,,,0.95,0.45,,,,3.95,5.95,,3.95,7.95,7.95,,,,,,,,,3.95,,1.95,0.45,,,0.4,,1.95,1.95,,,,1.45,1.95,0.45,,,,1.95,0.95,,,,,,0.45,,0.4,0.45,,,,,1.95,0.95,,,,,0.45,0.95,0.4,,,,0.4,1.95,1.95,,1.95,,,,,,0.4,,,,,3.95,3.95,1.95,1.95,2.95,1.95,1.95,1.95,1.95,1.95,1.95,2.95,,,1.95,,,0.4,7.95,7.95,,3.95,1.95,,,,,,,0.4,1.95,,0.4,3.95,,,7.95,,0.4,0.4,0.4,0.45,0.4,0.45,0.45,0.95,1.95,1.95,1.95,0.45,0.45,,,,,,,,,,1.95,3.95,1.95,1.95,1.95,1.95,,,,1.95,1.95,0.95,,,3.95,3.95,,0.45,0.45,0.45,1.95,1.95,1.95,1.95,1.95,1.95,,,1.95,,,,,0.45,,,,1.95,,,,1.95,0.4,0.4,1.95,,,,0.95,1.95,,0.45,0.45,1.95
118,10227000,,3.95,,,,,0.95,0.45,,,,3.95,5.55,,3.95,7.95,7.95,,,,,,,,,3.95,,1.95,0.45,,,0.4,,1.95,1.95,,,,1.45,1.95,0.45,,,,1.95,0.95,,,,,,0.45,,0.4,0.45,,,,,1.95,0.95,,,,,0.45,0.95,0.4,,,,0.4,1.95,1.95,,1.95,,,,,,0.4,,,,,3.95,3.95,1.95,1.95,2.95,1.95,1.95,1.95,1.95,1.95,1.95,2.95,,,1.95,,,0.4,7.95,7.95,,3.95,1.95,,,,,,,0.4,1.95,,0.4,3.95,,,7.95,,0.4,0.4,0.4,0.45,0.4,0.45,0.45,0.95,1.95,1.95,1.95,0.45,0.45,,,,,,,,,,1.95,3.95,1.95,1.95,1.95,1.95,,,,1.95,1.95,0.95,,,3.95,3.95,,0.45,0.45,0.45,1.95,1.95,1.95,1.95,1.95,1.95,,,1.95,,,,,0.45,,,,1.95,,,,1.95,0.4,0.4,1.95,,,,0.95,1.95,,0.45,0.45,1.95
118,10227060,,3.95,,,,,0.95,0.45,,,,3.95,5.55,,3.95,7.95,7.95,,,,,,,,,3.95,,1.95,0.45,,,0.4,,1.95,1.95,,,,1.45,1.95,0.45,,,,1.95,0.95,,,,,,0.45,,0.4,0.45,,,,,1.95,0.95,,,,,0.45,0.95,0.4,,,,0.4,1.95,1.95,,1.95,,,,,,0.4,,,,,3.95,3.95,1.95,1.95,2.95,1.95,1.95,1.95,1.95,1.95,1.95,2.95,,,1.95,,,0.4,7.95,7.95,,3.95,1.95,,,,,,,0.4,1.95,,0.4,3.95,,,7.95,,0.4,0.4,0.4,0.45,0.4,0.45,0.45,0.95,1.95,1.95,1.95,0.45,0.45,,,,,,,,,,1.95,3.95,1.95,1.95,1.95,1.95,,,,1.95,1.95,0.95,,,3.95,3.95,,0.45,0.45,0.45,1.95,1.95,1.95,1.95,1.95,1.95,,,1.95,,,,,0.45,,,,1.95,,,,1.95,0.4,0.4,1.95,,,,0.95,1.95,,0.45,0.45,1.95
118,10227120,,3.95,,,,,0.95,0.45,,,,3.95,5.55,,3.95,7.95,7.95,,,,,,,,,3.95,,1.95,0.45,,,0.4,,1.95,1.95,,,,1.45,1.95,0.45,,,,1.95,0.95,,,,,,0.45,,0.4,0.45,,,,,1.95,0.95,,,,,0.45,0.95,0.4,,,,0.4,1.95,1.95,,1.95,,,,,,0.4,,,,,3.95,3.95,1.95,1.95,2.95,1.95,1.95,1.95,1.95,1.95,1.95,2.95,,,1.95,,,0.4,7.95,7.95,,3.95,1.95,,,,,,,0.4,1.95,,0.4,3.95,,,7.95,,0.4,0.4,0.4,0.45,0.4,0.45,0.45,0.95,1.95,1.95,1.95,0.45,0.45,,,,,,,,,,1.95,3.95,1.95,1.95,1.95,1.95,,,,1.95,1.95,0.95,,,3.95,3.95,,0.45,0.45,0.45,1.95,1.95,1.95,1.95,1.95,1.95,,,1.95,,,,,0.45,,,,1.95,,,,1.95,0.4,0.4,1.95,,,,0.95,1.95,,0.45,0.45,1.95
118,10227180,,3.95,,,,,0.95,0.45,,,,3.95,5.55,,3.95,7.95,7.95,,,,,,,,,3.95,,1.95,0.45,,,0.4,,1.95,1.95,,,,1.45,1.95,0.45,,,,1.95,0.95,,,,,,0.45,,0.4,0.45,,,,,1.95,0.95,,,,,0.45,0.95,0.4,,,,0.4,1.95,1.95,,1.95,,,,,,0.4,,,,,3.95,3.95,1.95,1.95,2.95,1.95,1.95,1.95,1.95,1.95,1.95,2.95,,,1.95,,,0.4,7.95,7.95,,3.95,1.95,,,,,,,0.4,1.95,,0.4,3.95,,,7.95,,0.4,0.4,0.4,0.45,0.4,0.45,0.45,0.95,1.95,1.95,1.95,0.45,0.45,,,,,,,,,,1.95,3.95,1.95,1.95,1.95,1.95,,,,1.95,1.95,0.95,,,3.95,3.95,,0.45,0.45,0.45,1.95,1.95,1.95,1.95,1.95,1.95,,,1.95,,,,,0.45,,,,1.95,,,,1.95,0.4,0.4,1.95,,,,0.95,1.95,,0.45,0.45,1.95
118,10227240,,3.95,,,,,0.95,0.45,,,,3.95,5.55,,3.95,7.95,7.95,,,,,,,,,3.95,,1.95,0.45,,,0.4,,1.95,1.95,,,,1.45,1.95,0.45,,,,1.95,0.95,,,,,,0.45,,0.4,0.45,,,,,1.95,0.95,,,,,0.45,0.95,0.4,,,,0.4,1.95,1.95,,1.95,,,,,,0.4,,,,,3.95,3.95,1.95,1.95,2.95,1.95,1.95,1.95,1.95,1.95,1.95,2.95,,,1.95,,,0.4,7.95,7.95,,3.95,1.95,,,,,,,0.4,1.95,,0.4,3.95,,,7.95,,0.4,0.4,0.4,0.45,0.4,0.45,0.45,0.95,1.95,1.95,1.95,0.45,0.45,,,,,,,,,,1.95,3.95,1.95,1.95,1.95,1.95,,,,1.95,1.95,0.95,,,3.95,3.95,,0.45,0.45,0.45,1.95,1.95,1.95,1.95,1.95,1.95,,,1.95,,,,,0.45,,,,1.95,,,,1.95,0.4,0.4,1.95,,,,0.95,1.95,,0.45,0.45,1.95
118,10227300,,3.95,,,,,0.95,0.45,,,,3.95,5.55,,3.95,7.95,7.95,,,,,,,,,3.95,,1.95,0.45,,,0.4,,1.95,1.95,,,,1.45,1.95,0.45,,,,1.95,0.95,,,,,,0.45,,0.4,0.45,,,,,1.95,0.95,,,,,0.45,0.95,0.4,,,,0.4,1.95,1.95,,1.95,,,,,,0.4,,,,,3.95,3.95,1.95,1.95,2.95,1.95,1.95,1.95,1.95,1.95,1.95,2.95,,,1.95,,,0.4,7.95,7.95,,3.95,1.95,,,,,,,0.4,1.95,,0.4,3.95,,,7.95,,0.4,0.4,0.4,0.45,0.4,0.45,0.45,0.95,1.95,1.95,1.95,0.45,0.45,,,,,,,,,,1.95,3.95,1.95,1.95,1.95,1.95,,,,1.95,1.95,0.95,,,3.95,3.95,,0.45,0.45,0.45,1.95,1.95,1.95,1.95,1.95,1.95,,,1.95,,,,,0.45,,,,1.95,,,,1.95,0.4,0.4,1.95,,,,0.95,1.95,,0.45,0.45,1.95
118,10227360,,3.95,,,,,0.95,0.45,,,,3.95,5.95,,3.95,7.95,7.95,,,,,,,,,3.95,,1.95,0.45,,,0.4,,1.95,1.95,,,,1.45,1.95,0.45,,,,1.95,0.95,,,,,,0.45,,0.4,0.45,,,,,1.95,0.95,,,,,0.45,0.95,0.4,,,,0.4,1.95,1.95,,1.95,,,,,,0.4,,,,,3.95,3.95,1.95,1.95,2.95,1.95,1.95,1.95,1.95,1.95,1.95,2.95,,,1.95,,,0.4,7.95,7.95,,3.95,1.95,,,,,,,0.4,1.95,,0.4,3.95,,,7.95,,0.4,0.4,0.4,0.45,0.4,0.45,0.45,0.95,1.95,1.95,1.95,0.45,0.45,,,,,,,,,,1.95,3.95,1.95,1.95,1.95,1.95,,,,1.95,1.95,0.95,,,3.95,3.95,,0.45,0.45,0.45,1.95,1.95,1.95,1.95,1.95,1.95,,,1.95,,,,,0.45,,,,1.95,,,,1.95,0.4,0.4,1.95,,,,0.95,1.95,,0.45,0.45,1.95
118,10227420,,3.95,,,,,0.95,0.45,,,,3.95,5.95,,3.95,7.95,7.95,,,,,,,,,3.95,,1.95,0.45,,,0.4,,1.95,1.95,,,,1.45,1.95,0.45,,,,1.95,0.95,,,,,,0.45,,0.4,0.45,,,,,1.95,0.95,,,,,0.45,0.95,0.4,,,,0.4,1.95,1.95,,1.95,,,,,,0.4,,,,,3.95,3.95,1.95,1.95,2.95,1.95,1.95,1.95,1.95,1.95,1.95,2.95,,,1.95,,,0.4,7.95,7.95,,3.95,1.95,,,,,,,0.4,1.95,,0.4,3.95,,,7.95,,0.4,0.4,0.4,0.45,0.4,0.45,0.45,0.95,1.95,1.95,1.95,0.45,0.45,,,,,,,,,,1.95,3.95,1.95,1.95,1.95,1.95,,,,1.95,1.95,0.95,,,3.95,3.95,,0.45,0.45,0.45,1.95,1.95,1.95,1.95,1.95,1.95,,,1.95,,,,,0.45,,,,1.95,,,,1.95,0.4,0.4,1.95,,,,0.95,1.95,,0.45,0.45,1.95
118,10227480,,3.95,,,,,0.95,0.45,,,,3.95,5.283,,3.95,7.95,7.95,,,,,,,,,3.95,,1.95,0.45,,,0.4,,1.95,1.95,,,,1.521,1.95,0.45,,,,1.95,0.95,,,,,,0.45,,0.4,0.45,,,,,1.95,0.95,,,,,0.45,0.95,0.4,,,,0.4,1.95,1.95,,1.95,,,,,,0.4,,,,,3.95,3.95,1.95,1.95,2.95,1.95,1.95,1.95,1.95,1.95,1.95,2.95,,,1.95,,,0.4,7.95,7.95,,3.95,1.95,,,,,,,0.4,1.95,,0.4,3.95,,,7.95,,0.4,0.4,0.4,0.45,0.4,0.45,0.45,0.95,1.95,1.95,1.95,0.45,0.45,,,,,,,,,,1.95,3.95,1.95,1.95,1.95,1.95,,,,1.95,1.95,0.95,,,3.95,3.95,,0.45,0.45,0.45,1.95,1.95,1.95,1.95,1.95,1.95,,,1.95,,,,,0.45,,,,1.95,,,,1.95,0.4,0.4,1.95,,,,0.95,1.95,,0.45,0.45,1.95
118,10227540,,3.95,,,,,0.95,0.45,,,,3.95,5.283,,3.95,7.95,7.95,,,,,,,,,3.95,,1.95,0.45,,,0.4,,1.95,1.95,,,,1.45,1.95,0.45,,,,1.95,0.95,,,,,,0.45,,0.4,0.45,,,,,1.95,0.95,,,,,0.45,0.95,0.4,,,,0.4,1.95,1.95,,1.95,,,,,,0.4,,,,,3.95,3.95,1.95,1.95,2.95,1.95,1.95,1.95,1.95,1.95,1.95,2.95,,,1.95,,,0.4,7.95,7.95,,3.95,1.95,,,,,,,0.4,1.95,,0.4,3.95,,,7.95,,0.4,0.4,0.4,0.45,0.4,0.45,0.45,0.95,1.95,1.95,1.95,0.45,0.45,,,,,,,,,,1.95,3.95,1.95,1.95,1.95,1.95,,,,1.95,1.95,0.95,,,3.95,3.95,,0.45,0.45,0.45,1.95,1.95,1.95,1.95,1.95,1.95,,,1.95,,,,,0.45,,,,1.95,,,,1.95,0.4,0.4,1.95,,,,0.95,1.95,,0.45,0.45,1.95
118,10227600,,3.95,,,,,0.95,0.45,,,,3.95,4.95,,3.95,7.95,7.95,,,,,,,,,3.95,,1.95,0.45,,,0.4,,1.95,1.95,,,,1.45,1.95,0.45,,,,1.95,0.95,,,,,,0.45,,0.4,0.45,,,,,1.95,0.95,,,,,0.45,0.95,0.4,,,,0.4,1.95,1.95,,1.95,,,,,,0.4,,,,,3.95,3.95,1.95,1.95,2.95,1.95,1.95,1.95,1.95,1.95,1.95,2.95,,,1.95,,,0.4,7.95,7.95,,3.95,1.95,,,,,,,0.4,1.95,,0.4,3.95,,,7.95,,0.4,0.4,0.4,0.45,0.4,0.45,0.45,0.95,1.95,1.95,1.95,0.45,0.45,,,,,,,,,,1.95,3.95,1.95,1.95,1.95,1.95,,,,1.95,1.95,0.95,,,3.95,3.95,,0.45,0.45,0.45,1.95,1.95,1.95,1.95,1.95,1.95,,,1.95,,,,,0.45,,,,1.95,,,,1.95,0.4,0.4,1.95,,,,0.95,1.95,,0.45,0.45,1.95
118,10227660,,3.95,,,,,0.95,0.45,,,,3.95,3.95,,3.95,7.95,7.95,,,,,,,,,3.95,,1.95,0.45,,,0.4,,1.95,1.95,,,,1.45,1.95,0.45,,,,1.95,0.95,,,,,,0.45,,0.4,0.45,,,,,1.95,0.95,,,,,0.45,0.95,0.4,,,,0.4,1.95,1.95,,1.95,,,,,,0.4,,,,,3.95,3.95,1.95,1.95,2.95,1.95,1.95,1.95,1.95,1.95,1.95,2.95,,,1.95,,,0.4,7.95,7.95,,3.95,1.95,,,,,,,0.4,1.95,,0.4,3.95,,,7.95,,0.4,0.4,0.4,0.45,0.4,0.45,0.45,0.95,1.95,1.95,1.95,0.45,0.45,,,,,,,,,,1.95,1.95,1.95,1.95,1.95,1.95,,,,1.95,1.95,0.95,,,3.95,3.95,,0.45,0.45,0.45,1.95,1.95,1.95,1.95,1.95,1.95,,,1.95,,,,,0.45,,,,1.95,,,,1.95,0.4,0.4,1.95,,,,0.95,1.95,,0.45,0.45,1.95
118,10227720,,3.95,,,,,0.95,0.45,,,,3.95,3.95,,3.95,7.95,7.95,,,,,,,,,3.95,,1.95,0.45,,,0.4,,1.95,1.95,,,,1.45,1.95,0.45,,,,1.95,0.95,,,,,,0.45,,0.4,0.45,,,,,1.95,0.95,,,,,0.45,0.95,0.4,,,,0.4,1.95,1.95,,1.95,,,,,,0.4,,,,,3.95,3.95,1.95,1.95,2.95,1.95,1.95,1.95,1.95,1.95,1.95,2.95,,,1.95,,,0.4,7.95,7.95,,3.95,1.95,,,,,,,0.4,1.95,,0.4,3.95,,,7.95,,0.4,0.4,0.4,0.45,0.4,0.45,0.45,0.95,1.95,1.95,1.95,0.45,0.45,,,,,,,,,,1.95,1.95,1.95,1.95,1.95,1.95,,,,1.95,1.95,0.95,,,3.95,3.95,,0.45,0.45,0.45,1.95,1.95,1.95,1.95,1.95,1.95,,,1.95,,,,,0.45,,,,1.95,,,,1.95,0.4,0.4,1.95,,,,0.95,1.95,,0.45,0.45,1.95
118,10227780,,3.95,,,,,0.95,0.45,,,,3.95,3.95,,3.95,7.95,7.95,,,,,,,,,3.95,,1.95,0.45,,,0.4,,1.95,1.95,,,,1.45,1.95,0.45,,,,1.95,0.95,,,,,,0.45,,0.4,0.45,,,,,1.95,0.95,,,,,0.45,0.95,0.4,,,,0.4,1.95,1.95,,1.95,,,,,,0.4,,,,,3.95,3.95,1.95,1.95,2.95,1.95,1.95,1.95,1.95,1.95,1.95,2.95,,,1.95,,,0.4,7.95,7.95,,3.95,1.95,,,,,,,0.4,1.95,,0.4,3.95,,,7.95,,0.4,0.4,0.4,0.45,0.4,0.45,0.45,0.95,1.95,1.95,1.95,0.45,0.45,,,,,,,,,,1.95,1.95,1.95,1.95,1.95,1.95,,,,1.95,1.95,0.95,,,3.95,3.95,,0.45,0.45,0.45,1.95,1.95,1.95,1.95,1.95,1.95,,,1.95,,,,,0.45,,,,1.95,,,,1.95,0.4,0.4,1.95,,,,0.95,1.95,,0.45,0.45,1.95
118,10227840,,3.95,,,,,0.95,0.45,,,,3.95,3.95,,3.95,7.95,7.95,,,,,,,,,3.95,,1.95,0.45,,,0.4,,1.95,1.95,,,,1.45,1.95,0.45,,,,1.95,0.95,,,,,,0.45,,0.4,0.45,,,,,1.95,0.95,,,,,0.45,0.95,0.4,,,,0.4,1.95,1.95,,1.95,,,,,,0.4,,,,,3.95,3.95,1.95,1.95,2.95,1.95,1.95,1.95,1.95,1.95,1.95,2.95,,,1.95,,,0.4,7.95,7.95,,3.95,1.95,,,,,,,0.4,1.95,,0.4,3.95,,,7.95,,0.4,0.4,0.4,0.45,0.4,0.45,0.45,0.95,1.95,1.95,1.95,0.45,0.45,,,,,,,,,,1.95,1.95,1.95,1.95,1.95,1.95,,,,1.95,1.95,0.95,,,3.95,3.95,,0.45,0.45,0.45,1.95,1.95,1.95,1.95,1.95,1.95,,,1.95,,,,,0.45,,,,1.95,,,,1.95,0.4,0.4,1.95,,,,0.95,1.95,,0.45,0.45,1.95
118,10227900,,3.95,,,,,0.95,0.45,,,,3.95,3.95,,3.95,7.95,7.95,,,,,,,,,3.95,,1.95,0.45,,,0.4,,1.95,1.95,,,,1.283,1.95,0.45,,,,1.95,0.95,,,,,,0.45,,0.4,0.45,,,,,1.95,0.95,,,,,0.45,0.95,0.4,,,,0.4,1.95,1.95,,1.95,,,,,,0.4,,,,,3.95,3.95,1.95,1.95,2.95,1.95,1.95,1.95,1.95,1.95,1.95,2.95,,,1.95,,,0.4,7.95,7.95,,3.95,1.95,,,,,,,0.4,1.95,,0.4,3.95,,,7.95,,0.4,0.4,0.4,0.45,0.4,0.45,0.45,0.95,1.95,1.95,1.95,0.45,0.45,,,,,,,,,,1.95,1.95,1.95,1.95,1.95,1.95,,,,1.95,1.95,0.95,,,3.95,3.95,,0.45,0.45,0.45,1.95,1.95,1.95,1.95,1.95,1.95,,,1.95,,,,,0.45,,,,1.95,,,,1.95,0.4,0.4,1.95,,,,0.95,1.95,,0.45,0.45,1.95
118,10227960,,3.95,,,,,0.95,0.45,,,,3.95,3.95,,3.95,7.95,7.95,,,,,,,,,3.95,,1.95,0.45,,,0.4,,1.95,1.95,,,,1.45,1.95,0.45,,,,1.95,0.95,,,,,,0.45,,0.4,0.45,,,,,1.95,0.95,,,,,0.45,0.95,0.4,,,,0.4,1.95,1.95,,1.95,,,,,,0.4,,,,,3.95,3.95,1.95,1.95,2.95,1.95,1.95,1.95,1.95,1.95,1.95,2.95,,,1.95,,,0.4,7.95,7.95,,3.95,1.95,,,,,,,0.4,1.95,,0.4,3.95,,,7.95,,0.4,0.4,0.4,0.45,0.4,0.45,0.45,0.95,1.95,1.95,1.95,0.45,0.45,,,,,,,,,,1.95,1.95,1.95,1.95,1.95,1.95,,,,1.95,1.95,0.95,,,3.95,3.95,,0.45,0.45,0.45,1.95,1.95,1.95,1.95,1.95,1.95,,,1.95,,,,,0.45,,,,1.95,,,,1.95,0.4,0.4,1.95,,,,0.95,1.95,,0.45,0.45,1.95
118,10228020,,3.95,,,,,0.95,0.45,,,,3.95,3.95,,3.95,7.95,7.95,,,,,,,,,3.95,,1.95,0.45,,,0.4,,1.95,1.95,,,,1.45,1.95,0.45,,,,1.95,0.95,,,,,,0.45,,0.4,0.45,,,,,1.95,0.95,,,,,0.45,0.95,0.4,,,,0.4,1.95,1.95,,1.95,,,,,,0.4,,,,,3.95,3.95,1.95,1.95,2.95,1.95,1.95,1.95,1.95,1.95,1.95,2.95,,,1.95,,,0.4,7.95,7.95,,3.95,1.95,,,,,,,0.4,1.95,,0.4,3.95,,,7.95,,0.4,0.4,0.4,0.45,0.4,0.45,0.45,0.95,1.95,1.95,1.95,0.45,0.45,,,,,,,,,,1.95,1.95,1.95,1.95,1.95,1.95,,,,1.95,1.95,0.95,,,3.95,3.95,,0.45,0.45,0.45,1.95,1.95,1.95,1.95,1.95,1.95,,,1.95,,,,,0.45,,,,1.95,,,,1.95,0.4,0.4,1.95,,,,0.95,1.95,,0.45,0.45,1.95
118,10228080,,3.95,,,,,0.95,0.45,,,,3.95,3.95,,3.95,7.95,7.95,,,,,,,,,3.95,,1.95,0.45,,,0.4,,1.95,1.95,,,,1.45,1.95,0.45,,,,1.95,0.95,,,,,,0.45,,0.4,0.45,,,,,1.95,0.95,,,,,0.45,0.95,0.4,,,,0.4,1.95,1.95,,1.95,,,,,,0.4,,,,,3.95,3.95,1.95,1.95,2.95,1.95,1.95,1.95,1.95,1.95,1.95,2.95,,,1.95,,,0.4,7.95,7.95,,3.95,1.95,,,,,,,0.4,1.95,,0.4,3.95,,,7.95,,0.4,0.4,0.4,0.45,0.4,0.45,0.45,0.95,1.95,1.95,1.95,0.45,0.45,,,,,,,,,,1.95,1.95,1.95,1.95,1.95,1.95,,,,1.95,1.95,0.95,,,3.95,3.95,,0.45,0.45,0.45,1.95,1.95,1.95,1.95,1.95,1.95,,,1.95,,,,,0.45,,,,1.95,,,,1.95,0.4,0.4,1.95,,,,0.95,1.95,,0.45,0.45,1.95
118,10228140,,3.95,,,,,0.95,0.45,,,,3.95,3.95,,3.95,7.95,7.95,,,,,,,,,3.95,,1.95,0.45,,,0.4,,1.95,1.95,,,,1.45,1.95,0.45,,,,1.95,0.95,,,,,,0.45,,0.4,0.45,,,,,1.95,0.95,,,,,0.45,0.95,0.4,,,,0.4,1.95,1.95,,1.95,,,,,,0.4,,,,,3.95,3.95,1.95,1.95,2.95,1.95,1.95,1.95,1.95,1.95,1.95,2.95,,,1.95,,,0.4,7.95,7.95,,3.95,1.95,,,,,,,0.4,1.95,,0.4,3.95,,,7.95,,0.4,0.4,0.4,0.45,0.4,0.45,0.45,0.95,1.95,1.95,1.95,0.45,0.45,,,,,,,,,,1.95,1.95,1.95,1.95,1.95,1.95,,,,1.95,1.95,0.95,,,3.95,3.95,,0.45,0.45,0.45,1.95,1.95,1.95,1.95,1.95,1.95,,,1.95,,,,,0.45,,,,1.95,,,,1.95,0.4,0.4,1.95,,,,0.95,1.95,,0.45,0.45,1.95
118,10228200,,3.95,,,,,0.95,0.45,,,,3.95,3.95,,3.95,7.95,7.95,,,,,,,,,3.95,,1.95,0.45,,,0.4,,1.95,1.95,,,,1.45,1.95,0.45,,,,1.95,0.95,,,,,,0.45,,0.4,0.45,,,,,1.95,0.95,,,,,0.45,0.95,0.4,,,,0.4,1.95,1.95,,1.95,,,,,,0.4,,,,,3.95,3.95,1.95,1.95,2.95,1.95,1.95,1.95,1.95,1.95,1.95,2.95,,,1.95,,,0.4,7.95,7.95,,3.95,1.95,,,,,,,0.4,1.95,,0.4,3.95,,,7.95,,0.4,0.4,0.4,0.45,0.4,0.45,0.45,0.95,1.95,1.95,1.95,0.45,0.45,,,,,,,,,,1.95,1.95,1.95,1.95,1.95,1.95,,,,1.95,1.95,0.95,,,3.95,3.95,,0.45,0.45,0.45,1.95,1.95,1.95,1.95,1.95,1.95,,,1.95,,,,,0.45,,,,1.95,,,,1.95,0.4,0.4,1.95,,,,0.95,1.95,,0.45,0.45,1.95
118,10228260,,3.95,,,,,0.95,0.45,,,,3.95,3.95,,3.95,7.95,7.95,,,,,,,,,3.95,,1.95,0.45,,,0.4,,1.95,1.95,,,,1.45,1.95,0.45,,,,1.95,0.95,,,,,,0.45,,0.4,0.45,,,,,1.95,0.95,,,,,0.45,0.95,0.4,,,,0.4,1.95,1.95,,1.95,,,,,,0.4,,,,,3.95,3.95,1.95,1.95,2.95,1.95,1.95,1.95,1.95,1.95,1.95,2.95,,,1.95,,,0.4,7.95,7.95,,3.95,1.95,,,,,,,0.4,1.95,,0.4,3.95,,,7.95,,0.4,0.4,0.4,0.45,0.4,0.45,0.45,0.95,1.95,1.95,1.95,0.45,0.45,,,,,,,,,,1.95,1.95,1.95,1.95,1.95,1.95,,,,1.95,1.95,0.95,,,3.95,3.95,,0.45,0.45,0.45,1.95,1.95,1.95,1.95,1.95,1.95,,,1.95,,,,,0.45,,,,1.95,,,,1.95,0.4,0.4,1.95,,,,0.95,1.95,,0.45,0.45,1.95
118,10228320,,3.95,,,,,0.95,0.45,,,,3.95,3.95,,3.95,7.95,7.95,,,,,,,,,3.95,,1.95,0.45,,,0.4,,1.95,1.95,,,,1.45,1.95,0.45,,,,1.95,0.95,,,,,,0.45,,0.4,0.45,,,,,1.95,0.95,,,,,0.45,0.95,0.4,,,,0.4,1.95,1.95,,1.95,,,,,,0.4,,,,,3.95,3.95,1.95,1.95,2.95,1.95,1.95,1.95,1.95,1.95,1.95,2.95,,,1.95,,,0.4,7.95,7.95,,3.95,1.95,,,,,,,0.4,1.95,,0.4,3.95,,,7.95,,0.4,0.4,0.4,0.45,0.4,0.45,0.45,0.95,1.95,1.95,1.95,0.45,0.45,,,,,,,,,,1.95,1.95,1.95,1.95,1.95,1.95,,,,1.95,1.95,0.95,,,3.95,3.95,,0.45,0.45,0.45,1.95,1.95,1.95,1.95,1.95,1.95,,,1.95,,,,,0.45,,,,1.95,,,,1.95,0.4,0.4,1.95,,,,0.95,1.95,,0.45,0.45,1.95
118,10228380,,3.95,,,,,0.95,0.45,,,,3.95,3.95,,3.95,7.95,7.95,,,,,,,,,3.95,,1.95,0.45,,,0.4,,1.95,1.95,,,,1.45,1.95,0.45,,,,1.95,0.95,,,,,,0.45,,0.4,0.45,,,,,1.95,0.95,,,,,0.45,0.95,0.4,,,,0.4,1.95,1.95,,1.95,,,,,,0.4,,,,,3.95,3.95,1.95,1.95,2.95,1.95,1.95,1.95,1.95,1.95,1.95,2.95,,,1.95,,,0.4,7.95,7.95,,3.95,1.95,,,,,,,0.4,1.95,,0.4,3.95,,,7.95,,0.4,0.4,0.4,0.45,0.4,0.45,0.45,0.95,1.95,1.95,1.95,0.45,0.45,,,,,,,,,,1.95,1.95,1.95,1.95,1.95,1.95,,,,1.95,1.95,0.95,,,3.95,3.95,,0.45,0.45,0.45,1.95,1.95,1.95,1.95,1.95,1.95,,,1.95,,,,,0.45,,,,1.95,,,,1.95,0.4,0.4,1.95,,,,0.95,1.95,,0.45,0.45,1.95
118,10228440,,3.95,,,,,0.95,0.45,,,,3.95,3.95,,3.95,7.95,7.95,,,,,,,,,3.95,,1.95,0.45,,,0.4,,1.95,1.95,,,,1.617,1.95,0.45,,,,1.95,0.95,,,,,,0.45,,0.4,0.45,,,,,1.95,0.95,,,,,0.45,0.95,0.4,,,,0.4,1.95,1.95,,1.95,,,,,,0.4,,,,,3.95,3.95,1.95,1.95,2.95,1.95,1.95,1.95,1.95,1.95,1.95,2.95,,,1.95,,,0.4,7.95,7.95,,3.95,1.95,,,,,,,0.4,1.95,,0.4,3.95,,,7.95,,0.4,0.4,0.4,0.45,0.4,0.45,0.45,0.95,1.95,1.95,1.95,0.45,0.45,,,,,,,,,,1.95,1.95,1.95,1.95,1.95,1.95,,,,1.95,1.95,0.95,,,3.95,3.95,,0.45,0.45,0.45,1.95,1.95,1.95,1.95,1.95,1.95,,,1.95,,,,,0.45,,,,1.95,,,,1.95,0.4,0.4,1.95,,,,0.95,1.95,,0.45,0.45,1.95
118,10228500,,3.95,,,,,0.95,0.45,,,,3.95,3.95,,3.95,7.95,7.95,,,,,,,,,3.95,,1.95,0.45,,,0.4,,1.95,1.95,,,,1.45,1.95,0.45,,,,1.95,0.95,,,,,,0.45,,0.4,0.45,,,,,1.95,0.95,,,,,0.45,0.95,0.4,,,,0.4,1.95,1.95,,1.95,,,,,,0.4,,,,,3.95,3.95,1.95,1.95,2.95,1.95,1.95,1.95,1.95,1.95,1.95,2.95,,,1.95,,,0.4,7.95,7.95,,3.95,1.95,,,,,,,0.4,1.95,,0.4,3.95,,,7.95,,0.4,0.4,0.4,0.45,0.4,0.45,0.45,0.95,1.95,1.95,1.95,0.45,0.45,,,,,,,,,,1.95,1.95,1.95,1.95,1.95,1.95,,,,1.95,1.95,0.95,,,3.95,3.95,,0.45,0.45,0.45,1.95,1.95,1.95,1.95,1.95,1.95,,,1.95,,,,,0.45,,,,1.95,,,,1.95,0.4,0.4,1.95,,,,0.95,1.95,,0.45,0.45,1.95
118,10228560,,3.95,,,,,0.95,0.45,,,,3.95,3.95,,3.95,7.95,7.95,,,,,,,,,3.95,,1.95,0.45,,,0.4,,1.95,1.95,,,,1.45,1.95,0.45,,,,1.95,0.95,,,,,,0.45,,0.4,0.45,,,,,1.95,0.95,,,,,0.45,0.95,0.4,,,,0.4,1.95,1.95,,1.95,,,,,,0.4,,,,,3.95,3.95,1.95,1.95,2.95,1.95,1.95,1.95,1.95,1.95,1.95,2.95,,,1.95,,,0.4,7.95,7.95,,3.95,1.95,,,,,,,0.4,1.95,,0.4,3.95,,,7.95,,0.4,0.4,0.4,0.45,0.4,0.45,0.45,0.95,1.95,1.95,1.95,0.45,0.45,,,,,,,,,,1.95,1.95,1.95,1.95,1.95,1.95,,,,1.95,1.95,0.95,,,3.95,3.95,,0.45,0.45,0.45,1.95,1.95,1.95,1.95,1.95,1.95,,,1.95,,,,,0.45,,,,1.95,,,,1.95,0.4,0.4,1.95,,,,0.95,1.95,,0.45,0.45,1.95
118,10228620,,3.95,,,,,0.95,0.45,,,,3.95,3.95,,3.95,7.95,7.95,,,,,,,,,3.95,,1.95,0.45,,,0.4,,1.95,1.95,,,,1.45,1.95,0.45,,,,1.95,0.95,,,,,,0.45,,0.4,0.45,,,,,1.95,0.95,,,,,0.45,0.95,0.4,,,,0.4,1.95,1.95,,1.95,,,,,,0.4,,,,,3.95,3.95,1.95,1.95,2.95,1.95,1.95,1.95,1.95,1.95,1.95,2.95,,,1.95,,,0.4,7.95,7.95,,3.95,1.95,,,,,,,0.4,1.95,,0.4,3.95,,,7.95,,0.4,0.4,0.4,0.45,0.4,0.45,0.45,0.95,1.95,1.95,1.95,0.45,0.45,,,,,,,,,,1.95,1.95,1.95,1.95,1.95,1.95,,,,1.95,1.95,0.95,,,3.95,3.95,,0.45,0.45,0.45,1.95,1.95,1.95,1.95,1.95,1.95,,,1.95,,,,,0.45,,,,1.95,,,,1.95,0.4,0.4,1.95,,,,0.95,1.95,,0.45,0.45,1.95
118,10228680,,3.95,,,,,0.95,0.45,,,,3.95,3.95,,3.95,7.95,7.95,,,,,,,,,3.95,,1.95,0.45,,,0.4,,1.95,1.95,,,,1.45,1.95,0.45,,,,1.95,0.95,,,,,,0.45,,0.4,0.45,,,,,1.95,0.95,,,,,0.45,0.95,0.4,,,,0.4,1.95,1.95,,1.95,,,,,,0.4,,,,,3.95,3.95,1.95,1.95,2.95,1.95,1.95,1.95,1.95,1.95,1.95,2.95,,,1.95,,,0.4,7.95,7.95,,3.95,1.95,,,,,,,0.4,1.95,,0.4,3.95,,,7.95,,0.4,0.4,0.4,0.45,0.4,0.45,0.45,0.95,1.95,1.95,1.95,0.45,0.45,,,,,,,,,,1.95,1.95,1.95,1.95,1.95,1.95,,,,1.95,1.95,0.95,,,3.95,3.95,,0.45,0.45,0.45,1.95,1.95,1.95,1.95,1.95,1.95,,,1.95,,,,,0.45,,,,1.95,,,,1.95,0.4,0.4,1.95,,,,0.95,1.95,,0.45,0.45,1.95
118,10228740,,3.95,,,,,0.95,0.45,,,,3.95,3.95,,3.95,7.95,7.95,,,,,,,,,3.95,,1.95,0.45,,,0.4,,1.95,1.95,,,,1.617,1.95,0.45,,,,1.95,0.95,,,,,,0.45,,0.4,0.45,,,,,1.95,0.95,,,,,0.45,0.95,0.4,,,,0.4,1.95,1.95,,1.95,,,,,,0.4,,,,,3.95,3.95,1.95,1.95,2.95,1.95,1.95,1.95,1.95,1.95,1.95,2.95,,,1.95,,,0.4,7.95,7.95,,3.95,1.95,,,,,,,0.4,1.95,,0.4,3.95,,,7.95,,0.4,0.4,0.4,0.45,0.4,0.45,0.45,0.95,1.95,1.95,1.95,0.45,0.45,,,,,,,,,,1.95,1.95,1.95,1.95,1.95,1.95,,,,1.95,1.95,0.95,,,3.95,3.95,,0.45,0.45,0.45,1.95,1.95,1.95,1.95,1.95,1.95,,,1.95,,,,,0.45,,,,1.95,,,,1.95,0.4,0.4,1.95,,,,0.95,1.95,,0.45,0.45,1.95
118,10228800,,3.95,,,,,0.95,0.45,,,,3.95,3.95,,3.95,7.95,7.95,,,,,,,,,3.95,,1.95,0.45,,,0.4,,1.95,1.95,,,,1.45,1.95,0.45,,,,1.95,0.95,,,,,,0.45,,0.4,0.45,,,,,1.95,0.95,,,,,0.45,0.95,0.4,,,,0.4,1.95,1.95,,1.95,,,,,,0.4,,,,,3.95,3.95,1.95,1.95,2.95,1.95,1.95,1.95,1.95,1.95,1.95,2.95,,,1.95,,,0.4,7.95,7.95,,3.95,1.95,,,,,,,0.4,1.95,,0.4,3.95,,,7.95,,0.4,0.4,0.4,0.45,0.4,0.45,0.45,0.95,1.95,1.95,1.95,0.45,0.45,,,,,,,,,,1.95,1.95,1.95,1.95,1.95,1.95,,,,1.95,1.95,0.95,,,3.95,3.95,,0.45,0.45,0.45,1.95,1.95,1.95,1.95,1.95,1.95,,,1.95,,,,,0.45,,,,1.95,,,,1.95,0.4,0.4,1.95,,,,0.95,1.95,,0.45,0.45,1.95
118,10228860,,3.95,,,,,0.95,0.45,,,,3.95,3.95,,3.95,7.95,7.95,,,,,,,,,3.95,,1.95,0.45,,,0.4,,1.95,1.95,,,,1.45,1.95,0.45,,,,1.95,0.95,,,,,,0.45,,0.4,0.45,,,,,1.95,0.95,,,,,0.45,0.95,0.4,,,,0.4,1.95,1.95,,1.95,,,,,,0.4,,,,,3.95,3.95,1.95,1.95,2.95,1.95,1.95,1.95,1.95,1.95,1.95,2.95,,,1.95,,,0.4,7.95,7.95,,3.95,1.95,,,,,,,0.4,1.95,,0.4,3.95,,,7.95,,0.4,0.4,0.4,0.45,0.4,0.45,0.45,0.95,1.95,1.95,1.95,0.45,0.45,,,,,,,,,,1.95,1.95,1.95,1.95,1.95,1.95,,,,1.95,1.95,0.95,,,3.95,3.95,,0.45,0.45,0.45,1.95,1.95,1.95,1.95,1.95,1.95,,,1.95,,,,,0.45,,,,1.95,,,,1.95,0.4,0.4,1.95,,,,0.95,1.95,,0.45,0.45,1.95
118,10228920,,3.95,,,,,0.95,0.45,,,,3.95,3.95,,3.95,7.95,7.95,,,,,,,,,3.95,,1.95,0.45,,,0.4,,1.95,1.95,,,,1.45,1.95,0.45,,,,1.95,0.95,,,,,,0.45,,0.4,0.45,,,,,1.95,0.95,,,,,0.45,0.95,0.4,,,,0.4,1.95,1.95,,1.95,,,,,,0.4,,,,,3.95,3.95,1.95,1.95,2.95,1.95,1.95,1.95,1.95,1.95,1.95,2.95,,,1.95,,,0.4,7.95,7.95,,3.95,1.95,,,,,,,0.4,1.95,,0.4,3.95,,,7.95,,0.4,0.4,0.4,0.45,0.4,0.45,0.45,0.95,1.95,1.95,1.95,0.45,0.45,,,,,,,,,,1.95,1.95,1.95,1.95,1.95,1.95,,,,1.95,1.95,0.95,,,3.95,3.95,,0.45,0.45,0.45,1.95,1.95,1.95,1.95,1.95,1.95,,,1.95,,,,,0.45,,,,1.95,,,,1.95,0.4,0.4,1.95,,,,0.95,1.95,,0.45,0.45,1.95
118,10228980,,3.95,,,,,0.95,0.45,,,,3.95,3.95,,3.95,7.95,7.95,,,,,,,,,3.95,,1.95,0.45,,,0.4,,1.95,1.95,,,,1.45,1.95,0.45,,,,1.95,0.95,,,,,,0.45,,0.4,0.45,,,,,1.95,0.95,,,,,0.45,0.95,0.4,,,,0.4,1.95,1.95,,1.95,,,,,,0.4,,,,,3.95,3.95,1.95,1.95,2.95,1.95,1.95,1.95,1.95,1.95,1.95,2.95,,,1.95,,,0.4,7.95,7.95,,3.95,1.95,,,,,,,0.4,1.95,,0.4,3.95,,,7.95,,0.4,0.4,0.4,0.45,0.4,0.45,0.45,0.95,1.95,1.95,1.95,0.45,0.45,,,,,,,,,,1.95,1.95,1.95,1.95,1.95,1.95,,,,1.95,1.95,0.95,,,3.95,3.95,,0.45,0.45,0.45,1.95,1.95,1.95,1.95,1.95,1.95,,,1.95,,,,,0.45,,,,1.95,,,,1.95,0.4,0.4,1.95,,,,0.95,1.95,,0.45,0.45,1.95
118,10229040,,3.95,,,,,0.95,0.45,,,,3.95,3.95,,3.95,7.95,7.95,,,,,,,,,3.95,,1.95,0.45,,,0.4,,1.95,1.95,,,,1.45,1.95,0.45,,,,1.95,0.95,,,,,,0.45,,0.4,0.45,,,,,1.95,0.95,,,,,0.45,0.95,0.4,,,,0.4,1.95,1.95,,1.95,,,,,,0.4,,,,,3.95,3.95,1.95,1.95,2.95,1.95,1.95,1.95,1.95,1.95,1.95,2.95,,,1.95,,,0.4,7.95,7.95,,3.95,1.95,,,,,,,0.4,1.95,,0.4,3.95,,,7.95,,0.4,0.4,0.4,0.45,0.4,0.45,0.45,0.95,1.95,1.95,1.95,0.45,0.45,,,,,,,,,,1.95,1.95,1.95,1.95,1.95,1.95,,,,1.95,1.95,0.95,,,3.95,3.95,,0.45,0.45,0.45,1.95,1.95,1.95,1.95,1.95,1.95,,,1.95,,,,,0.45,,,,1.95,,,,1.95,0.4,0.4,1.95,,,,0.95,1.95,,0.45,0.45,1.95
118,10229100,,3.95,,,,,0.95,0.45,,,,3.95,3.95,,3.95,7.95,7.95,,,,,,,,,3.95,,1.95,0.45,,,0.4,,1.95,1.95,,,,1.45,1.95,0.45,,,,1.95,0.95,,,,,,0.45,,0.4,0.45,,,,,1.95,0.95,,,,,0.45,0.95,0.4,,,,0.4,1.95,1.95,,1.95,,,,,,0.4,,,,,3.95,3.95,1.95,1.95,2.95,1.95,1.95,1.95,1.95,1.95,1.95,2.95,,,1.95,,,0.4,7.95,7.95,,3.95,1.95,,,,,,,0.4,1.95,,0.4,3.95,,,7.95,,0.4,0.4,0.4,0.45,0.4,0.45,0.45,0.95,1.95,1.95,1.95,0.45,0.45,,,,,,,,,,1.95,1.95,1.95,1.95,1.95,1.95,,,,1.95,1.95,0.95,,,3.95,3.95,,0.45,0.45,0.45,1.95,1.95,1.95,1.95,1.95,1.95,,,1.95,,,,,0.45,,,,1.95,,,,1.95,0.4,0.4,1.95,,,,0.95,1.95,,0.45,0.45,1.95
118,10229160,,3.95,,,,,0.95,0.45,,,,3.95,3.95,,3.95,7.95,7.95,,,,,,,,,3.95,,1.95,0.45,,,0.4,,1.95,1.95,,,,1.45,1.95,0.45,,,,1.95,0.95,,,,,,0.45,,0.4,0.45,,,,,1.95,0.95,,,,,0.45,0.95,0.4,,,,0.4,1.95,1.95,,1.95,,,,,,0.4,,,,,3.95,3.95,1.95,1.95,2.95,1.95,1.95,1.95,1.95,1.95,1.95,2.95,,,1.95,,,0.4,7.95,7.95,,3.95,1.95,,,,,,,0.4,1.95,,0.4,3.95,,,7.95,,0.4,,0.4,0.45,0.4,0.45,0.45,0.95,1.95,1.95,1.95,0.45,0.45,,,,,,,,,,1.95,1.95,1.95,1.95,1.95,1.95,,,,1.95,1.95,0.95,,,3.95,3.95,,0.45,0.45,0.45,1.95,1.95,1.95,1.95,1.95,1.95,,,1.95,,,,,0.45,,,,1.95,,,,1.95,0.4,0.4,1.95,,,,0.95,1.95,,0.45,0.45,1.95
118,10229220,,3.95,,,,,0.95,0.45,,,,3.95,3.95,,3.95,7.95,7.95,,,,,,,,,3.95,,1.95,0.45,,,0.4,,1.95,1.95,,,,1.45,1.95,0.45,,,,1.95,0.95,,,,,,0.45,,0.4,0.45,,,,,1.95,0.95,,,,,0.45,0.95,0.4,,,,0.4,1.95,1.95,,1.95,,,,,,0.4,,,,,3.95,3.95,1.95,1.95,2.95,1.95,1.95,1.95,1.95,1.95,1.95,2.95,,,1.95,,,0.4,7.95,7.95,,3.95,1.95,,,,,,,0.4,1.95,,0.4,3.95,,,7.95,,0.4,,0.4,0.45,0.4,0.45,0.45,0.95,1.95,1.95,1.95,0.45,0.45,,,,,,,,,,1.95,1.95,1.95,1.95,1.95,1.95,,,,1.95,1.95,0.95,,,3.95,3.95,,0.45,0.45,0.45,1.95,1.95,1.95,1.95,1.95,1.95,,,1.95,,,,,0.45,,,,1.95,,,,1.95,0.4,0.4,1.95,,,,0.95,1.95,,0.45,0.45,1.95
118,10229280,,3.95,,,,,0.95,0.45,,,,3.95,3.95,,3.95,7.95,7.95,,,,,,,,,3.95,,1.95,0.45,,,0.4,,1.95,1.95,,,,1.45,1.95,0.45,,,,1.95,0.95,,,,,,0.45,,0.4,0.45,,,,,1.95,0.95,,,,,0.45,0.95,0.4,,,,0.4,1.95,1.95,,1.95,,,,,,0.4,,,,,3.95,3.95,1.95,1.95,2.95,1.95,1.95,1.95,1.95,1.95,1.95,2.95,,,1.95,,,0.4,7.95,7.95,,3.95,1.95,,,,,,,0.4,1.95,,0.4,3.95,,,7.95,,0.4,,0.4,0.45,0.4,0.45,0.45,0.95,1.95,1.95,1.95,0.45,0.45,,,,,,,,,,1.95,1.95,1.95,1.95,1.95,1.95,,,,1.95,1.95,0.95,,,3.95,3.95,,0.45,0.45,0.45,1.95,1.95,1.95,1.95,1.95,1.95,,,1.95,,,,,0.45,,,,1.95,,,,1.95,0.4,0.4,1.95,,,,0.95,1.95,,0.45,0.45,1.95
118,10229340,,3.95,,,,,0.95,0.45,,,,3.95,3.95,,3.95,7.95,7.95,,,,,,,,,3.95,,1.95,0.45,,,0.4,,1.95,1.95,,,,1.45,1.95,0.45,,,,1.95,0.95,,,,,,0.45,,0.4,0.45,,,,,1.95,0.95,,,,,0.45,0.95,0.4,,,,0.4,1.95,1.95,,1.95,,,,,,0.4,,,,,3.95,3.95,1.95,1.95,2.95,1.95,1.95,1.95,1.95,1.95,1.95,2.95,,,1.95,,,0.4,7.95,7.95,,3.95,1.95,,,,,,,0.4,1.95,,0.4,3.95,,,7.95,,0.4,,0.4,0.45,0.4,0.45,0.45,0.95,1.95,1.95,1.95,0.45,0.45,,,,,,,,,,1.95,1.95,1.95,1.95,1.95,1.95,,,,1.95,1.95,0.95,,,3.95,3.95,,0.45,0.45,0.45,1.95,1.95,1.95,1.95,1.95,1.95,,,1.95,,,,,0.45,,,,1.95,,,,1.95,0.4,0.4,1.95,,,,0.95,1.95,,0.45,0.45,1.95
118,10229400,,3.95,,,,,0.95,0.45,,,,3.95,3.95,,3.95,7.95,7.95,,,,,,,,,3.95,,1.95,0.45,,,0.4,,1.95,1.95,,,,1.45,1.95,0.45,,,,1.95,0.95,,,,,,0.45,,0.4,0.45,,,,,1.95,0.95,,,,,0.45,0.95,0.4,,,,0.4,1.95,1.95,,1.95,,,,,,0.4,,,,,3.95,3.95,1.95,1.95,2.95,1.95,1.95,1.95,1.95,1.95,1.95,2.95,,,1.95,,,0.4,7.95,7.95,,3.95,1.95,,,,,,,0.4,1.95,,0.4,3.95,,,7.95,,0.4,,0.4,0.45,0.4,0.45,0.45,0.95,1.95,1.95,1.95,0.45,0.45,,,,,,,,,,1.95,1.95,1.95,1.95,1.95,1.95,,,,1.95,1.95,0.95,,,3.95,3.95,,0.45,0.45,0.45,1.95,1.95,1.95,1.95,1.95,1.95,,,1.95,,,,,0.45,,,,1.95,,,,1.95,0.4,0.4,1.95,,,,0.95,1.95,,0.45,0.45,1.95
118,10229460,,3.95,,,,,0.95,0.45,,,,3.95,3.95,,3.95,7.95,7.95,,,,,,,,,3.95,,1.95,0.45,,,0.4,,1.95,1.95,,,,1.45,1.95,0.45,,,,1.95,0.95,,,,,,0.45,,0.4,0.45,,,,,1.95,0.95,,,,,0.45,0.95,0.4,,,,0.4,1.95,1.95,,1.95,,,,,,0.4,,,,,3.95,3.95,1.95,1.95,2.95,1.95,1.95,1.95,1.95,1.95,1.95,2.95,,,1.95,,,0.4,7.95,7.95,,3.95,1.95,,,,,,,0.4,1.95,,0.4,3.95,,,7.95,,0.4,,0.4,0.45,0.4,0.45,0.45,0.95,1.95,1.95,1.95,0.45,0.45,,,,,,,,,,1.95,1.95,1.95,1.95,1.95,1.95,,,,1.95,1.95,0.95,,,3.95,3.95,,0.45,0.45,0.45,1.95,1.95,1.95,1.95,1.95,1.95,,,1.95,,,,,0.45,,,,1.95,,,,1.95,0.4,0.4,1.95,,,,0.95,1.95,,0.45,0.45,1.95
118,10229520,,3.95,,,,,0.95,0.45,,,,3.95,3.95,,3.95,7.95,7.95,,,,,,,,,3.95,,1.95,0.45,,,0.4,,1.95,1.95,,,,1.45,1.95,0.45,,,,1.95,0.95,,,,,,0.45,,0.4,0.45,,,,,1.95,0.95,,,,,0.45,0.95,0.4,,,,0.4,1.95,1.95,,1.95,,,,,,0.4,,,,,3.95,3.95,1.95,1.95,2.95,1.95,1.95,1.95,1.95,1.95,1.95,2.95,,,1.95,,,0.4,7.95,7.95,,3.95,1.95,,,,,,,0.4,1.95,,0.4,3.95,,,7.95,,0.4,,0.4,0.45,0.4,0.45,0.45,0.95,1.95,1.95,1.95,0.45,0.45,,,,,,,,,,1.95,1.95,1.95,1.95,1.95,1.95,,,,1.95,1.95,0.95,,,3.95,3.95,,0.45,0.45,0.45,1.95,1.95,1.95,1.95,1.95,1.95,,,1.95,,,,,0.45,,,,1.95,,,,1.95,0.4,0.4,1.95,,,,0.95,1.95,,0.45,0.45,1.95
118,10229580,,3.95,,,,,0.95,0.45,,,,3.95,3.95,,3.95,7.95,7.95,,,,,,,,,3.95,,1.95,0.45,,,0.4,,1.95,1.95,,,,1.45,1.95,0.45,,,,1.95,0.95,,,,,,0.45,,0.4,0.45,,,,,1.95,0.95,,,,,0.45,0.95,0.4,,,,0.4,1.95,1.95,,1.95,,,,,,0.4,,,,,3.95,3.95,1.95,1.95,2.95,1.95,1.95,1.95,1.95,1.95,1.95,2.95,,,1.95,,,0.4,7.95,7.95,,3.95,1.95,,,,,,,0.4,1.95,,0.4,3.95,,,7.95,,0.4,,0.4,0.45,0.4,0.45,0.45,0.95,1.95,1.95,1.95,0.45,0.45,,,,,,,,,,1.95,1.95,1.95,1.95,1.95,1.95,,,,1.95,1.95,0.95,,,3.95,3.95,,0.45,0.45,0.45,1.95,1.95,1.95,1.95,1.95,1.95,,,1.95,,,,,0.45,,,,1.95,,,,1.95,0.4,0.4,1.95,,,,0.95,1.95,,0.45,0.45,1.95
118,10229640,,3.95,,,,,0.95,0.45,,,,3.95,3.95,,3.95,7.95,7.95,,,,,,,,,3.95,,1.95,0.45,,,0.4,,1.95,1.95,,,,1.45,1.95,0.45,,,,1.95,0.95,,,,,,0.45,,0.4,0.45,,,,,1.95,0.95,,,,,0.45,0.95,0.4,,,,0.4,1.95,1.95,,1.95,,,,,,0.4,,,,,3.95,3.95,1.95,1.95,2.95,1.95,1.95,1.95,1.95,1.95,1.95,2.95,,,1.95,,,0.4,7.95,7.95,,3.95,1.95,,,,,,,0.4,1.95,,0.4,3.95,,,7.95,,0.4,,0.4,0.45,0.4,0.45,0.45,0.95,1.95,1.95,1.95,0.45,0.45,,,,,,,,,,1.95,1.95,1.95,1.95,1.95,1.95,,,,1.95,1.95,0.95,,,3.95,3.95,,0.45,0.45,0.45,1.95,1.95,1.95,1.95,1.95,1.95,,,1.95,,,,,0.45,,,,1.95,,,,1.95,0.4,0.4,1.95,,,,0.95,1.95,,0.45,0.45,1.95
118,10229700,,3.95,,,,,0.95,0.45,,,,3.95,3.95,,3.95,7.95,7.95,,,,,,,,,3.95,,1.95,0.45,,,0.4,,1.95,1.95,,,,1.45,1.95,0.45,,,,1.95,0.95,,,,,,0.45,,0.4,0.45,,,,,1.95,0.95,,,,,0.45,0.95,0.4,,,,0.4,1.95,1.95,,1.95,,,,,,0.4,,,,,3.95,3.95,1.95,1.95,2.95,1.95,1.95,1.95,1.95,1.95,1.95,2.95,,,1.95,,,0.4,7.95,7.95,,3.95,1.95,,,,,,,0.4,1.95,,0.4,3.95,,,7.95,,0.4,,0.4,0.45,0.4,0.45,0.45,0.95,1.95,1.95,1.95,0.45,0.45,,,,,,,,,,1.95,1.95,1.95,1.95,1.95,1.95,,,,1.95,1.95,0.95,,,3.95,3.95,,0.45,0.45,0.45,1.95,1.95,1.95,1.95,1.95,1.95,,,1.95,,,,,0.45,,,,1.95,,,,1.95,0.4,0.4,1.95,,,,0.95,1.95,,0.45,0.45,1.95
118,10229760,,3.95,,,,,0.95,0.45,,,,3.95,3.95,,3.95,7.95,7.95,,,,,,,,,3.95,,1.95,0.45,,,0.4,,1.95,1.95,,,,1.45,1.95,0.45,,,,1.95,0.95,,,,,,0.45,,0.4,0.45,,,,,1.95,0.95,,,,,0.45,0.95,0.4,,,,0.4,1.95,1.95,,1.95,,,,,,0.4,,,,,3.95,3.95,1.95,1.95,2.95,1.95,1.95,1.95,1.95,1.95,1.95,2.95,,,1.95,,,0.4,7.95,7.95,,3.95,1.95,,,,,,,0.4,1.95,,0.4,3.95,,,7.95,,0.4,,0.4,0.45,0.4,0.45,0.45,0.95,1.95,1.95,1.95,0.45,0.45,,,,,,,,,,1.95,1.95,1.95,1.95,1.95,1.95,,,,1.95,1.95,0.95,,,3.95,3.95,,0.45,0.45,0.45,1.95,1.95,1.95,1.95,1.95,1.95,,,1.95,,,,,0.45,,,,1.95,,,,1.95,0.4,0.4,1.95,,,,0.95,1.95,,0.45,0.45,1.95
118,10229820,,3.95,,,,,0.95,0.45,,,,3.95,3.95,,3.95,7.95,7.95,,,,,,,,,3.95,,1.95,0.45,,,0.4,,1.95,1.95,,,,1.45,1.95,0.45,,,,1.95,0.95,,,,,,0.45,,0.4,0.45,,,,,1.95,0.95,,,,,0.45,0.95,0.4,,,,0.4,1.95,1.95,,1.95,,,,,,0.4,,,,,3.95,3.95,1.95,1.95,2.95,1.95,1.95,1.95,1.95,1.95,1.95,2.95,,,1.95,,,0.4,7.95,7.95,,3.95,1.95,,,,,,,0.4,1.95,,0.4,3.95,,,7.95,,0.4,0.4,0.4,0.45,0.4,0.45,0.45,0.95,1.95,1.95,1.95,0.45,0.45,,,,,,,,,,1.95,1.95,1.95,1.95,1.95,1.95,,,,1.95,1.95,0.95,,,3.95,3.95,,0.45,0.45,0.45,1.95,1.95,1.95,1.95,1.95,1.95,,,1.95,,,,,0.45,,,,1.95,,,,1.95,0.4,0.4,1.95,,,,0.95,1.95,,0.45,0.45,1.95
118,10229880,,3.95,,,,,0.95,0.45,,,,3.95,3.95,,3.95,7.95,7.95,,,,,,,,,3.95,,1.95,0.45,,,0.4,,1.95,1.95,,,,1.45,1.95,0.45,,,,1.95,0.95,,,,,,0.45,,0.4,0.45,,,,,1.95,0.95,,,,,0.45,0.95,0.4,,,,0.4,1.95,1.95,,1.95,,,,,,0.4,,,,,3.95,3.95,1.95,1.95,2.95,1.95,1.95,1.95,1.95,1.95,1.95,2.95,,,1.95,,,0.4,7.95,7.95,,3.95,1.95,,,,,,,0.4,1.95,,0.4,3.95,,,7.95,,0.4,0.4,0.4,0.45,0.4,0.45,0.45,0.95,1.95,1.95,1.95,0.45,0.45,,,,,,,,,,1.95,1.95,1.95,1.95,1.95,1.95,,,,1.95,1.95,0.95,,,3.95,3.95,,0.45,0.45,0.45,1.95,1.95,1.95,1.95,1.95,1.95,,,1.95,,,,,0.45,,,,1.95,,,,1.95,0.4,0.4,1.95,,,,0.95,1.95,,0.45,0.45,1.95
118,10229940,,3.95,,,,,0.95,0.45,,,,3.95,3.95,,3.95,7.95,7.95,,,,,,,,,3.95,,1.95,0.45,,,0.4,,1.95,1.95,,,,1.45,1.95,0.45,,,,1.95,0.95,,,,,,0.45,,0.4,0.45,,,,,1.95,0.95,,,,,0.45,0.95,0.4,,,,0.4,1.95,1.95,,1.95,,,,,,0.4,,,,,3.95,3.95,1.95,1.95,2.95,1.95,1.95,1.95,1.95,1.95,1.95,2.95,,,1.95,,,0.4,7.95,7.95,,3.95,1.95,,,,,,,0.4,1.95,,0.4,3.95,,,7.95,,0.4,0.4,0.4,0.45,0.4,0.45,0.45,0.95,1.95,1.95,1.95,0.45,0.45,,,,,,,,,,1.95,1.95,1.95,1.95,1.95,1.95,,,,1.95,1.95,0.95,,,3.95,3.95,,0.45,0.45,0.45,1.95,1.95,1.95,1.95,1.95,1.95,,,1.95,,,,,0.45,,,,1.95,,,,1.95,0.4,0.4,1.95,,,,0.95,1.95,,0.45,0.45,1.95
118,10230000,,3.95,,,,,0.95,0.45,,,,3.95,3.95,,3.95,7.95,7.95,,,,,,,,,3.95,,1.95,0.45,,,0.4,,1.95,1.95,,,,1.45,1.95,0.45,,,,1.95,0.95,,,,,,0.45,,0.4,0.45,,,,,1.95,0.95,,,,,0.45,0.95,0.4,,,,0.4,1.95,1.95,,1.95,,,,,,0.4,,,,,3.95,3.95,1.95,1.95,2.95,1.95,1.95,1.95,1.95,1.95,1.95,2.95,,,1.95,,,0.4,7.95,7.95,,3.95,1.95,,,,,,,0.4,1.95,,0.4,3.95,,,7.95,,0.4,0.4,0.4,0.45,0.4,0.45,0.45,0.95,1.95,1.95,1.95,0.45,0.45,,,,,,,,,,1.95,1.95,1.95,1.95,1.95,1.95,,,,1.95,1.95,0.95,,,3.95,3.95,,0.45,0.45,0.45,1.95,1.95,1.95,1.95,1.95,1.95,,,1.95,,,,,0.45,,,,1.95,,,,1.95,0.4,0.4,1.95,,,,0.95,1.95,,0.45,0.45,1.95
118,10230060,,3.95,,,,,0.95,0.45,,,,3.95,3.95,,3.95,7.95,7.95,,,,,,,,,3.95,,1.95,0.45,,,0.4,,1.95,1.95,,,,1.45,1.95,0.45,,,,1.95,0.95,,,,,,0.45,,0.4,0.45,,,,,1.95,0.95,,,,,0.45,0.95,0.4,,,,0.4,1.95,1.95,,1.95,,,,,,0.4,,,,,3.95,3.95,1.95,1.95,2.95,1.95,1.95,1.95,1.95,1.95,1.95,2.95,,,1.95,,,0.4,7.95,7.95,,3.95,1.95,,,,,,,0.4,1.95,,0.4,3.95,,,7.95,,0.4,0.4,0.4,0.45,0.4,0.45,0.45,0.95,1.95,1.95,1.95,0.45,0.45,,,,,,,,,,1.95,1.95,1.95,1.95,1.95,1.95,,,,1.95,1.95,0.95,,,3.95,3.95,,0.45,0.45,0.45,1.95,1.95,1.95,1.95,1.95,1.95,,,1.95,,,,,0.45,,,,1.95,,,,1.95,0.4,0.4,1.95,,,,0.95,1.95,,0.45,0.45,1.95
118,10230120,,3.95,,,,,0.95,0.45,,,,3.95,3.95,,3.95,7.95,7.95,,,,,,,,,3.95,,1.95,0.45,,,0.4,,1.95,1.95,,,,1.45,1.95,0.45,,,,1.95,0.95,,,,,,0.45,,0.4,0.45,,,,,1.95,0.95,,,,,0.45,0.95,0.4,,,,0.4,1.95,1.95,,1.95,,,,,,0.4,,,,,3.95,3.95,1.95,1.95,2.95,1.95,1.95,1.95,1.95,1.95,1.95,2.95,,,1.95,,,0.4,7.95,7.95,,3.95,1.95,,,,,,,0.4,1.95,,0.4,3.95,,,7.95,,0.4,0.4,0.4,0.45,0.4,0.45,0.45,0.95,1.95,1.95,1.95,0.45,0.45,,,,,,,,,,1.95,1.95,1.95,1.95,1.95,1.95,,,,1.95,1.95,0.95,,,3.95,3.95,,0.45,0.45,0.45,1.95,1.95,1.95,1.95,1.95,1.95,,,1.95,,,,,0.45,,,,1.95,,,,1.95,0.4,0.4,1.95,,,,0.95,1.95,,0.45,0.45,1.95
118,10230180,,3.95,,,,,0.95,0.45,,,,3.95,3.95,,3.95,7.95,7.95,,,,,,,,,3.95,,1.95,0.45,,,0.4,,1.95,1.95,,,,1.45,1.95,0.45,,,,1.95,0.95,,,,,,0.45,,0.4,0.45,,,,,1.95,0.95,,,,,0.45,0.95,0.4,,,,0.4,1.95,1.95,,1.95,,,,,,0.4,,,,,3.95,3.95,1.95,1.95,2.95,1.95,1.95,1.95,1.95,1.95,1.95,2.95,,,1.95,,,0.4,7.95,7.95,,3.95,1.95,,,,,,,0.4,1.95,,0.4,3.95,,,7.95,,0.4,0.4,0.4,0.45,0.4,0.45,0.45,0.95,1.95,1.95,1.95,0.45,0.45,,,,,,,,,,1.95,1.95,1.95,1.95,1.95,1.95,,,,1.95,1.95,0.95,,,3.95,3.95,,0.45,0.45,0.45,1.95,1.95,1.95,1.95,1.95,1.95,,,1.95,,,,,0.45,,,,1.95,,,,1.95,0.4,0.4,1.95,,,,0.95,1.95,,0.45,0.45,1.95
118,10230240,,3.95,,,,,0.95,0.45,,,,3.95,3.95,,3.95,7.95,7.95,,,,,,,,,3.95,,1.95,0.45,,,0.4,,1.95,1.95,,,,1.45,1.95,0.45,,,,1.95,0.95,,,,,,0.45,,0.4,0.45,,,,,1.95,0.95,,,,,0.45,0.95,0.4,,,,0.4,1.95,1.95,,1.95,,,,,,0.4,,,,,3.95,3.95,1.95,1.95,2.95,1.95,1.95,1.95,1.95,1.95,1.95,2.95,,,1.95,,,0.4,7.95,7.95,,3.95,1.95,,,,,,,0.4,1.95,,0.4,3.95,,,7.95,,0.4,0.4,0.4,0.45,0.4,0.45,0.45,0.95,1.95,1.95,1.95,0.45,0.45,,,,,,,,,,1.95,1.95,1.95,1.95,1.95,1.95,,,,1.95,1.95,0.95,,,3.95,3.95,,0.45,0.45,0.45,1.95,1.95,1.95,1.95,1.95,1.95,,,1.95,,,,,0.45,,,,1.95,,,,1.95,0.4,0.4,1.95,,,,0.95,1.95,,0.45,0.45,1.95
118,10230300,,3.95,,,,,0.95,0.45,,,,3.95,3.95,,3.95,7.95,7.95,,,,,,,,,3.95,,1.95,0.45,,,0.4,,1.95,1.95,,,,1.45,1.95,0.45,,,,1.95,0.95,,,,,,0.45,,0.4,0.45,,,,,1.95,0.95,,,,,0.45,0.95,0.4,,,,0.4,1.95,1.95,,1.95,,,,,,0.4,,,,,3.95,3.95,1.95,1.95,2.95,1.95,1.95,1.95,1.95,1.95,1.95,2.95,,,1.95,,,0.4,7.95,7.95,,3.95,1.95,,,,,,,0.4,1.95,,0.4,3.95,,,7.95,,0.4,0.4,0.4,0.45,0.4,0.45,0.45,0.95,1.95,1.95,1.95,0.45,0.45,,,,,,,,,,1.95,1.95,1.95,1.95,1.95,1.95,,,,1.95,1.95,0.95,,,3.95,3.95,,0.45,0.45,0.45,1.95,1.95,1.95,1.95,1.95,1.95,,,1.95,,,,,0.45,,,,1.95,,,,1.95,0.4,0.4,1.95,,,,0.95,1.95,,0.45,0.45,1.95
118,10230360,,3.95,,,,,0.95,0.45,,,,3.95,3.95,,3.95,7.95,7.95,,,,,,,,,3.95,,1.95,0.45,,,0.4,,1.95,1.95,,,,1.45,1.95,0.45,,,,1.95,0.95,,,,,,0.45,,0.4,0.45,,,,,1.95,0.95,,,,,0.45,0.95,0.4,,,,0.4,1.95,1.95,,1.95,,,,,,0.4,,,,,3.95,3.95,1.95,1.95,2.95,1.95,1.95,1.95,1.95,1.95,1.95,2.95,,,1.95,,,0.4,7.95,7.95,,3.95,1.95,,,,,,,0.4,1.95,,0.4,3.95,,,7.95,,0.4,0.4,0.4,0.45,0.4,0.45,0.45,0.95,1.95,1.95,1.95,0.45,0.45,,,,,,,,,,1.95,1.95,1.95,1.95,1.95,1.95,,,,1.95,1.95,0.95,,,3.95,3.95,,0.45,0.45,0.45,1.95,1.95,1.95,1.95,1.95,1.95,,,1.95,,,,,0.45,,,,1.95,,,,1.95,0.4,0.4,1.95,,,,0.95,1.95,,0.45,0.45,1.95
118,10230420,,3.95,,,,,0.95,0.45,,,,3.95,3.95,,3.95,7.95,7.95,,,,,,,,,3.95,,1.95,0.45,,,0.4,,1.95,1.95,,,,1.45,1.95,0.45,,,,1.95,0.95,,,,,,0.45,,0.4,0.45,,,,,1.95,0.95,,,,,0.45,0.95,0.4,,,,0.4,1.95,1.95,,1.95,,,,,,0.4,,,,,3.95,3.95,1.95,1.95,2.95,1.95,1.95,1.95,1.95,1.95,1.95,2.95,,,1.95,,,0.4,7.95,7.95,,3.95,1.95,,,,,,,0.4,1.95,,0.4,3.95,,,7.95,,0.4,0.4,0.4,0.45,0.4,0.45,0.45,0.95,1.95,1.95,1.95,0.45,0.45,,,,,,,,,,1.95,1.95,1.95,1.95,1.95,1.95,,,,1.95,1.95,0.95,,,3.95,3.95,,0.45,0.45,0.45,1.95,1.95,1.95,1.95,1.95,1.95,,,1.95,,,,,0.45,,,,1.95,,,,1.95,0.4,0.4,1.95,,,,0.95,1.95,,0.45,0.45,1.95
118,10230480,,3.95,,,,,0.95,0.45,,,,3.95,3.95,,3.95,7.95,7.95,,,,,,,,,3.95,,1.95,0.45,,,0.4,,1.95,1.95,,,,1.45,1.95,0.45,,,,1.95,0.95,,,,,,0.45,,0.4,0.45,,,,,1.95,0.95,,,,,0.45,0.95,0.4,,,,0.4,1.95,1.95,,1.95,,,,,,0.4,,,,,3.95,3.95,1.95,1.95,2.95,1.95,1.95,1.95,1.95,1.95,1.95,2.95,,,1.95,,,0.4,7.95,7.95,,3.95,1.95,,,,,,,0.4,1.95,,0.4,3.95,,,7.95,,0.4,0.4,0.4,0.45,0.4,0.45,0.45,0.95,1.95,1.95,1.95,0.45,0.45,,,,,,,,,,1.95,1.95,1.95,1.95,1.95,1.95,,,,1.95,1.95,0.95,,,3.95,3.95,,0.45,0.45,0.45,1.95,1.95,1.95,1.95,1.95,1.95,,,1.95,,,,,0.45,,,,1.95,,,,1.95,0.4,0.4,1.95,,,,0.95,1.95,,0.45,0.45,1.95
118,10230540,,3.95,,,,,0.95,0.45,,,,3.95,3.95,,3.95,7.95,7.95,,,,,,,,,3.95,,1.95,0.45,,,0.4,,1.95,1.95,,,,1.45,1.95,0.45,,,,1.95,0.95,,,,,,0.45,,0.4,0.45,,,,,1.95,0.95,,,,,0.45,0.95,0.4,,,,0.4,1.95,1.95,,1.95,,,,,,0.4,,,,,3.95,3.95,1.95,1.95,2.95,1.95,1.95,1.95,1.95,1.95,1.95,2.95,,,1.95,,,0.4,7.95,7.95,,3.95,1.95,,,,,,,0.4,1.95,,0.4,3.95,,,7.95,,0.4,0.4,0.4,0.45,0.4,0.45,0.45,0.95,1.95,1.95,1.95,0.45,0.45,,,,,,,,,,1.95,1.95,1.95,1.95,1.95,1.95,,,,1.95,1.95,0.95,,,3.95,3.95,,0.45,0.45,0.45,1.95,1.95,1.95,1.95,1.95,1.95,,,1.95,,,,,0.45,,,,1.95,,,,1.95,0.4,0.4,1.95,,,,0.95,1.95,,0.45,0.45,1.95
118,10230600,,3.95,,,,,0.95,0.45,,,,3.95,3.95,,3.95,7.95,7.95,,,,,,,,,3.95,,1.95,0.45,,,0.4,,1.95,1.95,,,,1.45,1.95,0.45,,,,1.95,0.95,,,,,,0.45,,0.4,0.45,,,,,1.95,0.95,,,,,0.45,0.95,0.4,,,,0.4,1.95,1.95,,1.95,,,,,,0.4,,,,,3.95,3.95,1.95,1.95,2.95,1.95,1.95,1.95,1.95,1.95,1.95,2.95,,,1.95,,,0.4,7.95,7.95,,3.95,1.95,,,,,,,0.4,1.95,,0.4,3.95,,,7.95,,0.4,0.4,0.4,0.45,0.4,0.45,0.45,0.95,1.95,1.95,1.95,0.45,0.45,,,,,,,,,,1.95,1.95,1.95,1.95,1.95,1.95,,,,1.95,1.95,0.95,,,3.95,3.95,,0.45,0.45,0.45,1.95,1.95,1.95,1.95,1.95,1.95,,,1.95,,,,,0.45,,,,1.95,,,,1.95,0.4,0.4,1.95,,,,0.95,1.95,,0.45,0.45,1.95
118,10230660,,3.95,,,,,0.95,0.45,,,,3.95,3.95,,3.95,7.95,7.95,,,,,,,,,3.95,,1.95,0.45,,,0.4,,1.95,1.95,,,,1.45,1.95,0.45,,,,1.95,0.95,,,,,,0.45,,0.4,0.45,,,,,1.95,0.95,,,,,0.45,0.95,0.4,,,,0.4,1.95,1.95,,1.95,,,,,,0.4,,,,,3.95,3.95,1.95,1.95,2.95,1.95,1.95,1.95,1.95,1.95,1.95,2.95,,,1.95,,,0.4,7.95,7.95,,3.95,1.95,,,,,,,0.4,1.95,,0.4,3.95,,,7.95,,0.4,0.4,0.4,0.45,0.4,0.45,0.45,0.95,1.95,1.95,1.95,0.45,0.45,,,,,,,,,,1.95,1.95,1.95,1.95,1.95,1.95,,,,1.95,1.95,0.95,,,3.95,3.95,,0.45,0.45,0.45,1.95,1.95,1.95,1.95,1.95,1.95,,,1.95,,,,,0.45,,,,1.95,,,,1.95,0.4,0.4,1.95,,,,0.95,1.95,,0.45,0.45,1.95
118,10230720,,3.95,,,,,0.95,0.45,,,,3.95,3.95,,3.95,7.95,7.95,,,,,,,,,3.95,,1.95,0.45,,,0.4,,1.95,1.95,,,,1.45,1.95,0.45,,,,1.95,0.95,,,,,,0.45,,0.4,0.45,,,,,1.95,0.95,,,,,0.45,0.95,0.4,,,,0.4,1.95,1.95,,1.95,,,,,,0.4,,,,,3.95,3.95,1.95,1.95,2.95,1.95,1.95,1.95,1.95,1.95,1.95,2.95,,,1.95,,,0.4,7.95,7.95,,3.95,1.95,,,,,,,0.4,1.95,,0.4,3.95,,,7.95,,0.4,0.4,0.4,0.45,0.4,0.45,0.45,0.95,1.95,1.95,1.95,0.45,0.45,,,,,,,,,,1.95,1.95,1.95,1.95,1.95,1.95,,,,1.95,1.95,0.95,,,3.95,3.95,,0.45,0.45,0.45,1.95,1.95,1.95,1.95,1.95,1.95,,,1.95,,,,,0.45,,,,1.95,,,,1.95,0.4,0.4,1.95,,,,0.95,1.95,,0.45,0.45,1.95
118,10230780,,3.95,,,,,0.95,0.45,,,,3.95,3.95,,3.95,7.95,7.95,,,,,,,,,3.95,,1.95,0.45,,,0.4,,1.95,1.95,,,,1.45,1.95,0.45,,,,1.95,0.95,,,,,,0.45,,0.4,0.45,,,,,1.95,0.95,,,,,0.45,0.95,0.4,,,,0.4,1.95,1.95,,1.95,,,,,,0.4,,,,,3.95,3.95,1.95,1.95,2.95,1.95,1.95,1.95,1.95,1.95,1.95,2.95,,,1.95,,,0.4,7.95,7.95,,3.95,1.95,,,,,,,0.4,1.95,,0.4,3.95,,,7.95,,0.4,0.4,0.4,0.45,0.4,0.45,0.45,0.95,1.95,1.95,1.95,0.45,0.45,,,,,,,,,,1.95,1.95,1.95,1.95,1.95,1.95,,,,1.95,1.95,0.95,,,3.95,3.95,,0.45,0.45,0.45,1.95,1.95,1.95,1.95,1.95,1.95,,,1.95,,,,,0.45,,,,1.95,,,,1.95,0.4,0.4,1.95,,,,0.95,1.95,,0.45,0.45,1.95
118,10230840,,3.95,,,,,0.95,0.45,,,,3.95,3.95,,3.95,7.95,7.95,,,,,,,,,3.95,,1.95,0.45,,,0.4,,1.95,1.95,,,,1.45,1.95,0.45,,,,1.95,0.95,,,,,,0.45,,0.4,0.45,,,,,1.95,0.95,,,,,0.45,0.95,0.4,,,,0.4,1.95,1.95,,1.95,,,,,,0.4,,,,,3.95,3.95,1.95,1.95,2.95,1.95,1.95,1.95,1.95,1.95,1.95,2.95,,,1.95,,,0.4,7.95,7.95,,3.95,1.95,,,,,,,0.4,1.95,,0.4,3.95,,,7.95,,0.4,0.4,0.4,0.45,0.4,0.45,0.45,0.95,1.95,1.95,1.95,0.45,0.45,,,,,,,,,,1.95,1.95,1.95,1.95,1.95,1.95,,,,1.95,1.95,0.95,,,3.95,3.95,,0.45,0.45,0.45,1.95,1.95,1.95,1.95,1.95,1.95,,,1.95,,,,,0.45,,,,1.95,,,,1.95,0.4,0.4,1.95,,,,0.95,1.95,,0.45,0.45,1.95
118,10230900,,3.95,,,,,0.95,0.45,,,,3.95,3.95,,3.95,7.95,7.95,,,,,,,,,3.95,,1.95,0.45,,,0.4,,1.95,1.95,,,,1.45,1.95,0.45,,,,1.95,0.95,,,,,,0.45,,0.4,0.45,,,,,1.95,0.95,,,,,0.45,0.95,0.4,,,,0.4,1.95,1.95,,1.95,,,,,,0.4,,,,,3.95,3.95,1.95,1.95,2.95,1.95,1.95,1.95,1.95,1.95,1.95,2.95,,,1.95,,,0.4,7.95,7.95,,3.95,1.95,,,,,,,0.4,1.95,,0.4,3.95,,,7.95,,0.4,0.4,0.4,0.45,0.4,0.45,0.45,0.95,1.95,1.95,1.95,0.45,0.45,,,,,,,,,,1.95,1.95,1.95,1.95,1.95,1.95,,,,1.95,1.95,0.95,,,3.95,3.95,,0.45,0.45,0.45,1.95,1.95,1.95,1.95,1.95,1.95,,,1.95,,,,,0.45,,,,1.95,,,,1.95,0.4,0.4,1.95,,,,0.95,1.95,,0.45,0.45,1.95
118,10230960,,3.95,,,,,0.95,0.45,,,,3.95,3.95,,3.95,7.95,7.95,,,,,,,,,3.95,,1.95,0.45,,,0.4,,1.95,1.95,,,,1.45,1.95,0.45,,,,1.95,0.95,,,,,,0.45,,0.4,0.45,,,,,1.95,0.95,,,,,0.45,0.95,0.4,,,,0.4,1.95,1.95,,1.95,,,,,,0.4,,,,,3.95,3.95,1.95,1.95,2.95,1.95,1.95,1.95,1.95,1.95,1.95,2.95,,,1.95,,,0.4,7.95,7.95,,3.95,1.95,,,,,,,0.4,1.95,,0.4,3.95,,,7.95,,0.4,0.4,0.4,0.45,0.4,0.45,0.45,0.95,1.95,1.95,1.95,0.45,0.45,,,,,,,,,,1.95,1.95,1.95,1.95,1.95,1.95,,,,1.95,1.95,0.95,,,3.95,3.95,,0.45,0.45,0.45,1.95,1.95,1.95,1.95,1.95,1.95,,,1.95,,,,,0.45,,,,1.95,,,,1.95,0.4,0.4,1.95,,,,0.95,1.95,,0.45,0.45,1.95
118,10231020,,3.95,,,,,0.95,0.45,,,,3.95,3.95,,3.95,7.95,7.95,,,,,,,,,3.95,,1.95,0.45,,,0.4,,1.95,1.95,,,,1.45,1.95,0.45,,,,1.95,0.95,,,,,,0.45,,0.4,0.45,,,,,1.95,0.95,,,,,0.45,0.95,0.4,,,,0.4,1.95,1.95,,1.95,,,,,,0.4,,,,,3.95,3.95,1.95,1.95,2.95,1.95,1.95,1.95,1.95,1.95,1.95,2.95,,,1.95,,,0.4,7.95,7.95,,3.95,1.95,,,,,,,0.4,1.95,,0.4,3.95,,,7.95,,0.4,0.4,0.4,0.45,0.4,0.45,0.45,0.95,1.95,1.95,1.95,0.45,0.45,,,,,,,,,,1.95,1.95,1.95,1.95,1.95,1.95,,,,1.95,1.95,0.95,,,3.95,3.95,,0.45,0.45,0.45,1.95,1.95,1.95,1.95,1.95,1.95,,,1.95,,,,,0.45,,,,1.95,,,,1.95,0.4,0.4,1.95,,,,0.95,1.95,,0.45,0.45,1.95
118,10231080,,3.95,,,,,0.95,0.45,,,,3.95,3.95,,3.95,7.95,7.95,,,,,,,,,3.95,,1.95,0.45,,,0.4,,1.95,1.95,,,,1.45,1.95,0.45,,,,1.95,0.95,,,,,,0.45,,0.4,0.45,,,,,1.95,0.95,,,,,0.45,0.95,0.4,,,,0.4,1.95,1.95,,1.95,,,,,,0.4,,,,,3.95,3.95,1.95,1.95,2.95,1.95,1.95,1.95,1.95,1.95,1.95,2.95,,,1.95,,,0.4,7.95,7.95,,3.95,1.95,,,,,,,0.4,1.95,,0.4,3.95,,,7.95,,0.4,0.4,0.4,0.45,0.4,0.45,0.45,0.95,1.95,1.95,1.95,0.45,0.45,,,,,,,,,,1.95,1.95,1.95,1.95,1.95,1.95,,,,1.95,1.95,0.95,,,3.95,3.95,,0.45,0.45,0.45,1.95,1.95,1.95,1.95,1.95,1.95,,,1.95,,,,,0.45,,,,1.95,,,,1.95,0.4,0.4,1.95,,,,0.95,1.95,,0.45,0.45,1.95
118,10231140,,3.95,,,,,0.95,0.45,,,,3.95,3.95,,3.95,7.95,7.95,,,,,,,,,3.95,,1.95,0.45,,,0.4,,1.95,1.95,,,,1.45,1.95,0.45,,,,1.95,0.95,,,,,,0.45,,0.4,0.45,,,,,1.95,0.95,,,,,0.45,0.95,0.4,,,,0.4,1.95,1.95,,1.95,,,,,,0.4,,,,,3.95,3.95,1.95,1.95,2.95,1.95,1.95,1.95,1.95,1.95,1.95,2.95,,,1.95,,,0.4,7.95,7.95,,3.95,1.95,,,,,,,0.4,1.95,,0.4,3.95,,,7.95,,0.4,0.4,0.4,0.45,0.4,0.45,0.45,0.95,1.95,1.95,1.95,0.45,0.45,,,,,,,,,,1.95,1.95,1.95,1.95,1.95,1.95,,,,1.95,1.95,0.95,,,3.95,3.95,,0.45,0.45,0.45,1.95,1.95,1.95,1.95,1.95,1.95,,,1.95,,,,,0.45,,,,1.95,,,,1.95,0.4,0.4,1.95,,,,0.95,1.95,,0.45,0.45,1.95
118,10231200,,3.95,,,,,0.95,0.45,,,,3.95,3.95,,3.95,7.95,7.95,,,,,,,,,3.95,,1.95,0.45,,,0.4,,1.95,1.95,,,,1.45,1.95,0.45,,,,1.95,0.95,,,,,,0.45,,0.4,0.45,,,,,1.95,0.95,,,,,0.45,0.95,0.4,,,,0.4,1.95,1.95,,1.95,,,,,,0.4,,,,,3.95,3.95,1.95,1.95,2.95,1.95,1.95,1.95,1.95,1.95,1.95,2.95,,,1.95,,,0.4,7.95,7.95,,3.95,1.95,,,,,,,0.4,1.95,,0.4,3.95,,,7.95,,0.4,0.4,0.4,0.45,0.4,0.45,0.45,0.95,1.95,1.95,1.95,0.45,0.45,,,,,,,,,,1.95,1.95,1.95,1.95,1.95,1.95,,,,1.95,1.95,0.95,,,3.95,3.95,,0.45,0.45,0.45,1.95,1.95,1.95,1.95,1.95,1.95,,,1.95,,,,,0.45,,,,1.95,,,,1.95,0.4,0.4,1.95,,,,0.95,1.95,,0.45,0.45,1.95
118,10231260,,3.95,,,,,0.95,0.45,,,,3.95,3.95,,3.95,7.95,7.95,,,,,,,,,3.95,,1.95,0.45,,,0.4,,1.95,1.95,,,,1.45,1.95,0.45,,,,1.95,0.95,,,,,,0.45,,0.4,0.45,,,,,1.95,0.95,,,,,0.45,0.95,0.4,,,,0.4,1.95,1.95,,1.95,,,,,,0.4,,,,,3.95,3.95,1.95,1.95,2.95,1.95,1.95,1.95,1.95,1.95,1.95,2.95,,,1.95,,,0.4,7.95,7.95,,3.95,1.95,,,,,,,0.4,1.95,,0.4,3.95,,,7.95,,0.4,0.4,0.4,0.45,0.4,0.45,0.45,0.95,1.95,1.95,1.95,0.45,0.45,,,,,,,,,,1.95,1.95,1.95,1.95,1.95,1.95,,,,1.95,1.95,0.95,,,3.95,3.95,,0.45,0.45,0.45,1.95,1.95,1.95,1.95,1.95,1.95,,,1.95,,,,,0.45,,,,1.95,,,,1.95,0.4,0.4,1.95,,,,0.95,1.95,,0.45,0.45,1.95
118,10231320,,3.95,,,,,0.95,0.45,,,,3.95,3.95,,3.95,7.95,7.95,,,,,,,,,3.95,,1.95,0.45,,,0.4,,1.95,1.95,,,,1.45,1.95,0.45,,,,1.95,0.95,,,,,,0.45,,0.4,0.45,,,,,1.95,0.95,,,,,0.45,0.95,0.4,,,,0.4,1.95,1.95,,1.95,,,,,,0.4,,,,,3.95,3.95,1.95,1.95,2.95,1.95,1.95,1.95,1.95,1.95,1.95,2.95,,,1.95,,,0.4,7.95,7.95,,3.95,1.95,,,,,,,0.4,1.95,,0.4,3.95,,,7.95,,0.4,0.4,0.4,0.45,0.4,0.45,0.45,0.95,1.95,1.95,1.95,0.45,0.45,,,,,,,,,,1.95,1.95,1.95,1.95,1.95,1.95,,,,1.95,1.95,0.95,,,3.95,3.95,,0.45,0.45,0.45,1.95,1.95,1.95,1.95,1.95,1.95,,,1.95,,,,,0.45,,,,1.95,,,,1.95,0.4,0.4,1.95,,,,0.95,1.95,,0.45,0.45,1.95
118,10231380,,3.95,,,,,0.95,0.45,,,,3.95,3.95,,3.95,7.95,7.95,,,,,,,,,3.95,,1.95,0.45,,,0.4,,1.95,1.95,,,,1.45,1.95,0.45,,,,1.95,0.95,,,,,,0.45,,0.4,0.45,,,,,1.95,0.95,,,,,0.45,0.95,0.4,,,,0.4,1.95,1.95,,1.95,,,,,,0.4,,,,,3.95,3.95,1.95,1.95,2.95,1.95,1.95,1.95,1.95,1.95,1.95,2.95,,,1.95,,,0.4,7.95,7.95,,3.95,1.95,,,,,,,0.4,1.95,,0.4,3.95,,,7.95,,0.4,0.4,0.4,0.45,0.4,0.45,0.45,0.95,1.95,1.95,1.95,0.45,0.45,,,,,,,,,,1.95,1.95,1.95,1.95,1.95,1.95,,,,1.95,1.95,0.95,,,3.95,3.95,,0.45,0.45,0.45,1.95,1.95,1.95,1.95,1.95,1.95,,,1.95,,,,,0.45,,,,1.95,,,,1.95,0.4,0.4,1.95,,,,0.95,1.95,,0.45,0.45,1.95
118,10231440,,3.95,,,,,0.95,0.45,,,,3.95,3.95,,3.95,7.95,7.95,,,,,,,,,3.95,,1.95,0.45,,,0.4,,1.95,1.95,,,,1.45,1.95,0.45,,,,1.95,0.95,,,,,,0.45,,0.4,0.45,,,,,1.95,0.95,,,,,0.45,0.95,0.4,,,,0.4,1.95,1.95,,1.95,,,,,,0.4,,,,,3.95,3.95,1.95,1.95,2.95,1.95,1.95,1.95,1.95,1.95,1.95,2.95,,,1.95,,,0.4,7.95,7.95,,3.95,1.95,,,,,,,0.4,1.95,,0.4,3.95,,,7.95,,0.4,0.4,0.4,0.45,0.4,0.45,0.45,0.95,1.95,1.95,1.95,0.45,0.45,,,,,,,,,,1.95,1.95,1.95,1.95,1.95,1.95,,,,1.95,1.95,0.95,,,3.95,3.95,,0.45,0.45,0.45,1.95,1.95,1.95,1.95,1.95,1.95,,,1.95,,,,,0.45,,,,1.95,,,,1.95,0.4,0.4,1.95,,,,0.95,1.95,,0.45,0.45,1.95
118,10231500,,3.95,,,,,0.95,0.45,,,,3.95,3.95,,3.95,7.95,7.95,,,,,,,,,3.95,,1.95,0.45,,,0.4,,1.95,1.95,,,,1.283,1.95,0.45,,,,1.95,0.95,,,,,,0.45,,0.4,0.45,,,,,1.95,0.95,,,,,0.45,0.95,0.4,,,,0.4,1.95,1.95,,1.95,,,,,,0.4,,,,,3.95,3.95,1.95,1.95,2.95,1.95,1.95,1.95,1.95,1.95,1.95,2.95,,,1.95,,,0.4,7.95,7.95,,3.95,1.95,,,,,,,0.4,1.95,,0.4,3.95,,,7.95,,0.4,0.4,0.4,0.45,0.4,0.45,0.45,0.95,1.95,1.95,1.95,0.45,0.45,,,,,,,,,,1.95,1.95,1.95,1.95,1.95,1.95,,,,1.95,1.95,0.95,,,3.95,3.95,,0.45,0.45,0.45,1.95,1.95,1.95,1.95,1.95,1.95,,,1.95,,,,,0.45,,,,1.95,,,,1.95,0.4,0.4,1.95,,,,0.95,1.95,,0.45,0.45,1.95
118,10231560,,3.95,,,,,0.95,0.45,,,,3.95,3.95,,3.95,7.95,7.95,,,,,,,,,3.95,,1.95,0.45,,,0.4,,1.95,1.95,,,,1.45,1.95,0.45,,,,1.95,0.95,,,,,,0.45,,0.4,0.45,,,,,1.95,0.95,,,,,0.45,0.95,0.4,,,,0.4,1.95,1.95,,1.95,,,,,,0.4,,,,,3.95,3.95,1.95,1.95,2.95,1.95,1.95,1.95,1.95,1.95,1.95,2.95,,,1.95,,,0.4,7.95,7.95,,3.95,1.95,,,,,,,0.4,1.95,,0.4,3.95,,,7.95,,0.4,0.4,0.4,0.45,0.4,0.45,0.45,0.95,1.95,1.95,1.95,0.45,0.45,,,,,,,,,,1.95,1.95,1.95,1.95,1.95,1.95,,,,1.95,1.95,0.95,,,3.95,3.95,,0.45,0.45,0.45,1.95,1.95,1.95,1.95,1.95,1.95,,,1.95,,,,,0.45,,,,1.95,,,,1.95,0.4,0.4,1.95,,,,0.95,1.95,,0.95,0.45,1.95
118,10231620,,3.95,,,,,0.95,0.45,,,,3.95,3.95,,3.95,7.95,7.95,,,,,,,,,3.95,,1.95,0.45,,,0.4,,1.95,1.95,,,,1.283,1.95,0.45,,,,1.95,0.95,,,,,,0.45,,0.4,0.45,,,,,1.95,0.95,,,,,0.45,0.95,0.4,,,,0.4,1.95,1.95,,1.95,,,,,,0.4,,,,,3.95,3.95,1.95,1.95,2.95,1.95,1.95,1.95,1.95,1.95,1.95,2.95,,,1.95,,,0.4,7.95,7.95,,3.95,1.95,,,,,,,0.4,1.95,,0.4,3.95,,,7.95,,0.4,0.4,0.4,0.45,0.4,0.45,0.45,0.95,1.95,1.95,1.95,0.45,0.45,,,,,,,,,,1.95,1.95,1.95,1.95,1.95,1.95,,,,1.95,1.95,0.95,,,3.95,3.95,,0.45,0.45,0.45,1.95,1.95,1.95,1.95,1.95,1.95,,,1.95,,,,,0.45,,,,1.95,,,,1.95,0.4,0.4,1.95,,,,0.95,1.95,,0.95,0.45,1.95
118,10231680,,3.95,,,,,0.95,0.45,,,,3.95,3.95,,3.95,7.95,7.95,,,,,,,,,3.95,,1.95,0.45,,,0.4,,1.95,1.95,,,,1.45,1.95,0.45,,,,1.95,0.95,,,,,,0.45,,0.4,0.45,,,,,1.95,0.95,,,,,0.45,0.95,0.4,,,,0.4,1.95,1.95,,1.95,,,,,,0.4,,,,,3.95,3.95,1.95,1.95,2.95,1.95,1.95,1.95,1.95,1.95,1.95,2.95,,,1.95,,,0.4,7.95,7.95,,3.95,1.95,,,,,,,0.4,1.95,,0.4,3.95,,,7.95,,0.4,0.4,0.4,0.45,0.4,0.45,0.45,0.95,1.95,1.95,1.95,0.45,0.45,,,,,,,,,,1.95,1.95,1.95,1.95,1.95,1.95,,,,1.95,1.95,0.95,,,3.95,3.95,,0.45,0.45,0.45,1.95,1.95,1.95,1.95,1.95,1.95,,,1.95,,,,,0.45,,,,1.95,,,,1.95,0.4,0.4,1.95,,,,0.95,1.95,,0.95,0.45,1.95
118,10231740,,3.95,,,,,0.95,0.45,,,,3.95,3.95,,3.95,7.95,7.95,,,,,,,,,3.95,,1.95,0.45,,,0.4,,1.95,1.95,,,,1.617,1.95,0.45,,,,1.95,0.95,,,,,,0.45,,0.4,0.45,,,,,1.95,0.95,,,,,0.45,0.95,0.4,,,,0.4,1.95,1.95,,1.95,,,,,,0.4,,,,,3.95,3.95,1.95,1.95,2.95,1.95,1.95,1.95,1.95,1.95,1.95,2.95,,,1.95,,,0.4,7.95,7.95,,3.95,1.95,,,,,,,0.4,1.95,,0.4,3.95,,,7.95,,0.4,,0.4,0.45,0.4,0.45,0.45,0.95,1.95,1.95,1.95,0.45,0.45,,,,,,,,,,1.95,1.95,1.95,1.95,1.95,1.95,,,,1.95,1.95,0.95,,,3.95,3.95,,0.45,0.45,0.45,1.95,1.95,1.95,1.95,1.95,1.95,,,1.95,,,,,0.45,,,,1.95,,,,1.95,0.4,0.4,1.95,,,,0.95,1.95,,0.95,0.45,1.95
118,10231800,,3.95,,,,,0.95,0.45,,,,3.95,3.95,,3.95,7.95,7.95,,,,,,,,,3.95,,1.95,0.45,,,0.4,,1.95,1.95,,,,1.45,1.95,0.45,,,,1.95,0.95,,,,,,0.45,,0.4,0.45,,,,,1.95,0.95,,,,,0.45,0.95,0.4,,,,0.4,1.95,1.95,,1.95,,,,,,0.4,,,,,3.95,3.95,1.95,1.95,2.95,1.95,1.95,1.95,1.95,1.95,1.95,2.95,,,1.95,,,0.4,7.95,7.95,,3.95,1.95,,,,,,,0.4,1.95,,0.4,3.95,,,7.95,,0.4,,0.4,0.45,0.4,0.45,0.45,0.95,1.95,1.95,1.95,0.45,0.45,,,,,,,,,,1.95,1.95,1.95,1.95,1.95,1.95,,,,1.95,1.95,0.95,,,3.95,3.95,,0.45,0.45,0.45,1.95,1.95,1.95,1.95,1.95,1.95,,,1.95,,,,,0.45,,,,1.95,,,,1.95,0.4,0.4,1.95,,,,0.95,1.95,,0.95,0.45,1.95
118,10231860,,3.95,,,,,0.95,0.45,,,,3.95,3.95,,3.95,7.95,7.95,,,,,,,,,3.95,,1.95,0.45,,,0.4,,1.95,1.95,,,,1.45,1.95,0.45,,,,1.95,0.95,,,,,,0.45,,0.4,0.45,,,,,1.95,0.95,,,,,0.45,0.95,0.4,,,,0.4,1.95,1.95,,1.95,,,,,,0.4,,,,,3.95,3.95,1.95,1.95,2.95,1.95,1.95,1.95,1.95,1.95,1.95,2.95,,,1.95,,,0.4,7.95,7.95,,3.95,1.95,,,,,,,0.4,1.95,,0.4,3.95,,,7.95,,0.4,,0.4,0.45,0.4,0.45,0.45,0.95,1.95,1.95,1.95,0.45,0.45,,,,,,,,,,1.95,1.95,1.95,1.95,1.95,1.95,,,,1.95,1.95,0.95,,,3.95,3.95,,0.45,0.45,0.45,1.95,1.95,1.95,1.95,1.95,1.95,,,1.95,,,,,0.45,,,,1.95,,,,1.95,0.4,0.4,1.95,,,,0.95,1.95,,0.95,0.45,1.95
118,10231920,,3.95,,,,,0.95,0.45,,,,3.95,3.95,,3.95,7.95,7.95,,,,,,,,,3.95,,1.95,0.45,,,0.4,,1.95,1.95,,,,1.617,1.95,0.45,,,,1.95,0.95,,,,,,0.45,,0.4,0.45,,,,,1.95,0.95,,,,,0.45,0.95,0.4,,,,0.4,1.95,1.95,,1.95,,,,,,0.4,,,,,3.95,3.95,1.95,1.95,2.95,1.95,1.95,1.95,1.95,1.95,1.95,2.95,,,1.95,,,0.4,7.95,7.95,,3.95,1.95,,,,,,,0.4,1.95,,0.4,3.95,,,7.95,,0.4,,0.4,0.45,0.4,0.45,0.45,0.95,1.95,1.95,1.95,0.45,0.45,,,,,,,,,,1.95,1.95,1.95,1.95,1.95,1.95,,,,1.95,1.95,0.95,,,3.95,3.95,,0.45,0.45,0.45,1.95,1.95,1.95,1.95,1.95,1.95,,,1.95,,,,,0.45,,,,1.95,,,,1.95,0.4,0.4,1.95,,,,0.95,1.95,,0.95,0.45,1.95
118,10231980,,3.95,,,,,0.95,0.45,,,,3.95,3.95,,3.95,7.95,7.95,,,,,,,,,3.95,,1.95,0.45,,,0.4,,1.95,1.95,,,,1.617,1.95,0.45,,,,1.95,0.95,,,,,,0.45,,0.4,0.45,,,,,1.95,0.95,,,,,0.45,0.95,0.4,,,,0.4,1.95,1.95,,1.95,,,,,,0.4,,,,,3.95,3.95,1.95,1.95,2.95,1.95,1.95,1.95,1.95,1.95,1.95,2.95,,,1.95,,,0.4,7.95,7.95,,3.95,1.95,,,,,,,0.4,1.95,,0.4,3.95,,,7.95,,0.4,,0.4,0.45,0.4,0.45,0.45,0.95,1.95,1.95,1.95,0.45,0.45,,,,,,,,,,1.95,1.95,1.95,1.95,1.95,1.95,,,,1.95,1.95,0.95,,,3.95,3.95,,0.45,0.45,0.45,1.95,1.95,1.95,1.95,1.95,1.95,,,1.95,,,,,0.45,,,,1.95,,,,1.95,0.4,0.4,1.95,,,,0.95,1.95,,0.95,0.45,1.95
118,10232040,,3.95,,,,,0.95,0.45,,,,3.95,3.95,,3.95,7.95,7.95,,,,,,,,,3.95,,1.95,0.45,,,0.4,,1.95,1.95,,,,1.283,1.95,0.45,,,,1.95,0.95,,,,,,0.45,,0.4,0.45,,,,,1.95,0.95,,,,,0.45,0.95,0.4,,,,0.4,1.95,1.95,,1.95,,,,,,0.4,,,,,3.95,3.95,1.95,1.95,2.95,1.95,1.95,1.95,1.95,1.95,1.95,2.95,,,1.95,,,0.4,7.95,7.95,,3.95,1.95,,,,,,,0.4,1.95,,0.4,3.95,,,7.95,,0.4,,0.4,0.45,0.4,0.45,0.45,0.95,1.95,1.95,1.95,0.45,0.45,,,,,,,,,,1.95,1.95,1.95,1.95,1.95,1.95,,,,1.95,1.95,0.95,,,3.95,3.95,,0.45,0.45,0.45,1.95,1.95,1.95,1.95,1.95,1.95,,,1.95,,,,,0.45,,,,1.95,,,,1.95,0.4,0.4,1.95,,,,0.95,1.95,,0.95,0.45,1.95
118,10232100,,3.95,,,,,0.95,0.45,,,,3.95,3.95,,3.95,7.95,7.95,,,,,,,,,3.95,,1.95,0.45,,,0.4,,1.95,1.95,,,,1.45,1.95,0.45,,,,1.95,0.95,,,,,,0.45,,0.4,0.45,,,,,1.95,0.95,,,,,0.45,0.95,0.4,,,,0.4,1.95,1.95,,1.95,,,,,,0.4,,,,,3.95,3.95,1.95,1.95,2.95,1.95,1.95,1.95,1.95,1.95,1.95,2.95,,,1.95,,,0.4,7.95,7.95,,3.95,1.95,,,,,,,0.4,1.95,,0.4,3.95,,,7.95,,0.4,,0.4,0.45,0.4,0.45,0.45,0.95,1.95,1.95,1.95,0.45,0.45,,,,,,,,,,1.95,1.95,1.95,1.95,1.95,1.95,,,,1.95,1.95,0.95,,,3.95,3.95,,0.45,0.45,0.45,1.95,1.95,1.95,1.95,1.95,1.95,,,1.95,,,,,0.45,,,,1.95,,,,1.95,0.4,0.4,1.95,,,,0.95,1.95,,0.95,0.45,1.95
118,10232160,,3.95,,,,,0.95,0.45,,,,3.95,3.95,,3.95,7.95,7.95,,,,,,,,,3.95,,1.95,0.45,,,0.4,,1.95,1.95,,,,1.45,1.95,0.45,,,,1.95,0.95,,,,,,0.45,,0.4,0.45,,,,,1.95,0.95,,,,,0.45,0.95,0.4,,,,0.4,1.95,1.95,,1.95,,,,,,0.4,,,,,3.95,3.95,1.95,1.95,2.95,1.95,1.95,1.95,1.95,1.95,1.95,2.95,,,1.95,,,0.4,7.95,7.95,,3.95,1.95,,,,,,,0.4,1.95,,0.4,3.95,,,7.95,,0.4,,0.4,0.45,0.4,0.45,0.45,0.95,1.95,1.95,1.95,0.45,0.45,,,,,,,,,,1.95,1.95,1.95,1.95,1.95,1.95,,,,1.95,1.95,0.95,,,3.95,3.95,,0.45,0.45,0.45,1.95,1.95,1.95,1.95,1.95,1.95,,,1.95,,,,,0.45,,,,1.95,,,,1.95,0.4,0.4,1.95,,,,0.95,1.95,,0.95,0.45,1.95
118,10232220,,3.95,,,,,0.95,0.45,,,,3.95,3.95,,3.95,7.95,7.95,,,,,,,,,3.95,,1.95,0.45,,,0.4,,1.95,1.95,,,,1.283,1.95,0.45,,,,1.95,0.95,,,,,,0.45,,0.4,0.45,,,,,1.95,0.95,,,,,0.45,0.95,0.4,,,,0.4,1.95,1.95,,1.95,,,,,,0.4,,,,,3.95,3.95,1.95,1.95,2.95,1.95,1.95,1.95,1.95,1.95,1.95,2.95,,,1.95,,,0.4,7.95,7.95,,3.95,1.95,,,,,,,0.4,1.95,,0.4,3.95,,,7.95,,0.4,,0.4,0.45,0.4,0.45,0.45,0.95,1.95,1.95,1.95,0.45,0.45,,,,,,,,,,1.95,1.95,1.95,1.95,1.95,1.95,,,,1.95,1.95,0.95,,,3.95,3.95,,0.45,0.45,0.45,1.95,1.95,1.95,1.95,1.95,1.95,,,1.95,,,,,0.45,,,,1.95,,,,1.95,0.4,0.4,1.95,,,,0.95,1.95,,1.2,0.45,1.95
118,10232280,,3.95,,,,,0.95,0.45,,,,3.95,3.95,,3.95,7.95,7.95,,,,,,,,,3.95,,1.95,0.45,,,0.4,,1.95,1.95,,,,1.45,1.95,0.45,,,,1.95,0.95,,,,,,0.45,,0.4,0.45,,,,,1.95,0.95,,,,,0.45,0.95,0.4,,,,0.4,1.95,1.95,,1.95,,,,,,0.4,,,,,3.95,3.95,1.95,1.95,2.95,1.95,1.95,1.95,1.95,1.95,1.95,2.95,,,1.95,,,0.4,7.95,7.95,,3.95,1.95,,,,,,,0.4,1.95,,0.4,3.95,,,7.95,,0.4,,0.4,0.45,0.4,0.45,0.45,0.95,1.95,1.95,1.95,0.45,0.45,,,,,,,,,,1.95,1.95,1.95,1.95,1.95,1.95,,,,1.95,1.95,0.95,,,3.95,3.95,,0.45,0.45,0.45,1.95,1.95,1.95,1.95,1.95,1.95,,,1.95,,,,,0.45,,,,1.95,,,,1.95,0.4,0.4,1.95,,,,0.95,1.95,,0.45,0.45,1.95
118,10232340,,3.95,,,,,0.95,0.45,,,,3.95,3.95,,3.95,7.95,7.95,,,,,,,,,3.95,,1.95,0.45,,,0.4,,1.95,1.95,,,,1.45,1.95,0.45,,,,1.95,0.95,,,,,,0.45,,0.4,0.45,,,,,1.95,0.95,,,,,0.45,0.95,0.4,,,,0.4,1.95,1.95,,1.95,,,,,,0.4,,,,,3.95,3.95,1.95,1.95,2.95,1.95,1.95,1.95,1.95,1.95,1.95,2.95,,,1.95,,,0.4,7.95,7.95,,3.95,1.95,,,,,,,0.4,1.95,,0.4,3.95,,,7.95,,0.4,,0.4,0.45,0.4,0.45,0.45,0.95,1.95,1.95,1.95,0.45,0.45,,,,,,,,,,1.95,1.95,1.95,1.95,1.95,1.95,,,,1.95,1.95,0.95,,,3.95,3.95,,0.45,0.45,0.45,1.95,1.95,1.95,1.95,1.95,1.95,,,1.95,,,,,0.45,,,,1.95,,,,1.95,0.4,0.4,1.95,,,,0.95,1.95,,0.45,0.45,1.95
118,10232400,,3.95,,,,,0.95,0.45,,,,3.95,3.95,,3.95,7.95,7.95,,,,,,,,,3.95,,1.95,0.45,,,0.4,,1.95,1.95,,,,1.45,1.95,0.45,,,,1.95,0.95,,,,,,0.45,,0.4,0.45,,,,,1.95,0.95,,,,,0.45,0.95,0.4,,,,0.4,1.95,1.95,,1.95,,,,,,0.4,,,,,3.95,3.95,1.95,1.95,2.95,1.95,1.95,1.95,1.95,1.95,1.95,2.95,,,1.95,,,0.4,7.95,7.95,,3.95,1.95,,,,,,,0.4,1.95,,0.4,3.95,,,7.95,,0.4,,0.4,0.45,0.4,0.45,0.45,0.95,1.95,1.95,1.95,0.45,0.45,,,,,,,,,,1.95,1.95,1.95,1.95,1.95,1.95,,,,1.95,1.95,0.95,,,3.95,3.95,,0.45,0.45,0.45,1.95,1.95,1.95,1.95,1.95,1.95,,,1.95,,,,,0.45,,,,1.95,,,,1.95,0.4,0.4,1.95,,,,0.95,1.95,,0.45,0.45,1.95
118,10232460,,3.95,,,,,0.95,0.45,,,,3.95,3.95,,3.95,7.95,7.95,,,,,,,,,3.95,,1.95,0.45,,,0.4,,1.95,1.95,,,,1.283,1.95,0.45,,,,1.95,0.95,,,,,,0.45,,0.4,0.45,,,,,1.95,0.95,,,,,0.45,0.95,0.4,,,,0.4,1.95,1.95,,1.95,,,,,,0.4,,,,,3.95,3.95,1.95,1.95,2.95,1.95,1.95,1.95,1.95,1.95,1.95,2.95,,,1.95,,,0.4,7.95,7.95,,3.95,1.95,,,,,,,0.4,1.95,,0.4,3.95,,,7.95,,0.4,,0.4,0.45,0.4,0.45,0.45,0.95,1.95,1.95,1.95,0.45,0.45,,,,,,,,,,1.95,1.95,1.95,1.95,1.95,1.95,,,,1.95,1.95,0.95,,,3.95,3.95,,0.45,0.45,0.45,1.95,1.95,1.95,1.95,1.95,1.95,,,1.95,,,,,0.45,,,,1.95,,,,1.95,0.4,0.4,1.95,,,,0.95,1.95,,0.45,0.45,1.95
118,10232520,,3.95,,,,,0.95,0.45,,,,3.95,3.95,,3.95,7.95,7.95,,,,,,,,,3.95,,1.95,0.45,,,0.4,,1.95,1.95,,,,1.45,1.95,0.45,,,,1.95,0.95,,,,,,0.45,,0.4,0.45,,,,,1.95,0.95,,,,,0.45,0.95,0.4,,,,0.4,1.95,1.95,,1.95,,,,,,0.4,,,,,3.95,3.95,1.95,1.95,2.95,1.95,1.95,1.95,1.95,1.95,1.95,2.95,,,1.95,,,0.4,7.95,7.95,,3.95,1.95,,,,,,,0.4,1.95,,0.4,3.95,,,7.95,,0.4,,0.4,0.45,0.4,0.45,0.45,0.95,1.95,1.95,1.95,0.45,0.45,,,,,,,,,,1.95,1.95,1.95,1.95,1.95,1.95,,,,1.95,1.95,0.95,,,3.95,3.95,,0.45,0.45,0.45,1.95,1.95,1.95,1.95,1.95,1.95,,,1.95,,,,,0.45,,,,1.95,,,,1.95,0.4,0.4,1.95,,,,0.95,1.95,,0.45,0.45,1.95
118,10232580,,3.95,,,,,0.95,0.45,,,,3.95,3.95,,3.95,7.95,7.95,,,,,,,,,3.95,,1.95,0.45,,,0.4,,1.95,1.95,,,,1.45,1.95,0.45,,,,1.95,0.95,,,,,,0.45,,0.4,0.45,,,,,1.95,0.95,,,,,0.45,0.95,0.4,,,,0.4,1.95,1.95,,1.95,,,,,,0.4,,,,,3.95,3.95,1.95,1.95,2.95,1.95,1.95,1.95,1.95,1.95,1.95,2.95,,,1.95,,,0.4,7.95,7.95,,3.95,1.95,,,,,,,0.4,1.95,,0.4,3.95,,,7.95,,0.4,,0.4,0.45,0.4,0.45,0.45,0.95,1.95,1.95,1.95,0.45,0.45,,,,,,,,,,1.95,1.95,1.95,1.95,1.95,1.95,,,,1.95,1.95,0.95,,,3.95,3.95,,0.45,0.45,0.45,1.95,1.95,1.95,1.95,1.95,1.95,,,1.95,,,,,0.45,,,,1.95,,,,1.95,0.4,0.4,1.95,,,,0.95,1.95,,0.45,0.45,1.95
118,10232640,,3.95,,,,,0.95,0.45,,,,3.95,3.95,,3.95,7.95,7.95,,,,,,,,,3.95,,1.95,0.45,,,0.4,,1.95,1.95,,,,1.45,1.95,0.45,,,,1.95,0.95,,,,,,0.45,,0.4,0.45,,,,,1.95,0.95,,,,,0.45,0.95,0.4,,,,0.4,1.95,1.95,,1.95,,,,,,0.4,,,,,3.95,3.95,1.95,1.95,2.95,1.95,1.95,1.95,1.95,1.95,1.95,2.95,,,1.95,,,0.4,7.95,7.95,,3.95,1.95,,,,,,,0.4,1.95,,0.4,3.95,,,7.95,,0.4,,0.4,0.45,0.4,0.45,0.45,0.95,1.95,1.95,1.95,0.45,0.45,,,,,,,,,,1.95,1.95,1.95,1.95,1.95,1.95,,,,1.95,1.95,0.95,,,3.95,3.95,,0.45,0.45,0.45,1.95,1.95,1.95,1.95,1.95,1.95,,,1.95,,,,,0.45,,,,1.95,,,,1.95,0.4,0.4,1.95,,,,0.95,1.95,,0.45,0.45,1.95
118,10232700,,3.95,,,,,0.95,0.45,,,,3.95,3.95,,3.95,7.95,7.95,,,,,,,,,3.95,,1.95,0.45,,,0.4,,1.95,1.95,,,,1.45,1.95,0.45,,,,1.95,0.95,,,,,,0.45,,0.4,0.45,,,,,1.95,0.95,,,,,0.45,0.95,0.4,,,,0.4,1.95,1.95,,1.95,,,,,,0.4,,,,,3.95,3.95,1.95,1.95,2.95,1.95,1.95,1.95,1.95,1.95,1.95,2.95,,,1.95,,,0.4,7.95,7.95,,3.95,1.95,,,,,,,0.4,1.95,,0.4,3.95,,,7.95,,0.4,,0.4,0.45,0.4,0.45,0.45,0.95,1.95,1.95,1.95,0.45,0.45,,,,,,,,,,1.95,1.95,1.95,1.95,1.95,1.95,,,,1.95,1.95,0.95,,,3.95,3.95,,0.45,0.45,0.45,1.95,1.95,1.95,1.95,1.95,1.95,,,1.95,,,,,0.45,,,,1.95,,,,1.95,0.4,0.4,1.95,,,,0.95,1.95,,0.45,0.45,1.95
118,10232760,,3.95,,,,,0.95,0.45,,,,3.95,3.95,,3.95,7.95,7.95,,,,,,,,,3.95,,1.95,0.45,,,0.4,,1.95,1.95,,,,1.45,1.95,0.45,,,,1.95,0.95,,,,,,0.45,,0.4,0.45,,,,,1.95,0.95,,,,,0.45,0.95,0.4,,,,0.4,1.95,1.95,,1.95,,,,,,0.4,,,,,3.95,3.95,1.95,1.95,2.95,1.95,1.95,1.95,1.95,1.95,1.95,2.95,,,1.95,,,0.4,7.95,7.95,,3.95,1.95,,,,,,,0.4,1.95,,0.4,3.95,,,7.95,,0.4,,0.4,0.45,0.4,0.45,0.45,0.95,1.95,1.95,1.95,0.45,0.45,,,,,,,,,,1.95,1.95,1.95,1.95,1.95,1.95,,,,1.95,1.95,0.95,,,3.95,3.95,,0.45,0.45,0.45,1.95,1.95,1.95,1.95,1.95,1.95,,,1.95,,,,,0.45,,,,1.95,,,,1.95,0.4,0.4,1.95,,,,0.95,1.95,,0.45,0.45,1.95
118,10232820,,3.95,,,,,0.95,0.45,,,,3.95,3.95,,3.95,7.95,7.95,,,,,,,,,3.95,,1.95,0.45,,,0.4,,1.95,1.95,,,,1.45,1.95,0.45,,,,1.95,0.95,,,,,,0.45,,0.4,0.45,,,,,1.95,0.95,,,,,0.45,0.95,0.4,,,,0.4,1.95,1.95,,1.95,,,,,,0.4,,,,,3.95,3.95,1.95,1.95,2.95,1.95,1.95,1.95,1.95,1.95,1.95,2.95,,,1.95,,,0.4,7.95,7.95,,3.95,1.95,,,,,,,0.4,1.95,,0.4,3.95,,,7.95,,0.4,0.4,0.4,0.45,0.4,0.45,0.45,0.95,1.95,1.95,1.95,0.45,0.45,,,,,,,,,,1.95,1.95,1.95,1.95,1.95,1.95,,,,1.95,1.95,0.95,,,3.95,3.95,,0.45,0.45,0.45,1.95,1.95,1.95,1.95,1.95,1.95,,,1.95,,,,,0.45,,,,1.95,,,,1.95,0.4,0.4,1.95,,,,0.95,1.95,,0.45,0.45,1.95
118,10232880,,3.95,,,,,0.95,0.45,,,,3.95,3.95,,3.95,7.95,7.95,,,,,,,,,3.95,,1.95,0.45,,,0.4,,1.95,1.95,,,,1.45,1.95,0.45,,,,1.95,0.95,,,,,,0.45,,0.4,0.45,,,,,1.95,0.95,,,,,0.45,0.95,0.4,,,,0.4,1.95,1.95,,1.95,,,,,,0.4,,,,,3.95,3.95,1.95,1.95,2.95,1.95,1.95,1.95,1.95,1.95,1.95,2.95,,,1.95,,,0.4,7.95,7.95,,3.95,1.95,,,,,,,0.4,1.95,,0.4,3.95,,,7.95,,0.4,0.4,0.4,0.45,0.4,0.45,0.45,0.95,1.95,1.95,1.95,0.45,0.45,,,,,,,,,,1.95,1.95,1.95,1.95,1.95,1.95,,,,1.95,1.95,0.95,,,3.95,3.95,,0.45,0.45,0.45,1.95,1.95,1.95,1.95,1.95,1.95,,,1.95,,,,,0.45,,,,1.95,,,,1.95,0.4,0.4,1.95,,,,0.95,1.95,,0.45,0.45,1.95
118,10232940,,3.95,,,,,0.95,0.45,,,,3.95,3.95,,3.95,7.95,7.95,,,,,,,,,3.95,,1.95,0.45,,,0.4,,1.95,1.95,,,,1.45,1.95,0.45,,,,1.95,0.95,,,,,,0.45,,0.4,0.45,,,,,1.95,0.95,,,,,0.45,0.95,0.4,,,,0.4,1.95,1.95,,1.95,,,,,,0.4,,,,,3.95,3.95,1.95,1.95,2.95,1.95,1.95,1.95,1.95,1.95,1.95,2.95,,,1.95,,,0.4,7.95,7.95,,3.95,1.95,,,,,,,0.4,1.95,,0.4,3.95,,,7.95,,0.4,0.4,0.4,0.45,0.4,0.45,0.45,0.95,1.95,1.95,1.95,0.45,0.45,,,,,,,,,,1.95,1.95,1.95,1.95,1.95,1.95,,,,1.95,1.95,0.95,,,3.95,3.95,,0.45,0.45,0.45,1.95,1.95,1.95,1.95,1.95,1.95,,,1.95,,,,,0.45,,,,1.95,,,,1.95,0.4,0.4,1.95,,,,0.95,1.95,,0.45,0.45,1.95
118,10233000,,3.95,,,,,0.95,0.45,,,,3.95,3.95,,3.95,7.95,7.95,,,,,,,,,3.95,,1.95,0.45,,,0.4,,1.95,1.95,,,,1.45,1.95,0.45,,,,1.95,0.95,,,,,,0.45,,0.4,0.45,,,,,1.95,0.95,,,,,0.45,0.95,0.4,,,,0.4,1.95,1.95,,1.95,,,,,,0.4,,,,,3.95,3.95,1.95,1.95,2.95,1.95,1.95,1.95,1.95,1.95,1.95,2.95,,,1.95,,,0.4,7.95,7.95,,3.95,1.95,,,,,,,0.4,1.95,,0.4,3.95,,,7.95,,0.4,0.4,0.4,0.45,0.4,0.45,0.45,0.95,1.95,1.95,1.95,0.45,0.45,,,,,,,,,,1.95,1.95,1.95,1.95,1.95,1.95,,,,1.95,1.95,0.95,,,3.95,3.95,,0.45,0.45,0.45,1.95,1.95,1.95,1.95,1.95,1.95,,,1.95,,,,,0.45,,,,1.95,,,,1.95,0.4,0.4,1.95,,,,0.95,1.95,,0.45,0.45,1.95
118,10233060,,3.95,,,,,0.95,0.45,,,,3.95,3.95,,3.95,7.95,7.95,,,,,,,,,3.95,,1.95,0.45,,,0.4,,1.95,1.95,,,,1.45,1.95,0.45,,,,1.95,0.95,,,,,,0.45,,0.4,0.45,,,,,1.95,0.95,,,,,0.45,0.95,0.4,,,,0.4,1.95,1.95,,1.95,,,,,,0.4,,,,,3.95,3.95,1.95,1.95,2.95,1.95,1.95,1.95,1.95,1.95,1.95,2.95,,,1.95,,,0.4,7.95,7.95,,3.95,1.95,,,,,,,0.4,1.95,,0.4,3.95,,,7.95,,0.4,0.4,0.4,0.45,0.4,0.45,0.45,0.95,1.95,1.95,1.95,0.45,0.45,,,,,,,,,,1.95,1.95,1.95,1.95,1.95,1.95,,,,1.95,1.95,0.95,,,3.95,3.95,,0.45,0.45,0.45,1.95,1.95,1.95,1.95,1.95,1.95,,,1.95,,,,,0.45,,,,1.95,,,,1.95,0.4,0.4,1.95,,,,0.95,1.95,,0.45,0.45,1.95
118,10233120,,3.95,,,,,0.95,0.45,,,,3.95,3.95,,3.95,7.95,7.95,,,,,,,,,3.95,,1.95,0.45,,,0.4,,1.95,1.95,,,,1.45,1.95,0.45,,,,1.95,0.95,,,,,,0.45,,0.4,0.45,,,,,1.95,0.95,,,,,0.45,0.95,0.4,,,,0.4,1.95,1.95,,1.95,,,,,,0.4,,,,,3.95,3.95,1.95,1.95,2.95,1.95,1.95,1.95,1.95,1.95,1.95,2.95,,,1.95,,,0.4,7.95,7.95,,3.95,1.95,,,,,,,0.4,1.95,,0.4,3.95,,,7.95,,0.4,0.4,0.4,0.45,0.4,0.45,0.45,0.95,1.95,1.95,1.95,0.45,0.45,,,,,,,,,,1.95,1.95,1.95,1.95,1.95,1.95,,,,1.95,1.95,0.95,,,3.95,3.95,,0.45,0.45,0.45,1.95,1.95,1.95,1.95,1.95,1.95,,,1.95,,,,,0.45,,,,1.95,,,,1.95,0.4,0.4,1.95,,,,0.95,1.95,,0.45,0.45,1.95
118,10233180,,3.95,,,,,0.95,0.45,,,,3.95,3.95,,3.95,7.95,7.95,,,,,,,,,3.95,,1.95,0.45,,,0.4,,1.95,1.95,,,,1.45,1.95,0.45,,,,1.95,0.95,,,,,,0.45,,0.4,0.45,,,,,1.95,0.95,,,,,0.45,0.95,0.4,,,,0.4,1.95,1.95,,1.95,,,,,,0.4,,,,,3.95,3.95,1.95,1.95,2.95,1.95,1.95,1.95,1.95,1.95,1.95,2.95,,,1.95,,,0.4,7.95,7.95,,3.95,1.95,,,,,,,0.4,1.95,,0.4,3.95,,,7.95,,0.4,0.4,0.4,0.45,0.4,0.45,0.45,0.95,1.95,1.95,1.95,0.45,0.45,,,,,,,,,,1.95,1.95,1.95,1.95,1.95,1.95,,,,1.95,1.95,0.95,,,3.95,3.95,,0.45,0.45,0.45,1.95,1.95,1.95,1.95,1.95,1.95,,,1.95,,,,,0.45,,,,1.95,,,,1.95,0.4,0.4,1.95,,,,0.95,1.95,,0.45,0.45,1.95
118,10233240,,3.95,,,,,0.95,0.45,,,,3.95,3.95,,3.95,7.95,7.95,,,,,,,,,3.95,,1.95,0.45,,,0.4,,1.95,1.95,,,,1.45,1.95,0.45,,,,1.95,0.95,,,,,,0.45,,0.4,0.45,,,,,1.95,0.95,,,,,0.45,0.95,0.4,,,,0.4,1.95,1.95,,1.95,,,,,,0.4,,,,,3.95,3.95,1.95,1.95,2.95,1.95,1.95,1.95,1.95,1.95,1.95,2.95,,,1.95,,,0.4,7.95,7.95,,3.95,1.95,,,,,,,0.4,1.95,,0.4,3.95,,,7.95,,0.4,0.4,0.4,0.45,0.4,0.45,0.45,0.95,1.95,1.95,1.95,0.45,0.45,,,,,,,,,,1.95,1.95,1.95,1.95,1.95,1.95,,,,1.95,1.95,0.95,,,3.95,3.95,,0.45,0.45,0.45,1.95,1.95,1.95,1.95,1.95,1.95,,,1.95,,,,,0.45,,,,1.95,,,,1.95,0.4,0.4,1.95,,,,0.95,1.95,,0.45,0.45,1.95
118,10233300,,3.95,,,,,0.95,0.45,,,,3.95,3.95,,3.95,7.95,7.95,,,,,,,,,3.95,,1.95,0.45,,,0.4,,1.95,1.95,,,,1.45,1.95,0.45,,,,1.95,0.95,,,,,,0.45,,0.4,0.45,,,,,1.95,0.95,,,,,0.45,0.95,0.4,,,,0.4,1.95,1.95,,1.95,,,,,,0.4,,,,,3.95,3.95,1.95,1.95,2.95,1.95,1.95,1.95,1.95,1.95,1.95,2.95,,,1.95,,,0.4,7.95,7.95,,3.95,1.95,,,,,,,0.4,1.95,,0.4,3.95,,,7.95,,0.4,0.4,0.4,0.45,0.4,0.45,0.45,0.95,1.95,1.95,1.95,0.45,0.45,,,,,,,,,,1.95,1.95,1.95,1.95,1.95,1.95,,,,1.95,1.95,0.95,,,3.95,3.95,,0.45,0.45,0.45,1.95,1.95,1.95,1.95,1.95,1.95,,,1.95,,,,,0.45,,,,1.95,,,,1.95,0.4,0.4,1.95,,,,0.95,1.95,,0.45,0.45,1.95
118,10233360,,3.95,,,,,0.95,0.45,,,,3.95,3.95,,3.95,7.95,7.95,,,,,,,,,3.95,,1.95,0.45,,,0.4,,1.95,1.95,,,,1.617,1.95,0.45,,,,1.95,0.95,,,,,,0.45,,0.4,0.45,,,,,1.95,0.95,,,,,0.45,0.95,0.4,,,,0.4,1.95,1.95,,1.95,,,,,,0.4,,,,,3.95,3.95,1.95,1.95,2.95,1.95,1.95,1.95,1.95,1.95,1.95,2.95,,,1.95,,,0.4,7.95,7.95,,3.95,1.95,,,,,,,0.4,1.95,,0.4,3.95,,,7.95,,0.4,0.4,0.4,0.45,0.4,0.45,0.45,0.95,1.95,1.95,1.95,0.45,0.45,,,,,,,,,,1.95,1.95,1.95,1.95,1.95,1.95,,,,1.95,1.95,0.95,,,3.95,3.95,,0.45,0.45,0.45,1.95,1.95,1.95,1.95,1.95,1.95,,,1.95,,,,,0.45,,,,1.95,,,,1.95,0.4,0.4,1.95,,,,0.95,1.95,,0.45,0.45,1.95
118,10233420,,3.95,,,,,0.95,0.45,,,,3.95,3.95,,3.95,7.95,7.95,,,,,,,,,3.95,,1.95,0.45,,,0.4,,1.95,1.95,,,,1.45,1.95,0.45,,,,1.95,0.95,,,,,,0.45,,0.4,0.45,,,,,1.95,0.95,,,,,0.45,0.95,0.4,,,,0.4,1.95,1.95,,1.95,,,,,,0.4,,,,,3.95,3.95,1.95,1.95,2.95,1.95,1.95,1.95,1.95,1.95,1.95,2.95,,,1.95,,,0.4,7.95,7.95,,3.95,1.95,,,,,,,0.4,1.95,,0.4,3.95,,,7.95,,0.4,0.4,0.4,0.45,0.4,0.45,0.45,0.95,1.95,1.95,1.95,0.45,0.45,,,,,,,,,,1.95,1.95,1.95,1.95,1.95,1.95,,,,1.95,1.95,0.95,,,3.95,3.95,,0.45,0.45,0.45,1.95,1.95,1.95,1.95,1.95,1.95,,,1.95,,,,,0.45,,,,1.95,,,,1.95,0.4,0.4,1.95,,,,0.95,1.95,,0.45,0.45,1.95
118,10233480,,3.95,,,,,0.95,0.45,,,,3.95,3.95,,3.95,7.95,7.95,,,,,,,,,3.95,,1.95,0.45,,,0.4,,1.95,1.95,,,,1.45,1.95,0.45,,,,1.95,0.95,,,,,,0.45,,0.4,0.45,,,,,1.95,0.95,,,,,0.45,0.95,0.4,,,,0.4,1.95,1.95,,1.95,,,,,,0.4,,,,,3.95,3.95,1.95,1.95,2.95,1.95,1.95,1.95,1.95,1.95,1.95,2.95,,,1.95,,,0.4,7.95,7.95,,3.95,1.95,,,,,,,0.4,1.95,,0.4,3.95,,,7.95,,0.4,0.4,0.4,0.45,0.4,0.45,0.45,0.95,1.95,1.95,1.95,0.45,0.45,,,,,,,,,,1.95,1.95,1.95,1.95,1.95,1.95,,,,1.95,1.95,0.95,,,3.95,3.95,,0.45,0.45,0.45,1.95,1.95,1.95,1.95,1.95,1.95,,,1.95,,,,,0.45,,,,1.95,,,,1.95,0.4,0.4,1.95,,,,0.95,1.95,,0.45,0.45,1.95
118,10233540,,3.95,,,,,0.95,0.45,,,,3.95,3.95,,3.95,7.95,7.95,,,,,,,,,3.95,,1.95,0.45,,,0.4,,1.95,1.95,,,,1.617,1.95,0.45,,,,1.95,0.95,,,,,,0.45,,0.4,0.45,,,,,1.95,0.95,,,,,0.45,0.95,0.4,,,,0.4,1.95,1.95,,1.95,,,,,,0.4,,,,,3.95,3.95,1.95,1.95,2.95,1.95,1.95,1.95,1.95,1.95,1.95,2.95,,,1.95,,,0.4,7.95,7.95,,3.95,1.95,,,,,,,0.4,1.95,,0.4,3.95,,,7.95,,0.4,0.4,0.4,0.45,0.4,0.45,0.45,0.95,1.95,1.95,1.95,0.45,0.45,,,,,,,,,,1.95,1.95,1.95,1.95,1.95,1.95,,,,1.95,1.95,0.95,,,3.95,3.95,,0.45,0.45,0.45,1.95,1.95,1.95,1.95,1.95,1.95,,,1.95,,,,,0.45,,,,1.95,,,,1.95,0.4,0.4,1.95,,,,0.95,1.95,,0.45,0.45,1.95
118,10233600,,3.95,,,,,0.95,0.45,,,,3.95,3.95,,3.95,7.95,7.95,,,,,,,,,3.95,,1.95,0.45,,,0.4,,1.95,1.95,,,,1.45,1.95,0.45,,,,1.95,0.95,,,,,,0.45,,0.4,0.45,,,,,1.95,0.95,,,,,0.45,0.95,0.4,,,,0.4,1.95,1.95,,1.95,,,,,,0.4,,,,,3.95,3.95,1.95,1.95,2.95,1.95,1.95,1.95,1.95,1.95,1.95,2.95,,,1.95,,,0.4,7.95,7.95,,3.95,1.95,,,,,,,0.4,1.95,,0.4,3.95,,,7.95,,0.4,0.4,0.4,0.45,0.4,0.45,0.45,0.95,1.95,1.95,1.95,0.45,0.45,,,,,,,,,,1.95,1.95,1.95,1.95,1.95,1.95,,,,1.95,1.95,0.95,,,3.95,3.95,,0.45,0.45,0.45,1.95,1.95,1.95,1.95,1.95,1.95,,,1.95,,,,,0.45,,,,1.95,,,,1.95,0.4,0.4,1.95,,,,0.95,1.95,,0.45,0.45,1.95
118,10233660,,3.95,,,,,0.95,0.45,,,,3.95,3.95,,3.95,7.95,7.95,,,,,,,,,3.95,,1.95,0.45,,,0.4,,1.95,1.95,,,,1.45,1.95,0.45,,,,1.95,0.95,,,,,,0.45,,0.4,0.45,,,,,1.95,0.95,,,,,0.45,0.95,0.4,,,,0.4,1.95,1.95,,1.95,,,,,,0.4,,,,,3.95,3.95,1.95,1.95,2.95,1.95,1.95,1.95,1.95,1.95,1.95,2.95,,,1.95,,,0.4,7.95,7.95,,3.95,1.95,,,,,,,0.4,1.95,,0.4,3.95,,,7.95,,0.4,0.4,0.4,0.45,0.4,0.45,0.45,0.95,1.95,1.95,1.95,0.45,0.45,,,,,,,,,,1.95,1.95,1.95,1.95,1.95,1.95,,,,1.95,1.95,0.95,,,3.95,3.95,,0.45,0.45,0.45,1.95,1.95,1.95,1.95,1.95,1.95,,,1.95,,,,,0.45,,,,1.95,,,,1.95,0.4,0.4,1.95,,,,0.95,1.95,,0.45,0.45,1.95
118,10233720,,3.95,,,,,0.95,0.45,,,,3.95,3.95,,3.95,7.95,7.95,,,,,,,,,3.95,,1.95,0.45,,,0.4,,1.95,1.95,,,,1.45,1.95,0.45,,,,1.95,0.95,,,,,,0.45,,0.4,0.45,,,,,1.95,0.95,,,,,0.45,0.95,0.4,,,,0.4,1.95,1.95,,1.95,,,,,,0.4,,,,,3.95,3.95,1.95,1.95,2.95,1.95,1.95,1.95,1.95,1.95,1.95,2.95,,,1.95,,,0.4,7.95,7.95,,3.95,1.95,,,,,,,0.4,1.95,,0.4,3.95,,,7.95,,0.4,0.4,0.4,0.45,0.4,0.45,0.45,0.95,1.95,1.95,1.95,0.45,0.45,,,,,,,,,,1.95,1.95,1.95,1.95,1.95,1.95,,,,1.95,1.95,0.95,,,3.95,3.95,,0.45,0.45,0.45,1.95,1.95,1.95,1.95,1.95,1.95,,,1.95,,,,,0.45,,,,1.95,,,,1.95,0.4,0.4,1.95,,,,0.95,1.95,,0.45,0.45,1.95
118,10233780,,3.95,,,,,0.95,0.45,,,,3.95,3.95,,3.95,7.95,7.95,,,,,,,,,3.95,,1.95,0.45,,,0.4,,1.95,1.95,,,,1.45,1.95,0.45,,,,1.95,0.95,,,,,,0.45,,0.4,0.45,,,,,1.95,0.95,,,,,0.45,0.95,0.4,,,,0.4,1.95,1.95,,1.95,,,,,,0.4,,,,,3.95,3.95,1.95,1.95,2.95,1.95,1.95,1.95,1.95,1.95,1.95,2.95,,,1.95,,,0.4,7.95,7.95,,3.95,1.95,,,,,,,0.4,1.95,,0.4,3.95,,,7.95,,0.4,0.4,0.4,0.45,0.4,0.45,0.45,0.95,1.95,1.95,1.95,0.45,0.45,,,,,,,,,,1.95,1.95,1.95,1.95,1.95,1.95,,,,1.95,1.95,0.95,,,3.95,3.95,,0.45,0.45,0.45,1.95,1.95,1.95,1.95,1.95,1.95,,,1.95,,,,,0.45,,,,1.95,,,,1.95,0.4,0.4,1.95,,,,0.95,1.95,,0.45,0.45,1.95
118,10233840,,3.95,,,,,0.95,0.45,,,,3.95,3.95,,3.95,7.95,7.95,,,,,,,,,3.95,,1.95,0.45,,,0.4,,1.95,1.95,,,,1.45,1.95,0.45,,,,1.95,0.95,,,,,,0.45,,0.4,0.45,,,,,1.95,0.95,,,,,0.45,0.95,0.4,,,,0.4,1.95,1.95,,1.95,,,,,,0.4,,,,,3.95,3.95,1.95,1.95,2.95,1.95,1.95,1.95,1.95,1.95,1.95,2.95,,,1.95,,,0.4,7.95,7.95,,3.95,1.95,,,,,,,0.4,1.95,,0.4,3.95,,,7.95,,0.4,0.4,0.4,0.45,0.4,0.45,0.45,0.95,1.95,1.95,1.95,0.45,0.45,,,,,,,,,,1.95,1.95,1.95,1.95,1.95,1.95,,,,1.95,1.95,0.95,,,3.95,3.95,,0.45,0.45,0.45,1.95,1.95,1.95,1.95,1.95,1.95,,,1.95,,,,,0.45,,,,1.95,,,,1.95,0.4,0.4,1.95,,,,0.95,1.95,,0.45,0.45,1.95
118,10233900,,3.95,,,,,0.95,0.45,,,,3.95,3.95,,3.95,7.95,7.95,,,,,,,,,3.95,,1.95,0.45,,,0.4,,1.95,1.95,,,,1.45,1.95,0.45,,,,1.95,0.95,,,,,,0.45,,0.4,0.45,,,,,1.95,0.95,,,,,0.45,0.95,0.4,,,,0.4,1.95,1.95,,1.95,,,,,,0.4,,,,,3.95,3.95,1.95,1.95,2.95,1.95,1.95,1.95,1.95,1.95,1.95,2.95,,,1.95,,,0.4,7.95,7.95,,3.95,1.95,,,,,,,0.4,1.95,,0.4,3.95,,,7.95,,0.4,0.4,0.4,0.45,0.4,0.45,0.45,0.95,1.95,1.95,1.95,0.45,0.45,,,,,,,,,,1.95,1.95,1.95,1.95,1.95,1.95,,,,1.95,1.95,0.95,,,3.95,3.95,,0.45,0.45,0.45,1.95,1.95,1.95,1.95,1.95,1.95,,,1.95,,,,,0.45,,,,1.95,,,,1.95,0.4,0.4,1.95,,,,0.95,1.95,,0.45,0.45,1.95
118,10233960,,3.95,,,,,0.95,0.45,,,,3.95,3.95,,3.95,7.95,7.95,,,,,,,,,3.95,,1.95,0.45,,,0.4,,1.95,1.95,,,,1.617,1.95,0.45,,,,1.95,0.95,,,,,,0.45,,0.4,0.45,,,,,1.95,0.95,,,,,0.45,0.95,0.4,,,,0.4,1.95,1.95,,1.95,,,,,,0.4,,,,,3.95,3.95,1.95,1.95,2.95,1.95,1.95,1.95,1.95,1.95,1.95,2.95,,,1.95,,,0.4,7.95,7.95,,3.95,1.95,,,,,,,0.4,1.95,,0.4,3.95,,,7.95,,0.4,0.4,0.4,0.45,0.4,0.45,0.45,0.95,1.95,1.95,1.95,0.45,0.45,,,,,,,,,,1.95,1.95,1.95,1.95,1.95,1.95,,,,1.95,1.95,0.95,,,3.95,3.95,,0.45,0.45,0.45,1.95,1.95,1.95,1.95,1.95,1.95,,,1.95,,,,,0.45,,,,1.95,,,,1.95,0.4,0.4,1.95,,,,0.95,1.95,,0.45,0.45,1.95
118,10234020,,3.95,,,,,0.95,0.45,,,,3.95,3.95,,3.95,7.95,7.95,,,,,,,,,3.95,,1.95,0.45,,,0.4,,1.95,1.95,,,,1.45,1.95,0.45,,,,1.95,0.95,,,,,,0.45,,0.4,0.45,,,,,1.95,0.95,,,,,0.45,0.95,0.4,,,,0.4,1.95,1.95,,1.95,,,,,,0.4,,,,,3.95,3.95,1.95,1.95,2.95,1.95,1.95,1.95,1.95,1.95,1.95,2.95,,,1.95,,,0.4,7.95,7.95,,3.95,1.95,,,,,,,0.4,1.95,,0.4,3.95,,,7.95,,0.4,0.4,0.4,0.45,0.4,0.45,0.45,0.95,1.95,1.95,1.95,0.45,0.45,,,,,,,,,,1.95,1.95,1.95,1.95,1.95,1.95,,,,1.95,1.95,0.95,,,3.95,3.95,,0.45,0.45,0.45,1.95,1.95,1.95,1.95,1.95,1.95,,,1.95,,,,,0.45,,,,1.95,,,,1.95,0.4,0.4,1.95,,,,0.95,1.95,,0.45,0.45,1.95
118,10234080,,3.95,,,,,0.95,0.45,,,,3.95,3.95,,3.95,7.95,7.95,,,,,,,,,3.95,,1.95,0.45,,,0.4,,1.95,1.95,,,,1.45,1.95,0.45,,,,1.95,0.95,,,,,,0.45,,0.4,0.45,,,,,1.95,0.95,,,,,0.45,0.95,0.4,,,,0.4,1.95,1.95,,1.95,,,,,,0.4,,,,,3.95,3.95,1.95,1.95,2.95,1.95,1.95,1.95,1.95,1.95,1.95,2.95,,,1.95,,,0.4,7.95,7.95,,3.95,1.95,,,,,,,0.4,1.95,,0.4,3.95,,,7.95,,0.4,0.4,0.4,0.45,0.4,0.45,0.45,0.95,1.95,1.95,1.95,0.45,0.45,,,,,,,,,,1.95,1.95,1.95,1.95,1.95,1.95,,,,1.95,1.95,0.95,,,3.95,3.95,,0.45,0.45,0.45,1.95,1.95,1.95,1.95,1.95,1.95,,,1.95,,,,,0.45,,,,1.95,,,,1.95,0.4,0.4,1.95,,,,0.95,1.95,,0.45,0.45,1.95
118,10234140,,3.95,,,,,0.95,0.45,,,,3.95,3.95,,3.95,7.95,7.95,,,,,,,,,3.95,,1.95,0.45,,,0.4,,1.95,1.95,,,,1.45,1.95,0.45,,,,1.95,0.95,,,,,,0.45,,0.4,0.45,,,,,1.95,0.95,,,,,0.45,0.95,0.4,,,,0.4,1.95,1.95,,1.95,,,,,,0.4,,,,,3.95,3.95,1.95,1.95,2.95,1.95,1.95,1.95,1.95,1.95,1.95,2.95,,,1.95,,,0.4,7.95,7.95,,3.95,1.95,,,,,,,0.4,1.95,,0.4,3.95,,,7.95,,0.4,0.4,0.4,0.45,0.4,0.45,0.45,0.95,1.95,1.95,1.95,0.45,0.45,,,,,,,,,,1.95,1.95,1.95,1.95,1.95,1.95,,,,1.95,1.95,0.95,,,3.95,3.95,,0.45,0.45,0.45,1.95,1.95,1.95,1.95,1.95,1.95,,,1.95,,,,,0.45,,,,1.95,,,,1.95,0.4,0.4,1.95,,,,0.95,1.95,,0.45,0.45,1.95
118,10234200,,3.95,,,,,0.95,0.45,,,,3.95,3.95,,3.95,7.95,7.95,,,,,,,,,3.95,,1.95,0.45,,,0.4,,1.95,1.95,,,,1.45,1.95,0.45,,,,1.95,0.95,,,,,,0.45,,0.4,0.45,,,,,1.95,0.95,,,,,0.45,0.95,0.4,,,,0.4,1.95,1.95,,1.95,,,,,,0.4,,,,,3.95,3.95,1.95,1.95,2.95,1.95,1.95,1.95,1.95,1.95,1.95,2.95,,,1.95,,,0.4,7.95,7.95,,3.95,1.95,,,,,,,0.4,1.95,,0.4,3.95,,,7.95,,0.4,0.4,0.4,0.45,0.4,0.45,0.45,0.95,1.95,1.95,1.95,0.45,0.45,,,,,,,,,,1.95,1.95,1.95,1.95,1.95,1.95,,,,1.95,1.95,0.95,,,3.95,3.95,,0.45,0.45,0.45,1.95,1.95,1.95,1.95,1.95,1.95,,,1.95,,,,,0.45,,,,1.95,,,,1.95,0.4,0.4,1.95,,,,0.95,1.95,,0.45,0.45,1.95
118,10234260,,3.95,,,,,0.95,0.45,,,,3.95,3.95,,3.95,7.95,7.95,,,,,,,,,3.95,,1.95,0.45,,,0.4,,1.95,1.95,,,,1.45,1.95,0.45,,,,1.95,0.95,,,,,,0.45,,0.4,0.45,,,,,1.95,0.95,,,,,0.45,0.95,0.4,,,,0.4,1.95,1.95,,1.95,,,,,,0.4,,,,,3.95,3.95,1.95,1.95,2.95,1.95,1.95,1.95,1.95,1.95,1.95,2.95,,,1.95,,,0.4,7.95,7.95,,3.95,1.95,,,,,,,0.4,1.95,,0.4,3.95,,,7.95,,0.4,0.4,0.4,0.45,0.4,0.45,0.45,0.95,1.95,1.95,1.95,0.45,0.45,,,,,,,,,,1.95,1.95,1.95,1.95,1.95,1.95,,,,1.95,1.95,0.95,,,3.95,3.95,,0.45,0.45,0.45,1.95,1.95,1.95,1.95,1.95,1.95,,,1.95,,,,,0.45,,,,1.95,,,,1.95,0.4,0.4,1.95,,,,0.95,1.95,,0.45,0.45,1.95
118,10234320,,3.95,,,,,0.95,0.45,,,,3.95,3.95,,3.95,7.95,7.95,,,,,,,,,3.95,,1.95,0.45,,,0.4,,1.95,1.95,,,,1.45,1.95,0.45,,,,1.95,0.95,,,,,,0.45,,0.4,0.45,,,,,1.95,0.95,,,,,0.45,0.95,0.4,,,,0.4,1.95,1.95,,1.95,,,,,,0.4,,,,,3.95,3.95,1.95,1.95,2.95,1.95,1.95,1.95,1.95,1.95,1.95,2.95,,,1.95,,,0.4,7.95,7.95,,3.95,1.95,,,,,,,0.4,1.95,,0.4,3.95,,,7.95,,0.4,0.4,0.4,0.45,0.4,0.45,0.45,0.95,1.95,1.95,1.95,0.45,0.45,,,,,,,,,,1.95,1.95,1.95,1.95,1.95,1.95,,,,1.95,1.95,0.95,,,3.95,3.95,,0.45,0.45,0.45,1.95,1.95,1.95,1.95,1.95,1.95,,,1.95,,,,,0.45,,,,1.95,,,,1.95,0.4,0.4,1.95,,,,0.95,1.95,,0.45,0.45,1.95
118,10234380,,3.95,,,,,0.95,0.45,,,,3.95,3.95,,3.95,7.95,7.95,,,,,,,,,3.95,,1.95,0.45,,,0.4,,1.95,1.95,,,,1.45,1.95,0.45,,,,1.95,0.95,,,,,,0.45,,0.4,0.45,,,,,1.95,0.95,,,,,0.45,0.95,0.4,,,,0.4,1.95,1.95,,1.95,,,,,,0.4,,,,,3.95,3.95,1.95,1.95,2.95,1.95,1.95,1.95,1.95,1.95,1.95,2.95,,,1.95,,,0.4,7.95,7.95,,3.95,1.95,,,,,,,0.4,1.95,,0.4,3.95,,,7.95,,0.4,0.4,0.4,0.45,0.4,0.45,0.45,0.95,1.95,1.95,1.95,0.45,0.45,,,,,,,,,,1.95,1.95,1.95,1.95,1.95,1.95,,,,1.95,1.95,0.95,,,3.95,3.95,,0.45,0.45,0.45,1.95,1.95,1.95,1.95,1.95,1.95,,,1.95,,,,,0.45,,,,1.95,,,,1.95,0.4,0.4,1.95,,,,0.95,1.95,,0.45,0.45,1.95
118,10234440,,3.95,,,,,0.95,0.45,,,,3.95,3.95,,3.95,7.95,7.95,,,,,,,,,3.95,,1.95,0.45,,,0.4,,1.95,1.95,,,,1.45,1.95,0.45,,,,1.95,0.95,,,,,,0.45,,0.4,0.45,,,,,1.95,0.95,,,,,0.45,0.95,0.4,,,,0.4,1.95,1.95,,1.95,,,,,,0.4,,,,,3.95,3.95,1.95,1.95,2.95,1.95,1.95,1.95,1.95,1.95,1.95,2.95,,,1.95,,,0.4,7.95,7.95,,3.95,1.95,,,,,,,0.4,1.95,,0.4,3.95,,,7.95,,0.4,0.4,0.4,0.45,0.4,0.45,0.45,0.95,1.95,1.95,1.95,0.45,0.45,,,,,,,,,,1.95,1.95,1.95,1.95,1.95,1.95,,,,1.95,1.95,0.95,,,3.95,3.95,,0.45,0.45,0.45,1.95,1.95,1.95,1.95,1.95,1.95,,,1.95,,,,,0.45,,,,1.95,,,,1.95,0.4,0.4,1.95,,,,0.95,1.95,,0.45,0.45,1.95
118,10234500,,3.95,,,,,0.95,0.45,,,,3.95,3.95,,3.95,7.95,7.95,,,,,,,,,3.95,,1.95,0.45,,,0.4,,1.95,1.95,,,,1.45,1.95,0.45,,,,1.95,0.95,,,,,,0.45,,0.4,0.45,,,,,1.95,0.95,,,,,0.45,0.95,0.4,,,,0.4,1.95,1.95,,1.95,,,,,,0.4,,,,,3.95,3.95,1.95,1.95,2.95,1.95,1.95,1.95,1.95,1.95,1.95,2.95,,,1.95,,,0.4,7.95,7.95,,3.95,1.95,,,,,,,0.4,1.95,,0.4,3.95,,,7.95,,0.4,0.4,0.4,0.45,0.4,0.45,0.45,0.95,1.95,1.95,1.95,0.45,0.45,,,,,,,,,,1.95,1.95,1.95,1.95,1.95,1.95,,,,1.95,1.95,0.95,,,3.95,3.95,,0.45,0.45,0.45,1.95,1.95,1.95,1.95,1.95,1.95,,,1.95,,,,,0.45,,,,1.95,,,,1.95,0.4,0.4,1.95,,,,0.95,1.95,,0.45,0.45,1.95
118,10234560,,3.95,,,,,0.95,0.45,,,,3.95,3.95,,3.95,7.95,7.95,,,,,,,,,3.95,,1.95,0.45,,,0.4,,1.95,1.95,,,,1.45,1.95,0.45,,,,1.95,0.95,,,,,,0.45,,0.4,0.45,,,,,1.95,0.95,,,,,0.45,0.95,0.4,,,,0.4,1.95,1.95,,1.95,,,,,,0.4,,,,,3.95,3.95,1.95,1.95,2.95,1.95,1.95,1.95,1.95,1.95,1.95,2.95,,,1.95,,,0.4,7.95,7.95,,3.95,1.95,,,,,,,0.4,1.95,,0.4,3.95,,,7.95,,0.4,0.4,0.4,0.45,0.4,0.45,0.45,0.95,1.95,1.95,1.95,0.45,0.45,,,,,,,,,,1.95,1.95,1.95,1.95,1.95,1.95,,,,1.95,1.95,0.95,,,3.95,3.95,,0.45,0.45,0.45,1.95,1.95,1.95,1.95,1.95,1.95,,,1.95,,,,,0.45,,,,1.95,,,,1.95,0.4,0.4,1.95,,,,0.95,1.95,,0.45,0.45,1.95
118,10234620,,3.95,,,,,0.95,0.45,,,,3.95,3.95,,3.95,7.95,7.95,,,,,,,,,3.95,,1.95,0.45,,,0.4,,1.95,1.95,,,,1.45,1.95,0.45,,,,1.95,0.95,,,,,,0.45,,0.4,0.45,,,,,1.95,0.95,,,,,0.45,0.95,0.4,,,,0.4,1.95,1.95,,1.95,,,,,,0.4,,,,,3.95,3.95,1.95,1.95,2.95,1.95,1.95,1.95,1.95,1.95,1.95,2.95,,,1.95,,,0.4,7.95,7.95,,3.95,1.95,,,,,,,0.4,1.95,,0.4,3.95,,,7.95,,0.4,0.4,0.4,0.45,0.4,0.45,0.45,0.95,1.95,1.95,1.95,0.45,0.45,,,,,,,,,,1.95,1.95,1.95,1.95,1.95,1.95,,,,1.95,1.95,0.95,,,3.95,3.95,,0.45,0.45,0.45,1.95,1.95,1.95,1.95,1.95,1.95,,,1.95,,,,,0.45,,,,1.95,,,,1.95,0.4,0.4,1.95,,,,0.95,1.95,,0.45,0.45,1.95
118,10234680,,3.95,,,,,0.95,0.45,,,,3.95,3.95,,3.95,7.95,7.95,,,,,,,,,3.95,,1.95,0.45,,,0.4,,1.95,1.95,,,,1.45,1.95,0.45,,,,1.95,0.95,,,,,,0.45,,0.4,0.45,,,,,1.95,0.95,,,,,0.45,0.95,0.4,,,,0.4,1.95,1.95,,1.95,,,,,,0.4,,,,,3.95,3.95,1.95,1.95,2.95,1.95,1.95,1.95,1.95,1.95,1.95,2.95,,,1.95,,,0.4,7.95,7.95,,3.95,1.95,,,,,,,0.4,1.95,,0.4,3.95,,,7.95,,0.4,0.4,0.4,0.45,0.4,0.45,0.45,0.95,1.95,1.95,1.95,0.45,0.45,,,,,,,,,,1.95,1.95,1.95,1.95,1.95,1.95,,,,1.95,1.95,0.95,,,3.95,3.95,,0.45,0.45,0.45,1.95,1.95,1.95,1.95,1.95,1.95,,,1.95,,,,,0.45,,,,1.95,,,,1.95,0.4,0.4,1.95,,,,0.95,1.95,,0.45,0.45,1.95
118,10234740,,3.95,,,,,0.95,0.45,,,,3.95,3.95,,3.95,7.95,7.95,,,,,,,,,3.95,,1.95,0.45,,,0.4,,1.95,1.95,,,,1.45,1.95,0.45,,,,1.95,0.95,,,,,,0.45,,0.4,0.45,,,,,1.95,0.95,,,,,0.45,0.95,0.4,,,,0.4,1.95,1.95,,1.95,,,,,,0.4,,,,,3.95,3.95,1.95,1.95,2.95,1.95,1.95,1.95,1.95,1.95,1.95,2.95,,,1.95,,,0.4,7.95,7.95,,3.95,1.95,,,,,,,0.4,1.95,,0.4,3.95,,,7.95,,0.4,,0.4,0.45,0.4,0.45,0.45,0.95,1.95,1.95,1.95,0.45,0.45,,,,,,,,,,1.95,1.95,1.95,1.95,1.95,1.95,,,,1.95,1.95,0.95,,,3.95,3.95,,0.45,0.45,0.45,1.95,1.95,1.95,1.95,1.95,1.95,,,1.95,,,,,0.45,,,,1.95,,,,1.95,0.4,0.4,1.95,,,,0.95,1.95,,0.45,0.45,1.95
118,10234800,,3.95,,,,,0.95,0.45,,,,3.95,3.95,,3.95,7.95,7.95,,,,,,,,,3.95,,1.95,0.45,,,0.4,,1.95,1.95,,,,1.45,1.95,0.45,,,,1.95,0.95,,,,,,0.45,,0.4,0.45,,,,,1.95,0.95,,,,,0.45,0.95,0.4,,,,0.4,1.95,1.95,,1.95,,,,,,0.4,,,,,3.95,3.95,1.95,1.95,2.95,1.95,1.95,1.95,1.95,1.95,1.95,2.95,,,1.95,,,0.4,7.95,7.95,,3.95,1.95,,,,,,,0.4,1.95,,0.4,3.95,,,7.95,,0.4,,0.4,0.45,0.4,0.45,0.45,0.95,1.95,1.95,1.95,0.45,0.45,,,,,,,,,,1.95,1.95,1.95,1.95,1.95,1.95,,,,1.95,1.95,0.95,,,3.95,3.95,,0.45,0.45,0.45,1.95,1.95,1.95,1.95,1.95,1.95,,,1.95,,,,,0.45,,,,1.95,,,,1.95,0.4,0.4,1.95,,,,0.95,1.95,,0.45,0.45,1.95
118,10234860,,3.95,,,,,0.95,0.45,,,,3.95,3.95,,3.95,7.95,7.95,,,,,,,,,3.95,,1.95,0.45,,,0.4,,1.95,1.95,,,,1.45,1.95,0.45,,,,1.95,0.95,,,,,,0.45,,0.4,0.45,,,,,1.95,0.95,,,,,0.45,0.95,0.4,,,,0.4,1.95,1.95,,1.95,,,,,,0.4,,,,,3.95,3.95,1.95,1.95,2.95,1.95,1.95,1.95,1.95,1.95,1.95,2.95,,,1.95,,,0.4,7.95,7.95,,3.95,1.95,,,,,,,0.4,1.95,,0.4,3.95,,,7.95,,0.4,,0.4,0.45,0.4,0.45,0.45,0.95,1.95,1.95,1.95,0.45,0.45,,,,,,,,,,1.95,1.95,1.95,1.95,1.95,1.95,,,,1.95,1.95,0.95,,,3.95,3.95,,0.45,0.45,0.45,1.95,1.95,1.95,1.95,1.95,1.95,,,1.95,,,,,0.45,,,,1.95,,,,1.95,0.4,0.4,1.95,,,,0.95,1.95,,0.45,0.45,1.95
118,10234920,,3.95,,,,,0.95,0.45,,,,3.95,3.95,,3.95,7.95,7.95,,,,,,,,,3.95,,1.95,0.45,,,0.4,,1.95,1.95,,,,1.45,1.95,0.45,,,,1.95,0.95,,,,,,0.45,,0.4,0.45,,,,,1.95,0.95,,,,,0.45,0.95,0.4,,,,0.4,1.95,1.95,,1.95,,,,,,0.4,,,,,3.95,3.95,1.95,1.95,2.95,1.95,1.95,1.95,1.95,1.95,1.95,2.95,,,1.95,,,0.4,7.95,7.95,,3.95,1.95,,,,,,,0.4,1.95,,0.4,3.95,,,7.95,,0.4,,0.4,0.45,0.4,0.45,0.45,0.95,1.95,1.95,1.95,0.45,0.45,,,,,,,,,,1.95,1.95,1.95,1.95,1.95,1.95,,,,1.95,1.95,0.95,,,3.95,3.95,,0.45,0.45,0.45,1.95,1.95,1.95,1.95,1.95,1.95,,,1.95,,,,,0.45,,,,1.95,,,,1.95,0.4,0.4,1.95,,,,0.95,1.95,,0.45,0.45,1.95
118,10234980,,3.95,,,,,0.95,0.45,,,,3.95,3.95,,3.95,7.95,7.95,,,,,,,,,3.95,,1.95,0.45,,,0.4,,1.95,1.95,,,,1.45,1.95,0.45,,,,1.95,0.95,,,,,,0.45,,0.4,0.45,,,,,1.95,0.95,,,,,0.45,0.95,0.4,,,,0.4,1.95,1.95,,1.95,,,,,,0.4,,,,,3.95,3.95,1.95,1.95,2.95,1.95,1.95,1.95,1.95,1.95,1.95,2.95,,,1.95,,,0.4,7.95,7.95,,3.95,1.95,,,,,,,0.4,1.95,,0.4,3.95,,,7.95,,0.4,,0.4,0.45,0.4,0.45,0.45,0.95,1.95,1.95,1.95,0.45,0.45,,,,,,,,,,1.95,1.95,1.95,1.95,1.95,1.95,,,,1.95,1.95,0.95,,,3.95,3.95,,0.45,0.45,0.45,1.95,1.95,1.95,1.95,1.95,1.95,,,1.95,,,,,0.45,,,,1.95,,,,1.95,0.4,0.4,1.95,,,,0.95,1.95,,0.45,0.45,1.95
118,10235040,,3.95,,,,,0.95,0.45,,,,3.95,3.95,,3.95,7.95,7.95,,,,,,,,,3.95,,1.95,0.45,,,0.4,,1.95,1.95,,,,1.45,1.95,0.45,,,,1.95,0.95,,,,,,0.45,,0.4,0.45,,,,,1.95,0.95,,,,,0.45,0.95,0.4,,,,0.4,1.95,1.95,,1.95,,,,,,0.4,,,,,3.95,3.95,1.95,1.95,2.95,1.95,1.95,1.95,1.95,1.95,1.95,2.95,,,1.95,,,0.4,7.95,7.95,,3.95,1.95,,,,,,,0.4,1.95,,0.4,3.95,,,7.95,,0.4,,0.4,0.45,0.4,0.45,0.45,0.95,1.95,1.95,1.95,0.45,0.45,,,,,,,,,,1.95,1.95,1.95,1.95,1.95,1.95,,,,1.95,1.95,0.95,,,3.95,3.95,,0.45,0.45,0.45,1.95,1.95,1.95,1.95,1.95,1.95,,,1.95,,,,,0.45,,,,1.95,,,,1.95,0.4,0.4,1.95,,,,0.95,1.95,,0.45,0.45,1.95
118,10235100,,3.95,,,,,0.95,0.45,,,,3.95,3.95,,3.95,7.95,7.95,,,,,,,,,3.95,,1.95,0.45,,,0.4,,1.95,1.95,,,,1.45,1.95,0.45,,,,1.95,0.95,,,,,,0.45,,0.4,0.45,,,,,1.95,0.95,,,,,0.45,0.95,0.4,,,,0.4,1.95,1.95,,1.95,,,,,,0.4,,,,,3.95,3.95,1.95,1.95,2.95,1.95,1.95,1.95,1.95,1.95,1.95,2.95,,,1.95,,,0.4,7.95,7.95,,3.95,1.95,,,,,,,0.4,1.95,,0.4,3.95,,,7.95,,0.4,,0.4,0.45,0.4,0.45,0.45,0.95,1.95,1.95,1.95,0.45,0.45,,,,,,,,,,1.95,1.95,1.95,1.95,1.95,1.95,,,,1.95,1.95,0.95,,,3.95,3.95,,0.45,0.45,0.45,1.95,1.95,1.95,1.95,1.95,1.95,,,1.95,,,,,0.45,,,,1.95,,,,1.95,0.4,0.4,1.95,,,,0.95,1.95,,0.45,0.45,1.95
118,10235160,,3.95,,,,,0.95,0.45,,,,3.95,3.95,,3.95,7.95,7.95,,,,,,,,,3.95,,1.95,0.45,,,0.4,,1.95,1.95,,,,1.45,1.95,0.45,,,,1.95,0.95,,,,,,0.45,,0.4,0.45,,,,,1.95,0.95,,,,,0.45,0.95,0.4,,,,0.4,1.95,1.95,,1.95,,,,,,0.4,,,,,3.95,3.95,1.95,1.95,2.95,1.95,1.95,1.95,1.95,1.95,1.95,2.95,,,1.95,,,0.4,7.95,7.95,,3.95,1.95,,,,,,,0.4,1.95,,0.4,3.95,,,7.95,,0.4,,0.4,0.45,0.4,0.45,0.45,0.95,1.95,1.95,1.95,0.45,0.45,,,,,,,,,,1.95,1.95,1.95,1.95,1.95,1.95,,,,1.95,1.95,0.95,,,3.95,3.95,,0.45,0.45,0.45,1.95,1.95,1.95,1.95,1.95,1.95,,,1.95,,,,,0.45,,,,1.95,,,,1.95,0.4,0.4,1.95,,,,0.95,1.95,,0.45,0.45,1.95
118,10235220,,3.95,,,,,0.95,0.45,,,,3.95,3.95,,3.95,7.95,7.95,,,,,,,,,3.95,,1.95,0.45,,,0.4,,1.95,1.95,,,,1.45,1.95,0.45,,,,1.95,0.95,,,,,,0.45,,0.4,0.45,,,,,1.95,0.95,,,,,0.45,0.95,0.4,,,,0.4,1.95,1.95,,1.95,,,,,,0.4,,,,,3.95,3.95,1.95,1.95,2.95,1.95,1.95,1.95,1.95,1.95,1.95,2.95,,,1.95,,,0.4,7.95,7.95,,3.95,1.95,,,,,,,0.4,1.95,,0.4,3.95,,,7.95,,0.4,,0.4,0.45,0.4,0.45,0.45,0.95,1.95,1.95,1.95,0.45,0.45,,,,,,,,,,1.95,1.95,1.95,1.95,1.95,1.95,,,,1.95,1.95,0.95,,,3.95,3.95,,0.45,0.45,0.45,1.95,1.95,1.95,1.95,1.95,1.95,,,1.95,,,,,0.45,,,,1.95,,,,1.95,0.4,0.4,1.95,,,,0.95,1.95,,0.45,0.45,1.95
118,10235280,,3.95,,,,,0.95,0.45,,,,3.95,3.95,,3.95,7.95,7.95,,,,,,,,,3.95,,1.95,0.45,,,0.4,,1.95,1.95,,,,1.45,1.95,0.45,,,,1.95,0.95,,,,,,0.45,,0.4,0.45,,,,,1.95,0.95,,,,,0.45,0.95,0.4,,,,0.4,1.95,1.95,,1.95,,,,,,0.4,,,,,3.95,3.95,1.95,1.95,2.95,1.95,1.95,1.95,1.95,1.95,1.95,2.95,,,1.95,,,0.4,7.95,7.95,,3.95,1.95,,,,,,,0.4,1.95,,0.4,3.95,,,7.95,,0.4,,0.4,0.45,0.4,0.45,0.45,0.95,1.95,1.95,1.95,0.45,0.45,,,,,,,,,,1.95,1.95,1.95,1.95,1.95,1.95,,,,1.95,1.95,0.95,,,3.95,3.95,,0.45,0.45,0.45,1.95,1.95,1.95,1.95,1.95,1.95,,,1.95,,,,,0.45,,,,1.95,,,,1.95,0.4,0.4,1.95,,,,0.95,1.95,,0.45,0.45,1.95
118,10235340,,3.95,,,,,0.95,0.45,,,,3.95,3.95,,3.95,7.95,7.95,,,,,,,,,3.95,,1.95,0.45,,,0.4,,1.95,1.95,,,,1.45,1.95,0.45,,,,1.95,0.95,,,,,,0.45,,0.4,0.45,,,,,1.95,0.95,,,,,0.45,0.95,0.4,,,,0.4,1.95,1.95,,1.95,,,,,,0.4,,,,,3.95,3.95,1.95,1.95,2.95,1.95,1.95,1.95,1.95,1.95,1.95,2.95,,,1.95,,,0.4,7.95,7.95,,3.95,1.95,,,,,,,0.4,1.95,,0.4,3.95,,,7.95,,0.4,,0.4,0.45,0.4,0.45,0.45,0.95,1.95,1.95,1.95,0.45,0.45,,,,,,,,,,1.95,1.95,1.95,1.95,1.95,1.95,,,,1.95,1.95,0.95,,,3.95,3.95,,0.45,0.45,0.45,1.95,1.95,1.95,1.95,1.95,1.95,,,1.95,,,,,0.45,,,,1.95,,,,1.95,0.4,0.4,1.95,,,,0.95,1.95,,0.45,0.45,1.95
118,10235400,,3.95,,,,,0.95,0.45,,,,3.95,3.95,,3.95,7.95,7.95,,,,,,,,,3.95,,1.95,0.45,,,0.4,,1.95,1.95,,,,1.45,1.95,0.45,,,,1.95,0.95,,,,,,0.45,,0.4,0.45,,,,,1.95,0.95,,,,,0.45,0.95,0.4,,,,0.4,1.95,1.95,,1.95,,,,,,0.4,,,,,3.95,3.95,1.95,1.95,2.95,1.95,1.95,1.95,1.95,1.95,1.95,2.95,,,1.95,,,0.4,7.95,7.95,,3.95,1.95,,,,,,,0.4,1.95,,0.4,3.95,,,7.95,,0.4,,0.4,0.45,0.4,0.45,0.45,0.95,1.95,1.95,1.95,0.45,0.45,,,,,,,,,,1.95,1.95,1.95,1.95,1.95,1.95,,,,1.95,1.95,0.95,,,3.95,3.95,,0.45,0.45,0.45,1.95,1.95,1.95,1.95,1.95,1.95,,,1.95,,,,,0.45,,,,1.95,,,,1.95,0.4,0.4,1.95,,,,0.95,1.95,,0.45,0.45,1.95
118,10235460,,3.95,,,,,0.95,0.45,,,,3.95,3.95,,3.95,7.95,7.95,,,,,,,,,3.95,,1.95,0.45,,,0.4,,1.95,1.95,,,,1.45,1.95,0.45,,,,1.95,0.95,,,,,,0.45,,0.4,0.45,,,,,1.95,0.95,,,,,0.45,0.95,0.4,,,,0.4,1.95,1.95,,1.95,,,,,,0.4,,,,,3.95,3.95,1.95,1.95,2.95,1.95,1.95,1.95,1.95,1.95,1.95,2.95,,,1.95,,,0.4,7.95,7.95,,3.95,1.95,,,,,,,0.4,1.95,,0.4,3.95,,,7.95,,0.4,,0.4,0.45,0.4,0.45,0.45,0.95,1.95,1.95,1.95,0.45,0.45,,,,,,,,,,1.95,1.95,1.95,1.95,1.95,1.95,,,,1.95,1.95,0.95,,,3.95,3.95,,0.45,0.45,0.45,1.95,1.95,1.95,1.95,1.95,1.95,,,1.95,,,,,0.45,,,,1.95,,,,1.95,0.4,0.4,1.95,,,,0.95,1.95,,0.45,0.45,1.95
118,10235520,,3.95,,,,,0.95,0.45,,,,3.95,3.95,,3.95,7.95,7.95,,,,,,,,,3.95,,1.95,0.45,,,0.4,,1.95,1.95,,,,1.45,1.95,0.45,,,,1.95,0.95,,,,,,0.45,,0.4,0.45,,,,,1.95,0.95,,,,,0.45,0.95,0.4,,,,0.4,1.95,1.95,,1.95,,,,,,0.4,,,,,3.95,3.95,1.95,1.95,2.95,1.95,1.95,1.95,1.95,1.95,1.95,2.95,,,1.95,,,0.4,7.95,7.95,,3.95,1.95,,,,,,,0.4,1.95,,0.4,3.95,,,7.95,,0.4,,0.4,0.45,0.4,0.45,0.45,0.95,1.95,1.95,1.95,0.45,0.45,,,,,,,,,,1.95,1.95,1.95,1.95,1.95,1.95,,,,1.95,1.95,0.95,,,3.95,3.95,,0.45,0.45,0.45,1.95,1.95,1.95,1.95,1.95,1.95,,,1.95,,,,,0.45,,,,1.95,,,,1.95,0.4,0.4,1.95,,,,0.95,1.95,,0.45,0.45,1.95
118,10235580,,3.95,,,,,0.95,0.45,,,,3.95,3.95,,3.95,7.95,7.95,,,,,,,,,3.95,,1.95,0.45,,,0.4,,1.95,1.95,,,,1.45,1.95,0.45,,,,1.95,0.95,,,,,,0.45,,0.4,0.45,,,,,1.95,0.95,,,,,0.45,0.95,0.4,,,,0.4,1.95,1.95,,1.95,,,,,,0.4,,,,,3.95,3.95,1.95,1.95,2.95,1.95,1.95,1.95,1.95,1.95,1.95,2.95,,,1.95,,,0.4,7.95,7.95,,3.95,1.95,,,,,,,0.4,1.95,,0.4,3.95,,,7.95,,0.4,,0.4,0.45,0.4,0.45,0.45,0.95,1.95,1.95,1.95,0.45,0.45,,,,,,,,,,1.95,1.95,1.95,1.95,1.95,1.95,,,,1.95,1.95,0.95,,,3.95,3.95,,0.45,0.45,0.45,1.95,1.95,1.95,1.95,1.95,1.95,,,1.95,,,,,0.45,,,,1.95,,,,1.95,0.4,0.4,1.95,,,,0.95,1.95,,0.45,0.45,1.95
118,10235640,,3.95,,,,,0.95,0.45,,,,3.95,3.95,,3.95,7.95,7.95,,,,,,,,,3.95,,1.95,0.45,,,0.4,,1.95,1.95,,,,1.45,1.95,0.45,,,,1.95,0.95,,,,,,0.45,,0.4,0.45,,,,,1.95,0.95,,,,,0.45,0.95,0.4,,,,0.4,1.95,1.95,,1.95,,,,,,0.4,,,,,3.95,3.95,1.95,1.95,2.95,1.95,1.95,1.95,1.95,1.95,1.95,2.95,,,1.95,,,0.4,7.95,7.95,,3.95,1.95,,,,,,,0.4,1.95,,0.4,3.95,,,7.95,,0.4,,0.4,0.45,0.4,0.45,0.45,0.95,1.95,1.95,1.95,0.45,0.45,,,,,,,,,,1.95,1.95,1.95,1.95,1.95,1.95,,,,1.95,1.95,0.95,,,3.95,3.95,,0.45,0.45,0.45,1.95,1.95,1.95,1.95,1.95,1.95,,,1.95,,,,,0.45,,,,1.95,,,,1.95,0.4,0.4,1.95,,,,0.95,1.95,,0.45,0.45,1.95
118,10235700,,3.95,,,,,0.95,0.45,,,,3.95,3.95,,3.95,7.95,7.95,,,,,,,,,3.95,,1.95,0.45,,,0.4,,1.95,1.95,,,,1.45,1.95,0.45,,,,1.95,0.95,,,,,,0.45,,0.4,0.45,,,,,1.95,0.95,,,,,0.45,0.95,0.4,,,,0.4,1.95,1.95,,1.95,,,,,,0.4,,,,,3.95,3.95,1.95,1.95,2.95,1.95,1.95,1.95,1.95,1.95,1.95,2.95,,,1.95,,,0.4,7.95,7.95,,3.95,1.95,,,,,,,0.4,1.95,,0.4,3.95,,,7.95,,0.4,,0.4,0.45,0.4,0.45,0.45,0.95,1.95,1.95,1.95,0.45,0.45,,,,,,,,,,1.95,1.95,1.95,1.95,1.95,1.95,,,,1.95,1.95,0.95,,,3.95,3.95,,0.45,0.45,0.45,1.95,1.95,1.95,1.95,1.95,1.95,,,1.95,,,,,0.45,,,,1.95,,,,1.95,0.4,0.4,1.95,,,,0.95,1.95,,0.45,0.45,1.95
118,10235760,,3.95,,,,,0.95,0.45,,,,3.95,3.95,,3.95,7.95,7.95,,,,,,,,,3.95,,1.95,0.45,,,0.4,,1.95,1.95,,,,1.45,1.95,0.45,,,,1.95,0.95,,,,,,0.45,,0.4,0.45,,,,,1.95,0.95,,,,,0.45,0.95,0.4,,,,0.4,1.95,1.95,,1.95,,,,,,0.4,,,,,3.95,3.95,1.95,1.95,2.95,1.95,1.95,1.95,1.95,1.95,1.95,2.95,,,1.95,,,0.4,7.95,7.95,,3.95,1.95,,,,,,,0.4,1.95,,0.4,3.95,,,7.95,,0.4,,0.4,0.45,0.4,0.45,0.45,0.95,1.95,1.95,1.95,0.45,0.45,,,,,,,,,,1.95,1.95,1.95,1.95,1.95,1.95,,,,1.95,1.95,0.95,,,3.95,3.95,,0.45,0.45,0.45,1.95,1.95,1.95,1.95,1.95,1.95,,,1.95,,,,,0.45,,,,1.95,,,,1.95,0.4,0.4,1.95,,,,0.95,1.95,,0.45,0.45,1.95
118,10235820,,3.95,,,,,0.95,0.45,,,,3.95,3.95,,3.95,7.95,7.95,,,,,,,,,3.95,,1.95,0.45,,,0.4,,1.95,1.95,,,,1.617,1.95,0.45,,,,1.95,0.95,,,,,,0.45,,0.4,0.45,,,,,1.95,0.95,,,,,0.45,0.95,0.4,,,,0.4,1.95,1.95,,1.95,,,,,,0.4,,,,,3.95,3.95,1.95,1.95,2.95,1.95,1.95,1.95,1.95,1.95,1.95,2.95,,,1.95,,,0.4,7.95,7.95,,3.95,1.95,,,,,,,0.4,1.95,,0.4,3.95,,,7.95,,0.4,,0.4,0.45,0.4,0.45,0.45,0.95,1.95,1.95,1.95,0.45,0.45,,,,,,,,,,1.95,1.95,1.95,1.95,1.95,1.95,,,,1.95,1.95,0.95,,,3.95,3.95,,0.45,0.45,0.45,1.95,1.95,1.95,1.95,1.95,1.95,,,1.95,,,,,0.45,,,,1.95,,,,1.95,0.4,0.4,1.95,,,,0.95,1.95,,0.45,0.45,1.95
118,10235880,,3.95,,,,,0.95,0.45,,,,3.95,3.95,,3.95,7.95,7.95,,,,,,,,,3.95,,1.95,0.45,,,0.4,,1.95,1.95,,,,1.45,1.95,0.45,,,,1.95,0.95,,,,,,0.45,,0.4,0.45,,,,,1.95,0.95,,,,,0.45,0.95,0.4,,,,0.4,1.95,1.95,,1.95,,,,,,0.4,,,,,3.95,3.95,1.95,1.95,2.95,1.95,1.95,1.95,1.95,1.95,1.95,2.95,,,1.95,,,0.4,7.95,7.95,,3.95,1.95,,,,,,,0.4,1.95,,0.4,3.95,,,7.95,,0.4,,0.4,0.45,0.4,0.45,0.45,0.95,1.95,1.95,1.95,0.45,0.45,,,,,,,,,,1.95,1.95,1.95,1.95,1.95,1.95,,,,1.95,1.95,0.95,,,3.95,3.95,,0.45,0.45,0.45,1.95,1.95,1.95,1.95,1.95,1.95,,,1.95,,,,,0.45,,,,1.95,,,,1.95,0.4,0.4,1.95,,,,0.95,1.95,,0.45,0.45,1.95
118,10235940,,3.95,,,,,0.95,0.45,,,,3.95,3.95,,3.95,7.95,7.95,,,,,,,,,3.95,,1.95,0.45,,,0.4,,1.95,1.95,,,,1.45,1.95,0.45,,,,1.95,0.95,,,,,,0.45,,0.4,0.45,,,,,1.95,0.95,,,,,0.45,0.95,0.4,,,,0.4,1.95,1.95,,1.95,,,,,,0.4,,,,,3.95,3.95,1.95,1.95,2.95,1.95,1.95,1.95,1.95,1.95,1.95,2.95,,,1.95,,,0.4,7.95,7.95,,3.95,1.95,,,,,,,0.4,1.95,,0.4,3.95,,,7.95,,0.4,,0.4,0.45,0.4,0.45,0.45,0.95,1.95,1.95,1.95,0.45,0.45,,,,,,,,,,1.95,1.95,1.95,1.95,1.95,1.95,,,,1.95,1.95,0.95,,,3.95,3.95,,0.45,0.45,0.45,1.95,1.95,1.95,1.95,1.95,1.95,,,1.95,,,,,0.45,,,,1.95,,,,1.95,0.4,0.4,1.95,,,,0.95,1.95,,0.45,0.45,1.95
118,10236000,,3.95,,,,,0.95,0.45,,,,3.95,3.95,,3.95,7.95,7.95,,,,,,,,,3.95,,1.95,0.45,,,0.4,,1.95,1.95,,,,1.45,1.95,0.45,,,,1.95,0.95,,,,,,0.45,,0.4,0.45,,,,,1.95,0.95,,,,,0.45,0.95,0.4,,,,0.4,1.95,1.95,,1.95,,,,,,0.4,,,,,3.95,3.95,1.95,1.95,2.95,1.95,1.95,1.95,1.95,1.95,1.95,2.95,,,1.95,,,0.4,7.95,7.95,,3.95,1.95,,,,,,,0.4,1.95,,0.4,3.95,,,7.95,,0.4,,0.4,0.45,0.4,0.45,0.45,0.95,1.95,1.95,1.95,0.45,0.45,,,,,,,,,,1.95,1.95,1.95,1.95,1.95,1.95,,,,1.95,1.95,0.95,,,3.95,3.95,,0.45,0.45,0.45,1.95,1.95,1.95,1.95,1.95,1.95,,,1.95,,,,,0.45,,,,1.95,,,,1.95,0.4,0.4,1.95,,,,0.95,1.95,,0.45,0.45,1.95
118,10236060,,3.95,,,,,0.95,0.45,,,,3.95,3.95,,3.95,7.95,7.95,,,,,,,,,3.95,,1.95,0.45,,,0.4,,1.95,1.95,,,,1.45,1.95,0.45,,,,1.95,0.95,,,,,,0.45,,0.4,0.45,,,,,1.95,0.95,,,,,0.45,0.95,0.4,,,,0.4,1.95,1.95,,1.95,,,,,,0.4,,,,,3.95,3.95,1.95,1.95,2.95,1.95,1.95,1.95,1.95,1.95,1.95,2.95,,,1.95,,,0.4,7.95,7.95,,3.95,1.95,,,,,,,0.4,1.95,,0.4,3.95,,,7.95,,0.4,,0.4,0.45,0.4,0.45,0.45,0.95,1.95,1.95,1.95,0.45,0.45,,,,,,,,,,1.95,1.95,1.95,1.95,1.95,1.95,,,,1.95,1.95,0.95,,,3.95,3.95,,0.45,0.45,0.45,1.95,1.95,1.95,1.95,1.95,1.95,,,1.95,,,,,0.45,,,,1.95,,,,1.95,0.4,0.4,1.95,,,,0.95,1.95,,0.45,0.45,1.95
118,10236120,,3.95,,,,,0.95,0.45,,,,3.95,3.95,,3.95,7.95,7.95,,,,,,,,,3.95,,1.95,0.45,,,0.4,,1.95,1.95,,,,1.45,1.95,0.45,,,,1.95,0.95,,,,,,0.45,,0.4,0.45,,,,,1.95,0.95,,,,,0.45,0.95,0.4,,,,0.4,1.95,1.95,,1.95,,,,,,0.4,,,,,3.95,3.95,1.95,1.95,2.95,1.95,1.95,1.95,1.95,1.95,1.95,2.95,,,1.95,,,0.4,7.95,7.95,,3.95,1.95,,,,,,,0.4,1.95,,0.4,3.95,,,7.95,,0.4,,0.4,0.45,0.4,0.45,0.45,0.95,1.95,1.95,1.95,0.45,0.45,,,,,,,,,,1.95,1.95,1.95,1.95,1.95,1.95,,,,1.95,1.95,0.95,,,3.95,3.95,,0.45,0.45,0.45,1.95,1.95,1.95,1.95,1.95,1.95,,,1.95,,,,,0.45,,,,1.95,,,,1.95,0.4,0.4,1.95,,,,0.95,1.95,,0.45,0.45,1.95
118,10236180,,3.95,,,,,0.95,0.45,,,,3.95,3.95,,3.95,7.95,7.95,,,,,,,,,3.95,,1.95,0.45,,,0.4,,1.95,1.95,,,,1.617,1.95,0.45,,,,1.95,0.95,,,,,,0.45,,0.4,0.45,,,,,1.95,0.95,,,,,0.45,0.95,0.4,,,,0.4,1.95,1.95,,1.95,,,,,,0.4,,,,,3.95,3.95,1.95,1.95,2.95,1.95,1.95,1.95,1.95,1.95,1.95,2.95,,,1.95,,,0.4,7.95,7.95,,3.95,1.95,,,,,,,0.4,1.95,,0.4,3.95,,,7.95,,0.4,,0.4,0.45,0.4,0.45,0.45,0.95,1.95,1.95,1.95,0.45,0.45,,,,,,,,,,1.95,1.95,1.95,1.95,1.95,1.95,,,,1.95,1.95,0.95,,,3.95,3.95,,0.45,0.45,0.45,1.95,1.95,1.95,1.95,1.95,1.95,,,1.95,,,,,0.45,,,,1.95,,,,1.95,0.4,0.4,1.95,,,,0.95,1.95,,0.45,0.45,1.95
118,10236240,,3.95,,,,,0.95,0.45,,,,3.95,3.95,,3.95,7.95,7.95,,,,,,,,,3.95,,1.95,0.45,,,0.4,,1.95,1.95,,,,1.45,1.95,0.45,,,,1.95,0.95,,,,,,0.45,,0.4,0.45,,,,,1.95,0.95,,,,,0.45,0.95,0.4,,,,0.4,1.95,1.95,,1.95,,,,,,0.4,,,,,3.95,3.95,1.95,1.95,2.95,1.95,1.95,1.95,1.95,1.95,1.95,2.95,,,1.95,,,0.4,7.95,7.95,,3.95,1.95,,,,,,,0.4,1.95,,0.4,3.95,,,7.95,,0.4,,0.4,0.45,0.4,0.45,0.45,0.95,1.95,1.95,1.95,0.45,0.45,,,,,,,,,,1.95,1.95,1.95,1.95,1.95,1.95,,,,1.95,1.95,0.95,,,3.95,3.95,,0.45,0.45,0.45,1.95,1.95,1.95,1.95,1.95,1.95,,,1.95,,,,,0.45,,,,1.95,,,,1.95,0.4,0.4,1.95,,,,0.95,1.95,,0.45,0.45,1.95
118,10236300,,3.95,,,,,0.95,0.45,,,,3.95,3.95,,3.95,7.95,7.95,,,,,,,,,3.95,,1.95,0.45,,,0.4,,1.95,1.95,,,,1.45,1.95,0.45,,,,1.95,0.95,,,,,,0.45,,0.4,0.45,,,,,1.95,0.95,,,,,0.45,0.95,0.4,,,,0.4,1.95,1.95,,1.95,,,,,,0.4,,,,,3.95,3.95,1.95,1.95,2.95,1.95,1.95,1.95,1.95,1.95,1.95,2.95,,,1.95,,,0.4,7.95,7.95,,3.95,1.95,,,,,,,0.4,1.95,,0.4,3.95,,,7.95,,0.4,,0.4,0.45,0.4,0.45,0.45,0.95,1.95,1.95,1.95,0.45,0.45,,,,,,,,,,1.95,1.95,1.95,1.95,1.95,1.95,,,,1.95,1.95,0.95,,,3.95,3.95,,0.45,0.45,0.45,1.95,1.95,1.95,1.95,1.95,1.95,,,1.95,,,,,0.45,,,,1.95,,,,1.95,0.4,0.4,1.95,,,,0.95,1.95,,0.45,0.45,1.95
118,10236360,,3.95,,,,,1.283,0.45,,,,3.95,3.95,,3.95,7.95,7.95,,,,,,,,,3.95,,1.95,0.45,,,0.4,,1.95,1.95,,,,1.45,1.95,0.45,,,,1.95,0.95,,,,,,0.45,,0.4,0.45,,,,,1.95,0.95,,,,,0.45,0.95,0.4,,,,0.4,1.95,1.95,,1.95,,,,,,0.4,,,,,3.95,3.95,1.95,1.95,2.95,1.95,1.95,1.95,1.95,1.95,1.95,2.95,,,1.95,,,0.4,7.95,7.95,,3.95,1.95,,,,,,,0.4,1.95,,0.4,3.95,,,7.95,,0.4,,0.4,0.45,0.4,0.45,0.45,0.95,1.95,1.95,1.95,0.45,0.45,,,,,,,,,,1.95,1.95,1.95,1.95,1.95,1.95,,,,1.95,1.95,0.95,,,3.95,3.95,,0.45,0.45,0.45,1.95,1.95,1.95,1.95,1.95,1.95,,,1.95,,,,,0.45,,,,1.95,,,,1.95,0.4,0.4,1.95,,,,0.95,1.95,,0.45,0.45,1.95
118,10236420,,3.95,,,,,1.283,0.45,,,,3.95,3.95,,3.95,7.95,7.95,,,,,,,,,3.95,,1.95,0.45,,,0.4,,1.95,1.95,,,,1.45,1.95,0.45,,,,1.95,0.95,,,,,,0.45,,0.4,0.45,,,,,1.95,0.95,,,,,0.45,0.95,0.4,,,,0.4,1.95,1.95,,1.95,,,,,,0.4,,,,,3.95,3.95,1.95,1.95,2.95,1.95,1.95,1.95,1.95,1.95,1.95,2.95,,,1.95,,,0.4,7.95,7.95,,3.95,1.95,,,,,,,0.4,1.95,,0.4,3.95,,,7.95,,0.4,,0.4,0.45,0.4,0.45,0.45,0.95,1.95,1.95,1.95,0.45,0.45,,,,,,,,,,1.95,1.95,1.95,1.95,1.95,1.95,,,,1.95,1.95,0.95,,,3.95,3.95,,0.45,0.45,0.45,1.95,1.95,1.95,1.95,1.95,1.95,,,1.95,,,,,0.45,,,,1.95,,,,1.95,0.4,0.4,1.95,,,,0.95,1.95,,0.45,0.45,1.95
118,10236480,,3.95,,,,,1.283,0.45,,,,3.95,3.95,,3.95,7.95,7.95,,,,,,,,,3.95,,1.95,0.45,,,0.4,,1.95,1.95,,,,1.45,1.95,0.45,,,,1.95,0.95,,,,,,0.45,,0.4,0.45,,,,,1.95,0.95,,,,,0.45,0.95,0.4,,,,0.4,1.95,1.95,,1.95,,,,,,0.4,,,,,3.95,3.95,1.95,1.95,2.95,1.95,1.95,1.95,1.95,1.95,1.95,2.95,,,1.95,,,0.4,7.95,7.95,,3.95,1.95,,,,,,,0.4,1.95,,0.4,3.95,,,7.95,,0.4,,0.4,0.45,0.4,0.45,0.45,0.95,1.95,1.95,1.95,0.45,0.45,,,,,,,,,,1.95,1.95,1.95,1.95,1.95,1.95,,,,1.95,1.95,0.95,,,3.95,3.95,,0.45,0.45,0.45,1.95,1.95,1.95,1.95,1.95,1.95,,,1.95,,,,,0.45,,,,1.95,,,,1.95,0.4,0.4,1.95,,,,0.95,1.95,,0.45,0.45,1.95
118,10236540,,3.95,,,,,1.283,0.45,,,,3.95,3.95,,3.95,7.95,7.95,,,,,,,,,3.95,,1.95,0.45,,,0.4,,1.95,1.95,,,,1.617,1.95,0.45,,,,1.95,0.95,,,,,,0.45,,0.4,0.45,,,,,1.95,0.95,,,,,0.45,0.95,0.4,,,,0.4,1.95,1.95,,1.95,,,,,,0.4,,,,,3.95,3.95,1.95,1.95,2.95,1.95,1.95,1.95,1.95,1.95,1.95,2.95,,,1.95,,,0.4,7.95,7.95,,3.95,1.95,,,,,,,0.4,1.95,,0.4,3.95,,,7.95,,0.4,,0.4,0.45,0.4,0.45,0.45,0.95,1.95,1.95,1.95,0.45,0.45,,,,,,,,,,1.95,1.95,1.95,1.95,1.95,1.95,,,,1.95,1.95,0.95,,,3.95,3.95,,0.45,0.45,0.45,1.95,1.95,1.95,1.95,1.95,1.95,,,1.95,,,,,0.45,,,,1.95,,,,1.95,0.4,0.4,1.95,,,,0.95,1.95,,0.45,0.45,1.95
118,10236600,,3.95,,,,,1.45,0.45,,,,3.95,3.95,,3.95,7.95,7.95,,,,,,,,,3.95,,1.95,0.45,,,0.4,,1.95,1.95,,,,1.617,1.95,0.45,,,,1.95,0.95,,,,,,0.45,,0.4,0.45,,,,,1.95,0.95,,,,,0.45,0.95,0.4,,,,0.4,1.95,1.95,,1.95,,,,,,0.4,,,,,3.95,3.95,1.95,1.95,2.95,1.95,1.95,1.95,1.95,1.95,1.95,2.95,,,1.95,,,0.4,7.95,7.95,,3.95,1.95,,,,,,,0.4,1.95,,0.4,3.95,,,7.95,,0.4,,0.4,0.45,0.4,0.45,0.45,0.95,1.95,1.95,1.95,0.45,0.45,,,,,,,,,,1.95,1.95,1.95,1.95,1.95,1.95,,,,1.95,1.95,0.95,,,3.95,3.95,,0.45,0.45,0.45,1.95,1.95,1.95,1.95,1.95,1.95,,,1.95,,,,,0.45,,,,1.95,,,,1.95,0.4,0.4,1.95,,,,0.95,1.95,,0.45,0.45,1.95
118,10236660,,3.95,,,,,1.283,0.45,,,,3.95,3.95,,3.95,7.95,7.95,,,,,,,,,3.95,,1.95,0.45,,,0.4,,1.95,1.95,,,,1.45,1.95,0.45,,,,1.95,0.95,,,,,,0.45,,0.4,0.45,,,,,1.95,0.95,,,,,0.45,0.95,0.4,,,,0.4,1.95,1.95,,1.95,,,,,,0.4,,,,,3.95,3.95,1.95,1.95,2.95,1.95,1.95,1.95,1.95,1.95,1.95,2.95,,,1.95,,,0.4,7.95,7.95,,3.95,1.95,,,,,,,0.4,1.95,,0.4,3.95,,,7.95,,0.4,,0.4,0.45,0.4,0.45,0.45,0.95,1.95,1.95,1.95,0.45,0.45,,,,,,,,,,1.95,1.95,1.95,1.95,1.95,1.95,,,,1.95,1.95,0.95,,,3.95,3.95,,0.45,0.45,0.45,1.95,1.95,1.95,1.95,1.95,1.95,,,1.95,,,,,0.45,,,,1.95,,,,1.95,0.4,0.4,1.95,,,,0.95,1.95,,0.45,0.45,1.95
118,10236720,,3.95,,,,,1.283,0.45,,,,3.95,3.95,,3.95,7.95,7.95,,,,,,,,,3.95,,1.95,0.45,,,0.4,,1.95,1.95,,,,1.45,1.95,0.45,,,,1.95,0.95,,,,,,0.45,,0.4,0.45,,,,,1.95,0.95,,,,,0.45,0.95,0.4,,,,0.4,1.95,1.95,,1.95,,,,,,0.4,,,,,3.95,3.95,1.95,1.95,2.95,1.95,1.95,1.95,1.95,1.95,1.95,2.95,,,1.95,,,0.4,7.95,7.95,,3.95,1.95,,,,,,,0.4,1.95,,0.4,3.95,,,7.95,,0.4,,0.4,0.45,0.4,0.45,0.45,0.95,1.95,1.95,1.95,0.45,0.45,,,,,,,,,,1.95,1.95,1.95,1.95,1.95,1.95,,,,1.95,1.95,0.95,,,3.95,3.95,,0.45,0.45,0.45,1.95,1.95,1.95,1.95,1.95,1.95,,,1.95,,,,,0.45,,,,1.95,,,,1.95,0.4,0.4,1.95,,,,0.95,1.95,,0.45,0.45,1.95
118,10236780,,3.95,,,,,1.283,0.45,,,,3.95,3.95,,3.95,7.95,7.95,,,,,,,,,3.95,,1.95,0.45,,,0.4,,1.95,1.95,,,,1.45,1.95,0.45,,,,1.95,0.95,,,,,,0.45,,0.4,0.45,,,,,1.95,0.95,,,,,0.45,0.95,0.4,,,,0.4,1.95,1.95,,1.95,,,,,,0.4,,,,,3.95,3.95,1.95,1.95,2.95,1.95,1.95,1.95,1.95,1.95,1.95,2.95,,,1.95,,,0.4,7.95,7.95,,3.95,1.95,,,,,,,0.4,1.95,,0.4,3.95,,,7.95,,0.4,,0.4,0.45,0.4,0.45,0.45,0.95,1.95,1.95,1.95,0.45,0.45,,,,,,,,,,1.95,1.95,1.95,1.95,1.95,1.95,,,,1.95,1.95,0.95,,,3.95,3.95,,0.45,0.45,0.45,1.95,1.95,1.95,1.95,1.95,1.95,,,1.95,,,,,0.45,,,,1.95,,,,1.95,0.4,0.4,1.95,,,,0.95,1.95,,0.45,0.45,1.95
118,10236840,,3.95,,,,,1.283,0.45,,,,3.95,3.95,,3.95,7.95,7.95,,,,,,,,,3.95,,1.95,0.45,,,0.4,,1.95,1.95,,,,1.45,1.95,0.45,,,,1.95,0.95,,,,,,0.45,,0.4,0.45,,,,,1.95,0.95,,,,,0.45,0.95,0.4,,,,0.4,1.95,1.95,,1.95,,,,,,0.4,,,,,3.95,3.95,1.95,1.95,2.95,1.95,1.95,1.95,1.95,1.95,1.95,2.95,,,1.95,,,0.4,7.95,7.95,,3.95,1.95,,,,,,,0.4,1.95,,0.4,3.95,,,7.95,,0.4,,0.4,0.45,0.4,0.45,0.45,0.95,1.95,1.95,1.95,0.45,0.45,,,,,,,,,,1.95,1.95,1.95,1.95,1.95,1.95,,,,1.95,1.95,0.95,,,3.95,3.95,,0.45,0.45,0.45,1.95,1.95,1.95,1.95,1.95,1.95,,,1.95,,,,,0.45,,,,1.95,,,,1.95,0.4,0.4,1.95,,,,0.95,1.95,,0.45,0.45,1.95
118,10236900,,3.95,,,,,1.283,0.45,,,,3.95,3.95,,3.95,7.95,7.95,,,,,,,,,3.95,,1.95,0.45,,,0.4,,1.95,1.95,,,,1.45,1.95,0.45,,,,1.95,0.95,,,,,,0.45,,0.4,0.45,,,,,1.95,0.95,,,,,0.45,0.95,0.4,,,,0.4,1.95,1.95,,1.95,,,,,,0.4,,,,,3.95,3.95,1.95,1.95,2.95,1.95,1.95,1.95,1.95,1.95,1.95,2.95,,,1.95,,,0.4,7.95,7.95,,3.95,1.95,,,,,,,0.4,1.95,,0.4,3.95,,,7.95,,0.4,,0.4,0.45,0.4,0.45,0.45,0.95,1.95,1.95,1.95,0.45,0.45,,,,,,,,,,1.95,1.95,1.95,1.95,1.95,1.95,,,,1.95,1.95,0.95,,,3.95,3.95,,0.45,0.45,0.45,1.95,1.95,1.95,1.95,1.95,1.95,,,1.95,,,,,0.45,,,,1.95,,,,1.95,0.4,0.4,1.95,,,,0.95,1.95,,0.45,0.45,1.95
118,10236960,,3.95,,,,,1.283,0.45,,,,3.95,3.95,,3.95,7.95,7.95,,,,,,,,,3.95,,1.95,0.45,,,0.4,,1.95,1.95,,,,1.45,1.95,0.45,,,,1.95,0.95,,,,,,0.45,,0.4,0.45,,,,,1.95,0.95,,,,,0.45,0.95,0.4,,,,0.4,1.95,1.95,,1.95,,,,,,0.4,,,,,3.95,3.95,1.95,1.95,2.95,1.95,1.95,1.95,1.95,1.95,1.95,2.95,,,1.95,,,0.4,7.95,7.95,,3.95,1.95,,,,,,,0.4,1.95,,0.4,3.95,,,7.95,,0.4,,0.4,0.45,0.4,0.45,0.45,0.95,1.95,1.95,1.95,0.45,0.45,,,,,,,,,,1.95,1.95,1.95,1.95,1.95,1.95,,,,1.95,1.95,0.95,,,3.95,3.95,,0.45,0.45,0.45,1.95,1.95,1.95,1.95,1.95,1.95,,,1.95,,,,,0.45,,,,1.95,,,,1.95,0.4,0.4,1.95,,,,0.95,1.95,,0.45,0.45,1.95
118,10237020,,3.95,,,,,1.283,0.45,,,,3.95,3.95,,3.95,7.95,7.95,,,,,,,,,3.95,,1.95,0.45,,,0.4,,1.95,1.95,,,,1.45,1.95,0.45,,,,1.95,0.95,,,,,,0.45,,0.4,0.45,,,,,1.95,0.95,,,,,0.45,0.95,0.4,,,,0.4,1.95,1.95,,1.95,,,,,,0.4,,,,,3.95,3.95,1.95,1.95,2.95,1.95,1.95,1.95,1.95,1.95,1.95,2.95,,,1.95,,,0.4,7.95,7.95,,3.95,1.95,,,,,,,0.4,1.95,,0.4,3.95,,,7.95,,0.4,,0.4,0.45,0.4,0.45,0.45,0.95,1.95,1.95,1.95,0.45,0.45,,,,,,,,,,1.95,1.95,1.95,1.95,1.95,1.95,,,,1.95,1.95,0.95,,,3.95,3.95,,0.45,0.45,0.45,1.95,1.95,1.95,1.95,1.95,1.95,,,1.95,,,,,0.45,,,,1.95,,,,1.95,0.4,0.4,1.95,,,,0.95,1.95,,0.45,0.45,1.95
118,10237080,,3.95,,,,,1.283,0.45,,,,3.95,3.95,,3.95,7.95,7.95,,,,,,,,,3.95,,1.95,0.45,,,0.4,,1.95,1.95,,,,1.45,1.95,0.45,,,,1.95,0.95,,,,,,0.45,,0.4,0.45,,,,,1.95,0.95,,,,,0.45,0.95,0.4,,,,0.4,1.95,1.95,,1.95,,,,,,0.4,,,,,3.95,3.95,1.95,1.95,2.95,1.95,1.95,1.95,1.95,1.95,1.95,2.95,,,1.95,,,0.4,7.95,7.95,,3.95,1.95,,,,,,,0.4,1.95,,0.4,3.95,,,7.95,,0.4,,0.4,0.45,0.4,0.45,0.45,0.95,1.95,1.95,1.95,0.45,0.45,,,,,,,,,,1.95,1.95,1.95,1.95,1.95,1.95,,,,1.95,1.95,0.95,,,3.95,3.95,,0.45,0.45,0.45,1.95,1.95,1.95,1.95,1.95,1.95,,,1.95,,,,,0.45,,,,1.95,,,,1.95,0.4,0.4,1.95,,,,0.95,1.95,,0.45,0.45,1.95
118,10237140,,3.95,,,,,1.283,0.45,,,,3.95,3.95,,3.95,7.95,7.95,,,,,,,,,3.95,,1.95,0.45,,,0.4,,1.95,1.95,,,,1.45,1.95,0.45,,,,1.95,0.95,,,,,,0.45,,0.4,0.45,,,,,1.95,0.95,,,,,0.45,0.95,0.4,,,,0.4,1.95,1.95,,1.95,,,,,,0.4,,,,,3.95,3.95,1.95,1.95,2.95,1.95,1.95,1.95,1.95,1.95,1.95,2.95,,,1.95,,,0.4,7.95,7.95,,3.95,1.95,,,,,,,0.4,1.95,,0.4,3.95,,,7.95,,0.4,,0.4,0.45,0.4,0.45,0.45,0.95,1.95,1.95,1.95,0.45,0.45,,,,,,,,,,1.95,1.95,1.95,1.95,1.95,1.95,,,,1.95,1.95,0.95,,,3.95,3.95,,0.45,0.45,0.45,1.95,1.95,1.95,1.95,1.95,1.95,,,1.95,,,,,0.45,,,,1.95,,,,1.95,0.4,0.4,1.95,,,,0.95,1.95,,0.45,0.45,1.95
118,10237200,,3.95,,,,,1.283,0.45,,,,3.95,3.95,,3.95,7.95,7.95,,,,,,,,,3.95,,1.95,0.45,,,0.4,,1.95,1.95,,,,1.45,1.95,0.45,,,,1.95,0.95,,,,,,0.45,,0.4,0.45,,,,,1.95,0.95,,,,,0.45,0.95,0.4,,,,0.4,1.95,1.95,,1.95,,,,,,0.4,,,,,3.95,3.95,1.95,1.95,2.95,1.95,1.95,1.95,1.95,1.95,1.95,2.95,,,1.95,,,0.4,7.95,7.95,,3.95,1.95,,,,,,,0.4,1.95,,0.4,3.95,,,7.95,,0.4,,0.4,0.45,0.4,0.45,0.45,0.95,1.95,1.95,1.95,0.45,0.45,,,,,,,,,,1.95,1.95,1.95,1.95,1.95,1.95,,,,1.95,1.95,0.95,,,3.95,3.95,,0.45,0.45,0.45,1.95,1.95,1.95,1.95,1.95,1.95,,,1.95,,,,,0.45,,,,1.95,,,,1.95,0.4,0.4,1.95,,,,0.95,1.95,,0.45,0.45,1.95
118,10237260,,3.95,,,,,1.283,0.45,,,,3.95,3.95,,3.95,7.95,7.95,,,,,,,,,3.95,,1.95,0.45,,,0.4,,1.95,1.95,,,,1.45,1.95,0.45,,,,1.95,0.95,,,,,,0.45,,0.4,0.45,,,,,1.95,0.95,,,,,0.45,0.95,0.4,,,,0.4,1.95,1.95,,1.95,,,,,,0.4,,,,,3.95,3.95,1.95,1.95,2.95,1.95,1.95,1.95,1.95,1.95,1.95,2.95,,,1.95,,,0.4,7.95,7.95,,3.95,1.95,,,,,,,0.4,1.95,,0.4,3.95,,,7.95,,0.4,,0.4,0.45,0.4,0.45,0.45,0.95,1.95,1.95,1.95,0.45,0.45,,,,,,,,,,1.95,1.95,1.95,1.95,1.95,1.95,,,,1.95,1.95,0.95,,,3.95,3.95,,0.45,0.45,0.45,1.95,1.95,1.95,1.95,1.95,1.95,,,1.95,,,,,0.45,,,,1.95,,,,1.95,0.4,0.4,1.95,,,,0.95,1.95,,0.45,0.45,1.95
118,10237320,,3.95,,,,,1.283,0.45,,,,3.95,3.95,,3.95,7.95,7.95,,,,,,,,,3.95,,1.95,0.45,,,0.4,,1.95,1.95,,,,1.45,1.95,0.45,,,,1.95,0.95,,,,,,0.45,,0.4,0.45,,,,,1.95,0.95,,,,,0.45,0.95,0.4,,,,0.4,1.95,1.95,,1.95,,,,,,0.4,,,,,3.95,3.95,1.95,1.95,2.95,1.95,1.95,1.95,1.95,1.95,1.95,2.95,,,1.95,,,0.4,7.95,7.95,,3.95,1.95,,,,,,,0.4,1.95,,0.4,3.95,,,7.95,,0.4,,0.4,0.45,0.4,0.45,0.45,0.95,1.95,1.95,1.95,0.45,0.45,,,,,,,,,,1.95,1.95,1.95,1.95,1.95,1.95,,,,1.95,1.95,0.95,,,3.95,3.95,,0.45,0.45,0.45,1.95,1.95,1.95,1.95,1.95,1.95,,,1.95,,,,,0.45,,,,1.95,,,,1.95,0.4,0.4,1.95,,,,0.95,1.95,,0.45,0.45,1.95
118,10237380,,3.95,,,,,1.283,0.45,,,,3.95,3.95,,3.95,7.95,7.95,,,,,,,,,3.95,,1.95,0.45,,,0.4,,1.95,1.95,,,,1.45,1.95,0.45,,,,1.95,0.95,,,,,,0.45,,0.4,0.45,,,,,1.95,0.95,,,,,0.45,0.95,0.4,,,,0.4,1.95,1.95,,1.95,,,,,,0.4,,,,,3.95,3.95,1.95,1.95,2.95,1.95,1.95,1.95,1.95,1.95,1.95,2.95,,,1.95,,,0.4,7.95,7.95,,3.95,1.95,,,,,,,0.4,1.95,,0.4,3.95,,,7.95,,0.4,,0.4,0.45,0.4,0.45,0.45,0.95,1.95,1.95,1.95,0.45,0.45,,,,,,,,,,1.95,1.95,1.95,1.95,1.95,1.95,,,,1.95,1.95,0.95,,,3.95,3.95,,0.45,0.45,0.45,1.95,1.95,1.95,1.95,1.95,1.95,,,1.95,,,,,0.45,,,,1.95,,,,1.95,0.4,0.4,1.95,,,,0.95,1.95,,0.45,0.45,1.95
118,10237440,,3.95,,,,,1.283,0.45,,,,3.95,3.95,,3.95,7.95,7.95,,,,,,,,,3.95,,1.95,0.45,,,0.4,,1.95,1.95,,,,1.45,1.95,0.45,,,,1.95,0.95,,,,,,0.45,,0.4,0.45,,,,,1.95,0.95,,,,,0.45,0.95,0.4,,,,0.4,1.95,1.95,,1.95,,,,,,0.4,,,,,3.95,3.95,1.95,1.95,2.95,1.95,1.95,1.95,1.95,1.95,1.95,2.95,,,1.95,,,0.4,7.95,7.95,,3.95,1.95,,,,,,,0.4,1.95,,0.4,3.95,,,7.95,,0.4,,0.4,0.45,0.4,0.45,0.45,0.95,1.95,1.95,1.95,0.45,0.45,,,,,,,,,,1.95,1.95,1.95,1.95,1.95,1.95,,,,1.95,1.95,0.95,,,3.95,3.95,,0.45,0.45,0.45,1.95,1.95,1.95,1.95,1.95,1.95,,,1.95,,,,,0.45,,,,1.95,,,,1.95,0.4,0.4,1.95,,,,0.95,1.95,,0.45,0.45,1.95
118,10237500,,3.95,,,,,1.283,0.45,,,,3.95,3.95,,3.95,7.95,7.95,,,,,,,,,3.95,,1.95,0.45,,,0.4,,1.95,1.95,,,,1.45,1.95,0.45,,,,1.95,0.95,,,,,,0.45,,0.4,0.45,,,,,1.95,0.95,,,,,0.45,0.95,0.4,,,,0.4,1.95,1.95,,1.95,,,,,,0.4,,,,,3.95,3.95,1.95,1.95,2.95,1.95,1.95,1.95,1.95,1.95,1.95,2.95,,,1.95,,,0.4,7.95,7.95,,3.95,1.95,,,,,,,0.4,1.95,,0.4,3.95,,,7.95,,0.4,,0.4,0.45,0.4,0.45,0.45,0.95,1.95,1.95,1.95,0.45,0.45,,,,,,,,,,1.95,1.95,1.95,1.95,1.95,1.95,,,,1.95,1.95,0.95,,,3.95,3.95,,0.45,0.45,0.45,1.95,1.95,1.95,1.95,1.95,1.95,,,1.95,,,,,0.45,,,,1.95,,,,1.95,0.4,0.4,1.95,,,,0.95,1.95,,0.45,0.45,1.95
118,10237560,,3.95,,,,,1.283,0.45,,,,3.95,3.95,,3.95,7.95,7.95,,,,,,,,,3.95,,1.95,0.45,,,0.4,,1.95,1.95,,,,1.45,1.95,0.45,,,,1.95,0.95,,,,,,0.45,,0.4,0.45,,,,,1.95,0.95,,,,,0.45,0.95,0.4,,,,0.4,1.95,1.95,,1.95,,,,,,0.4,,,,,3.95,3.95,1.95,1.95,2.95,1.95,1.95,1.95,1.95,1.95,1.95,2.95,,,1.95,,,0.4,7.95,7.95,,3.95,1.95,,,,,,,0.4,1.95,,0.4,3.95,,,7.95,,0.4,,0.4,0.45,0.4,0.45,0.45,0.95,1.95,1.95,1.95,0.45,0.45,,,,,,,,,,1.95,1.95,1.95,1.95,1.95,1.95,,,,1.95,1.95,0.95,,,3.95,3.95,,0.45,0.45,0.45,1.95,1.95,1.95,1.95,1.95,1.95,,,1.95,,,,,0.45,,,,1.95,,,,1.95,0.4,0.4,1.95,,,,0.95,1.95,,0.45,0.45,1.95
118,10237620,,3.95,,,,,1.283,0.45,,,,3.95,3.95,,3.95,7.95,7.95,,,,,,,,,3.95,,1.95,0.45,,,0.4,,1.95,1.95,,,,1.45,1.95,0.45,,,,1.95,0.95,,,,,,0.45,,0.4,0.45,,,,,1.95,0.95,,,,,0.45,0.95,0.4,,,,0.4,1.95,1.95,,1.95,,,,,,0.4,,,,,3.95,3.95,1.95,1.95,2.95,1.95,1.95,1.95,1.95,1.95,1.95,2.95,,,1.95,,,0.4,7.95,7.95,,3.95,1.95,,,,,,,0.4,1.95,,0.4,3.95,,,7.95,,0.4,,0.4,0.45,0.4,0.45,0.45,0.95,1.95,1.95,1.95,0.45,0.45,,,,,,,,,,1.95,1.95,1.95,1.95,1.95,1.95,,,,1.95,1.95,0.95,,,3.95,3.95,,0.45,0.45,0.45,1.95,1.95,1.95,1.95,1.95,1.95,,,1.95,,,,,0.45,,,,1.95,,,,1.95,0.4,0.4,1.95,,,,0.95,1.95,,0.45,0.45,1.95
118,10237680,,3.95,,,,,1.283,0.45,,,,3.95,3.95,,3.95,7.95,7.95,,,,,,,,,3.95,,1.95,0.45,,,0.4,,1.95,1.95,,,,1.617,1.95,0.45,,,,1.95,0.95,,,,,,0.45,,0.4,0.45,,,,,1.95,0.95,,,,,0.45,0.95,0.4,,,,0.4,1.95,1.95,,1.95,,,,,,0.4,,,,,3.95,3.95,1.95,1.95,2.95,1.95,1.95,1.95,1.95,1.95,1.95,2.95,,,1.95,,,0.4,7.95,7.95,,3.95,1.95,,,,,,,0.4,1.95,,0.4,3.95,,,7.95,,0.4,,0.4,0.45,0.4,0.45,0.45,0.95,1.95,1.95,1.95,0.45,0.45,,,,,,,,,,1.95,1.95,1.95,1.95,1.95,1.95,,,,1.95,1.95,0.95,,,3.95,3.95,,0.45,0.45,0.45,1.95,1.95,1.95,1.95,1.95,1.95,,,1.95,,,,,0.45,,,,1.95,,,,1.95,0.4,0.4,1.95,,,,0.95,1.95,,0.45,0.45,1.95
118,10237740,,3.95,,,,,1.283,0.45,,,,3.95,3.95,,3.95,7.95,7.95,,,,,,,,,3.95,,1.95,0.45,,,0.4,,1.95,1.95,,,,1.45,1.95,0.45,,,,1.95,0.95,,,,,,0.45,,0.4,0.45,,,,,1.95,0.95,,,,,0.45,0.95,0.4,,,,0.4,1.95,1.95,,1.95,,,,,,0.4,,,,,3.95,3.95,1.95,1.95,2.95,1.95,1.95,1.95,1.95,1.95,1.95,2.95,,,1.95,,,0.4,7.95,7.95,,3.95,1.95,,,,,,,0.4,1.95,,0.4,3.95,,,7.95,,0.4,,0.4,0.45,0.4,0.45,0.45,0.95,1.95,1.95,1.95,0.45,0.45,,,,,,,,,,1.95,1.95,1.95,1.95,1.95,1.95,,,,1.95,1.95,0.95,,,3.95,3.95,,0.45,0.45,0.45,1.95,1.95,1.95,1.95,1.95,1.95,,,1.95,,,,,0.45,,,,1.95,,,,1.95,0.4,0.4,1.95,,,,0.95,1.95,,0.45,0.45,1.95
118,10237800,,3.95,,,,,1.45,0.45,,,,3.95,3.95,,3.95,7.95,7.95,,,,,,,,,3.95,,1.95,0.45,,,0.4,,1.95,1.95,,,,1.45,1.95,0.45,,,,1.95,0.95,,,,,,0.45,,0.4,0.45,,,,,1.95,0.95,,,,,0.45,0.95,0.4,,,,0.4,1.95,1.95,,1.95,,,,,,0.4,,,,,3.95,3.95,1.95,1.95,2.95,1.95,1.95,1.95,1.95,1.95,1.95,2.95,,,1.95,,,0.4,7.95,7.95,,3.95,1.95,,,,,,,0.4,1.95,,0.4,3.95,,,7.95,,0.4,,0.4,0.45,0.4,0.45,0.45,0.95,1.95,1.95,1.95,0.45,0.45,,,,,,,,,,1.95,1.95,1.95,1.95,1.95,1.95,,,,1.95,1.95,0.95,,,3.95,3.95,,0.45,0.45,0.45,1.95,1.95,1.95,1.95,1.95,1.95,,,1.95,,,,,0.45,,,,1.95,,,,1.95,0.4,0.4,1.95,,,,0.95,1.95,,0.45,0.45,1.95
118,10237860,,3.95,,,,,1.283,0.45,,,,3.95,3.95,,3.95,7.95,7.95,,,,,,,,,3.95,,1.95,0.45,,,0.4,,1.95,1.95,,,,1.45,1.95,0.45,,,,1.95,0.95,,,,,,0.45,,0.4,0.45,,,,,1.95,0.95,,,,,0.45,0.95,0.4,,,,0.4,1.95,1.95,,1.95,,,,,,0.4,,,,,3.95,3.95,1.95,1.95,2.95,1.95,1.95,1.95,1.95,1.95,1.95,2.95,,,1.95,,,0.4,7.95,7.95,,3.95,1.95,,,,,,,0.4,1.95,,0.4,3.95,,,7.95,,0.4,,0.4,0.45,0.4,0.45,0.45,0.95,1.95,1.95,1.95,0.45,0.45,,,,,,,,,,1.95,1.95,1.95,1.95,1.95,1.95,,,,1.95,1.95,0.95,,,3.95,3.95,,0.45,0.45,0.45,1.95,1.95,1.95,1.95,1.95,1.95,,,1.95,,,,,0.45,,,,1.95,,,,1.95,0.4,0.4,1.95,,,,0.95,1.95,,0.45,0.45,1.95
118,10237920,,3.95,,,,,1.283,0.45,,,,3.95,3.95,,3.95,7.95,7.95,,,,,,,,,3.95,,1.95,0.45,,,0.4,,1.95,1.95,,,,1.45,1.95,0.45,,,,1.95,0.95,,,,,,0.45,,0.4,0.45,,,,,1.95,0.95,,,,,0.45,0.95,0.4,,,,0.4,1.95,1.95,,1.95,,,,,,0.4,,,,,3.95,3.95,1.95,1.95,2.95,1.95,1.95,1.95,1.95,1.95,1.95,2.95,,,1.95,,,0.4,7.95,7.95,,3.95,1.95,,,,,,,0.4,1.95,,0.4,3.95,,,7.95,,0.4,,0.4,0.45,0.4,0.45,0.45,0.95,1.95,1.95,1.95,0.45,0.45,,,,,,,,,,1.95,1.95,1.95,1.95,1.95,1.95,,,,1.95,1.95,0.95,,,3.95,3.95,,0.45,0.45,0.45,1.95,1.95,1.95,1.95,1.95,1.95,,,1.95,,,,,0.45,,,,1.95,,,,1.95,0.4,0.4,1.95,,,,0.95,1.95,,0.45,0.45,1.95
118,10237980,,3.95,,,,,1.283,0.45,,,,3.95,3.95,,3.95,7.95,7.95,,,,,,,,,3.95,,1.95,0.45,,,0.4,,1.95,1.95,,,,1.45,1.95,0.45,,,,1.95,0.95,,,,,,0.45,,0.4,0.45,,,,,1.95,0.95,,,,,0.45,0.95,0.4,,,,0.4,1.95,1.95,,1.95,,,,,,0.4,,,,,3.95,3.95,1.95,1.95,2.95,1.95,1.95,1.95,1.95,1.95,1.95,2.95,,,1.95,,,0.4,7.95,7.95,,3.95,1.95,,,,,,,0.4,1.95,,0.4,3.95,,,7.95,,0.4,,0.4,0.45,0.4,0.45,0.45,0.95,1.95,1.95,1.95,0.45,0.45,,,,,,,,,,1.95,1.95,1.95,1.95,1.95,1.95,,,,1.95,1.95,0.95,,,3.95,3.95,,0.45,0.45,0.45,1.95,1.95,1.95,1.95,1.95,1.95,,,1.95,,,,,0.45,,,,1.95,,,,1.95,0.4,0.4,1.95,,,,0.95,1.95,,0.45,0.45,1.95
118,10238040,,3.95,,,,,1.283,0.45,,,,3.95,3.95,,3.95,7.95,7.95,,,,,,,,,3.95,,1.95,0.45,,,0.4,,1.95,1.95,,,,1.45,1.95,0.45,,,,1.95,0.95,,,,,,0.45,,0.4,0.45,,,,,1.95,0.95,,,,,0.45,0.95,0.4,,,,0.4,1.95,1.95,,1.95,,,,,,0.4,,,,,3.95,3.95,1.95,1.95,2.95,1.95,1.95,1.95,1.95,1.95,1.95,2.95,,,1.95,,,0.4,7.95,7.95,,3.95,1.95,,,,,,,0.4,1.95,,0.4,3.95,,,7.95,,0.4,,0.4,0.45,0.4,0.45,0.45,0.95,1.95,1.95,1.95,0.45,0.45,,,,,,,,,,1.95,1.95,1.95,1.95,1.95,1.95,,,,1.95,1.95,0.95,,,3.95,3.95,,0.45,0.45,0.45,1.95,1.95,1.95,1.95,1.95,1.95,,,1.95,,,,,0.45,,,,1.95,,,,1.95,0.4,0.4,1.95,,,,0.95,1.95,,0.45,0.45,1.95
118,10238100,,3.95,,,,,1.283,0.45,,,,3.95,3.95,,3.95,7.95,7.95,,,,,,,,,3.95,,1.95,0.45,,,0.4,,1.95,1.95,,,,1.45,1.95,0.45,,,,1.95,0.95,,,,,,0.45,,0.4,0.45,,,,,1.95,0.95,,,,,0.45,0.95,0.4,,,,0.4,1.95,1.95,,1.95,,,,,,0.4,,,,,3.95,3.95,1.95,1.95,2.95,1.95,1.95,1.95,1.95,1.95,1.95,2.95,,,1.95,,,0.4,7.95,7.95,,3.95,1.95,,,,,,,0.4,1.95,,0.4,3.95,,,7.95,,0.4,,0.4,0.45,0.4,0.45,0.45,0.95,1.95,1.95,1.95,0.45,0.45,,,,,,,,,,1.95,1.95,1.95,1.95,1.95,1.95,,,,1.95,1.95,0.95,,,3.95,3.95,,0.45,0.45,0.45,1.95,1.95,1.95,1.95,1.95,1.95,,,1.95,,,,,0.45,,,,1.95,,,,1.95,0.4,0.4,1.95,,,,0.95,1.95,,0.45,0.45,1.95
118,10238160,,3.95,,,,,1.283,0.45,,,,3.95,3.95,,3.95,7.95,7.95,,,,,,,,,3.95,,1.95,0.45,,,0.4,,1.95,1.95,,,,1.45,1.95,0.45,,,,1.95,0.95,,,,,,0.45,,0.4,0.45,,,,,1.95,0.95,,,,,0.45,0.95,0.4,,,,0.4,1.95,1.95,,1.95,,,,,,0.4,,,,,3.95,3.95,1.95,1.95,2.95,1.95,1.95,1.95,1.95,1.95,1.95,2.95,,,1.95,,,0.4,7.95,7.95,,3.95,1.95,,,,,,,0.4,1.95,,0.4,3.95,,,7.95,,0.4,,0.4,0.45,0.4,0.45,0.45,0.95,1.95,1.95,1.95,0.45,0.45,,,,,,,,,,1.95,1.95,1.95,1.95,1.95,1.95,,,,1.95,1.95,0.95,,,3.95,3.95,,0.45,0.45,0.45,1.95,1.95,1.95,1.95,1.95,1.95,,,1.95,,,,,0.45,,,,1.95,,,,1.95,0.4,0.4,1.95,,,,0.95,1.95,,0.45,0.45,1.95
118,10238220,,3.95,,,,,1.283,0.45,,,,3.95,3.95,,3.95,7.95,7.95,,,,,,,,,3.95,,1.95,0.45,,,0.4,,1.95,1.95,,,,1.45,1.95,0.45,,,,1.95,0.95,,,,,,0.45,,0.4,0.45,,,,,1.95,0.95,,,,,0.45,0.95,0.4,,,,0.4,1.95,1.95,,1.95,,,,,,0.4,,,,,3.95,3.95,1.95,1.95,2.95,1.95,1.95,1.95,1.95,1.95,1.95,2.95,,,1.95,,,0.4,7.95,7.95,,3.95,1.95,,,,,,,0.4,1.95,,0.4,3.95,,,7.95,,0.4,,0.4,0.45,0.4,0.45,0.45,0.95,1.95,1.95,1.95,0.45,0.45,,,,,,,,,,1.95,1.95,1.95,1.95,1.95,1.95,,,,1.95,1.95,0.95,,,3.95,3.95,,0.45,0.45,0.45,1.95,1.95,1.95,1.95,1.95,1.95,,,1.95,,,,,0.45,,,,1.95,,,,1.95,0.4,0.4,1.95,,,,0.95,1.95,,0.45,0.45,1.95
118,10238280,,3.95,,,,,1.283,0.45,,,,3.95,3.95,,3.95,7.95,7.95,,,,,,,,,3.95,,1.95,0.45,,,0.4,,1.95,1.95,,,,1.45,1.95,0.45,,,,1.95,0.95,,,,,,0.45,,0.4,0.45,,,,,1.95,0.95,,,,,0.45,0.95,0.4,,,,0.4,1.95,1.95,,1.95,,,,,,0.4,,,,,3.95,3.95,1.95,1.95,2.95,1.95,1.95,1.95,1.95,1.95,1.95,2.95,,,1.95,,,0.4,7.95,7.95,,3.95,1.95,,,,,,,0.4,1.95,,0.4,3.95,,,7.95,,0.4,,0.4,0.45,0.4,0.45,0.45,0.95,1.95,1.95,1.95,0.45,0.45,,,,,,,,,,1.95,1.95,1.95,1.95,1.95,1.95,,,,1.95,1.95,0.95,,,3.95,3.95,,0.45,0.45,0.45,1.95,1.95,1.95,1.95,1.95,1.95,,,1.95,,,,,0.45,,,,1.95,,,,1.95,0.4,0.4,1.95,,,,0.95,1.95,,0.45,0.45,1.95
118,10238340,,3.95,,,,,1.283,0.45,,,,3.95,3.95,,3.95,7.95,7.95,,,,,,,,,3.95,,1.95,0.45,,,0.4,,1.95,1.95,,,,1.45,1.95,0.45,,,,1.95,0.95,,,,,,0.45,,0.4,0.45,,,,,1.95,0.95,,,,,0.45,0.95,0.4,,,,0.4,1.95,1.95,,1.95,,,,,,0.4,,,,,3.95,3.95,1.95,1.95,2.95,1.95,1.95,1.95,1.95,1.95,1.95,2.95,,,1.95,,,0.4,7.95,7.95,,3.95,1.95,,,,,,,0.4,1.95,,0.4,3.95,,,7.95,,0.4,,0.4,0.45,0.4,0.45,0.45,0.95,1.95,1.95,1.95,0.45,0.45,,,,,,,,,,1.95,1.95,1.95,1.95,1.95,1.95,,,,1.95,1.95,0.95,,,3.95,3.95,,0.45,0.45,0.45,1.95,1.95,1.95,1.95,1.95,1.95,,,1.95,,,,,0.45,,,,1.95,,,,1.95,0.4,0.4,1.95,,,,0.95,1.95,,0.45,0.45,1.95
118,10238400,,3.95,,,,,1.283,0.45,,,,3.95,3.95,,3.95,7.95,7.95,,,,,,,,,3.95,,1.95,0.45,,,0.4,,1.95,1.95,,,,1.45,1.95,0.45,,,,1.95,0.95,,,,,,0.45,,0.4,0.45,,,,,1.95,0.95,,,,,0.45,0.95,0.4,,,,0.4,1.95,1.95,,1.95,,,,,,0.4,,,,,3.95,3.95,1.95,1.95,2.95,1.95,1.95,1.95,1.95,1.95,1.95,2.95,,,1.95,,,0.4,7.95,7.95,,3.95,1.95,,,,,,,0.4,1.95,,0.4,3.95,,,7.95,,0.4,,0.4,0.45,0.4,0.45,0.45,0.95,1.95,1.95,1.95,0.45,0.45,,,,,,,,,,1.95,1.95,1.95,1.95,1.95,1.95,,,,1.95,1.95,0.95,,,3.95,3.95,,0.45,0.45,0.45,1.95,1.95,1.95,1.95,1.95,1.95,,,1.95,,,,,0.45,,,,1.95,,,,1.95,0.4,0.4,1.95,,,,0.95,1.95,,0.45,0.45,1.95
118,10238460,,3.95,,,,,1.283,0.45,,,,3.95,3.95,,3.95,7.95,7.95,,,,,,,,,3.95,,1.95,0.45,,,0.4,,1.95,1.95,,,,1.45,1.95,0.45,,,,1.95,0.95,,,,,,0.45,,0.4,0.45,,,,,1.95,0.95,,,,,0.45,0.95,0.4,,,,0.4,1.95,1.95,,1.95,,,,,,0.4,,,,,3.95,3.95,1.95,1.95,2.95,1.95,1.95,1.95,1.95,1.95,1.95,2.95,,,1.95,,,0.4,7.95,7.95,,3.95,1.95,,,,,,,0.4,1.95,,0.4,3.95,,,7.95,,0.4,,0.4,0.45,0.4,0.45,0.45,0.95,1.95,1.95,1.95,0.45,0.45,,,,,,,,,,1.95,1.95,1.95,1.95,1.95,1.95,,,,1.95,1.95,0.95,,,3.95,3.95,,0.45,0.45,0.45,1.95,1.95,1.95,1.95,1.95,1.95,,,1.95,,,,,0.45,,,,1.95,,,,1.95,0.4,0.4,1.95,,,,0.95,1.95,,0.45,0.45,1.95
118,10238520,,3.95,,,,,1.45,0.45,,,,3.95,3.95,,3.95,7.95,7.95,,,,,,,,,3.95,,1.95,0.45,,,0.4,,1.95,1.95,,,,1.45,1.95,0.45,,,,1.95,0.95,,,,,,0.45,,0.4,0.45,,,,,1.95,0.95,,,,,0.45,0.95,0.4,,,,0.4,1.95,1.95,,1.95,,,,,,0.4,,,,,3.95,3.95,1.95,1.95,2.95,1.95,1.95,1.95,1.95,1.95,1.95,2.95,,,1.95,,,0.4,7.95,7.95,,3.95,1.95,,,,,,,0.4,1.95,,0.4,3.95,,,7.95,,0.4,,0.4,0.45,0.4,0.45,0.45,0.95,1.95,1.95,1.95,0.45,0.45,,,,,,,,,,1.95,1.95,1.95,1.95,1.95,1.95,,,,1.95,1.95,0.95,,,3.95,3.95,,0.45,0.45,0.45,1.95,1.95,1.95,1.95,1.95,1.95,,,1.95,,,,,0.45,,,,1.95,,,,1.95,0.4,0.4,1.95,,,,0.95,1.95,,0.45,0.45,1.95
118,10238580,,3.95,,,,,1.283,0.45,,,,3.95,3.95,,3.95,7.95,7.95,,,,,,,,,3.95,,1.95,0.45,,,0.4,,1.95,1.95,,,,1.45,1.95,0.45,,,,1.95,0.95,,,,,,0.45,,0.4,0.45,,,,,1.95,0.95,,,,,0.45,0.95,0.4,,,,0.4,1.95,1.95,,1.95,,,,,,0.4,,,,,3.95,3.95,1.95,1.95,2.95,1.95,1.95,1.95,1.95,1.95,1.95,2.95,,,1.95,,,0.4,7.95,7.95,,3.95,1.95,,,,,,,0.4,1.95,,0.4,3.95,,,7.95,,0.4,,0.4,0.45,0.4,0.45,0.45,0.95,1.95,1.95,1.95,0.45,0.45,,,,,,,,,,1.95,1.95,1.95,1.95,1.95,1.95,,,,1.95,1.95,0.95,,,3.95,3.95,,0.45,0.45,0.45,1.95,1.95,1.95,1.95,1.95,1.95,,,1.95,,,,,0.45,,,,1.95,,,,1.95,0.4,0.4,1.95,,,,0.95,1.95,,0.45,0.45,1.95
118,10238640,,3.95,,,,,1.283,0.45,,,,3.95,3.95,,3.95,7.95,7.95,,,,,,,,,3.95,,1.95,0.45,,,0.4,,1.95,1.95,,,,1.45,1.95,0.45,,,,1.95,0.95,,,,,,0.45,,0.4,0.45,,,,,1.95,0.95,,,,,0.45,0.95,0.4,,,,0.4,1.95,1.95,,1.95,,,,,,0.4,,,,,3.95,3.95,1.95,1.95,2.95,1.95,1.95,1.95,1.95,1.95,1.95,2.95,,,1.95,,,0.4,7.95,7.95,,3.95,1.95,,,,,,,0.4,1.95,,0.4,3.95,,,7.95,,0.4,,0.4,0.45,0.4,0.45,0.45,0.95,1.95,1.95,1.95,0.45,0.45,,,,,,,,,,1.95,1.95,1.95,1.95,1.95,1.95,,,,1.95,1.95,0.95,,,3.95,3.95,,0.45,0.45,0.45,1.95,1.95,1.95,1.95,1.95,1.95,,,1.95,,,,,0.45,,,,1.95,,,,1.95,0.4,0.4,1.95,,,,0.95,1.95,,0.45,0.45,1.95
118,10238700,,3.95,,,,,1.283,0.45,,,,3.95,3.95,,3.95,7.95,7.95,,,,,,,,,3.95,,1.95,0.45,,,0.4,,1.95,1.95,,,,1.45,1.95,0.45,,,,1.95,0.95,,,,,,0.45,,0.4,0.45,,,,,1.95,0.95,,,,,0.45,0.95,0.4,,,,0.4,1.95,1.95,,1.95,,,,,,0.4,,,,,3.95,3.95,1.95,1.95,2.95,1.95,1.95,1.95,1.95,1.95,1.95,2.95,,,1.95,,,0.4,7.95,7.95,,3.95,1.95,,,,,,,0.4,1.95,,0.4,3.95,,,7.95,,0.4,,0.4,0.45,0.4,0.45,0.45,0.95,1.95,1.95,1.95,0.45,0.45,,,,,,,,,,1.95,1.95,1.95,1.95,1.95,1.95,,,,1.95,1.95,0.95,,,3.95,3.95,,0.45,0.45,0.45,1.95,1.95,1.95,1.95,1.95,1.95,,,1.95,,,,,0.45,,,,1.95,,,,1.95,0.4,0.4,1.95,,,,0.95,1.95,,0.45,0.45,1.95
118,10238760,,3.95,,,,,1.283,0.45,,,,3.95,3.95,,3.95,7.95,7.95,,,,,,,,,3.95,,1.95,0.45,,,0.4,,1.95,1.95,,,,1.45,1.95,0.45,,,,1.95,0.95,,,,,,0.45,,0.4,0.45,,,,,1.95,0.95,,,,,0.45,0.95,0.4,,,,0.4,1.95,1.95,,1.95,,,,,,0.4,,,,,3.95,3.95,1.95,1.95,2.95,1.95,1.95,1.95,1.95,1.95,1.95,2.95,,,1.95,,,0.4,7.95,7.95,,3.95,1.95,,,,,,,0.4,1.95,,0.4,3.95,,,7.95,,0.4,,0.4,0.45,0.4,0.45,0.45,0.95,1.95,1.95,1.95,0.45,0.45,,,,,,,,,,1.95,1.95,1.95,1.95,1.95,1.95,,,,1.95,1.95,0.95,,,3.95,3.95,,0.45,0.45,0.45,1.95,1.95,1.95,1.95,1.95,1.95,,,1.95,,,,,0.45,,,,1.95,,,,1.95,0.4,0.4,1.95,,,,0.95,1.95,,0.45,0.45,1.95
118,10238820,,3.95,,,,,1.283,0.45,,,,3.95,3.95,,3.95,7.95,7.95,,,,,,,,,3.95,,1.95,0.45,,,0.4,,1.95,1.95,,,,1.617,1.95,0.45,,,,1.95,0.95,,,,,,0.45,,0.4,0.45,,,,,1.95,0.95,,,,,0.45,0.95,0.4,,,,0.4,1.95,1.95,,1.95,,,,,,0.4,,,,,3.95,3.95,1.95,1.95,2.95,1.95,1.95,1.95,1.95,1.95,1.95,2.95,,,1.95,,,0.4,7.95,7.95,,3.95,1.95,,,,,,,0.4,1.95,,0.4,3.95,,,7.95,,0.4,,0.4,0.45,0.4,0.45,0.45,0.95,1.95,1.95,1.95,0.45,0.45,,,,,,,,,,1.95,1.95,1.95,1.95,1.95,1.95,,,,1.95,1.95,0.95,,,3.95,3.95,,0.45,0.45,0.45,1.95,1.95,1.95,1.95,1.95,1.95,,,1.95,,,,,0.45,,,,1.95,,,,1.95,0.4,0.4,1.95,,,,0.95,1.95,,0.45,0.45,1.95
118,10238880,,3.95,,,,,1.283,0.45,,,,3.95,3.95,,3.95,7.95,7.95,,,,,,,,,3.95,,1.95,0.45,,,0.4,,1.95,1.95,,,,1.45,1.95,0.45,,,,1.95,0.95,,,,,,0.45,,0.4,0.45,,,,,1.95,0.95,,,,,0.45,0.95,0.4,,,,0.4,1.95,1.95,,1.95,,,,,,0.4,,,,,3.95,3.95,1.95,1.95,2.95,1.95,1.95,1.95,1.95,1.95,1.95,2.95,,,1.95,,,0.4,7.95,7.95,,3.95,1.95,,,,,,,0.4,1.95,,0.4,3.95,,,7.95,,0.4,,0.4,0.45,0.4,0.45,0.45,0.95,1.95,1.95,1.95,0.45,0.45,,,,,,,,,,1.95,1.95,1.95,1.95,1.95,1.95,,,,1.95,1.95,0.95,,,3.95,3.95,,0.45,0.45,0.45,1.95,1.95,1.95,1.95,1.95,1.95,,,1.95,,,,,0.45,,,,1.95,,,,1.95,0.4,0.4,1.95,,,,0.95,1.95,,0.45,0.45,1.95
118,10238940,,3.95,,,,,1.283,0.45,,,,3.95,3.95,,3.95,7.95,7.95,,,,,,,,,3.95,,1.95,0.45,,,0.4,,1.95,1.95,,,,1.45,1.95,0.45,,,,1.95,0.95,,,,,,0.45,,0.4,0.45,,,,,1.95,0.95,,,,,0.45,0.95,0.4,,,,0.4,1.95,1.95,,1.95,,,,,,0.4,,,,,3.95,3.95,1.95,1.95,2.95,1.95,1.95,1.95,1.95,1.95,1.95,2.95,,,1.95,,,0.4,7.95,7.95,,3.95,1.95,,,,,,,0.4,1.95,,0.4,3.95,,,7.95,,0.4,,0.4,0.45,0.4,0.45,0.45,0.95,1.95,1.95,1.95,0.45,0.45,,,,,,,,,,1.95,1.95,1.95,1.95,1.95,1.95,,,,1.95,1.95,0.95,,,3.95,3.95,,0.45,0.45,0.45,1.95,1.95,1.95,1.95,1.95,1.95,,,1.95,,,,,0.45,,,,1.95,,,,1.95,0.4,0.4,1.95,,,,0.95,1.95,,0.45,0.45,1.95
118,10239000,,3.95,,,,,1.283,0.45,,,,3.95,3.95,,3.95,7.95,7.95,,,,,,,,,3.95,,1.95,0.45,,,0.4,,1.95,1.95,,,,1.45,1.95,0.45,,,,1.95,0.95,,,,,,0.45,,0.4,0.45,,,,,1.95,0.95,,,,,0.45,0.95,0.4,,,,0.4,1.95,1.95,,1.95,,,,,,0.4,,,,,3.95,3.95,1.95,1.95,2.95,1.95,1.95,1.95,1.95,1.95,1.95,2.95,,,1.95,,,0.4,7.95,7.95,,3.95,1.95,,,,,,,0.4,1.95,,0.4,3.95,,,7.95,,0.4,0.4,0.4,0.45,0.4,0.45,0.45,0.95,1.95,1.95,1.95,0.45,0.45,,,,,,,,,,1.95,1.95,1.95,1.95,1.95,1.95,,,,1.95,1.95,0.95,,,3.95,3.95,,0.45,0.45,0.45,1.95,1.95,1.95,1.95,1.95,1.95,,,1.95,,,,,0.45,,,,1.95,,,,1.95,0.4,0.4,1.95,,,,0.95,1.95,,0.45,0.45,1.95
118,10239060,,3.95,,,,,1.283,0.45,,,,3.95,3.95,,3.95,7.95,7.95,,,,,,,,,3.95,,1.95,0.45,,,0.4,,1.95,1.95,,,,1.617,1.95,0.45,,,,1.95,0.95,,,,,,0.45,,0.4,0.45,,,,,1.95,0.95,,,,,0.45,0.95,0.4,,,,0.4,1.95,1.95,,1.95,,,,,,0.4,,,,,3.95,3.95,1.95,1.95,2.95,1.95,1.95,1.95,1.95,1.95,1.95,2.95,,,1.95,,,0.4,7.95,7.95,,3.95,1.95,,,,,,,0.4,1.95,,0.4,3.95,,,7.95,,0.4,0.4,0.4,0.45,0.4,0.45,0.45,0.95,1.95,1.95,1.95,0.45,0.45,,,,,,,,,,1.95,1.95,1.95,1.95,1.95,1.95,,,,1.95,1.95,0.95,,,3.95,3.95,,0.45,0.45,0.45,1.95,1.95,1.95,1.95,1.95,1.95,,,1.95,,,,,0.45,,,,1.95,,,,1.95,0.4,0.4,1.95,,,,0.95,1.95,,0.45,0.45,1.95
118,10239120,,3.95,,,,,1.283,0.45,,,,3.95,3.95,,3.95,7.95,7.95,,,,,,,,,3.95,,1.95,0.45,,,0.4,,1.95,1.95,,,,1.45,1.95,0.45,,,,1.95,0.95,,,,,,0.45,,0.4,0.45,,,,,1.95,0.95,,,,,0.45,0.95,0.4,,,,0.4,1.95,1.95,,1.95,,,,,,0.4,,,,,3.95,3.95,1.95,1.95,2.95,1.95,1.95,1.95,1.95,1.95,1.95,2.95,,,1.95,,,0.4,7.95,7.95,,3.95,1.95,,,,,,,0.4,1.95,,0.4,3.95,,,7.95,,0.4,0.4,0.4,0.45,0.4,0.45,0.45,0.95,1.95,1.95,1.95,0.45,0.45,,,,,,,,,,1.95,1.95,1.95,1.95,1.95,1.95,,,,1.95,1.95,0.95,,,3.95,3.95,,0.45,0.45,0.45,1.95,1.95,1.95,1.95,1.95,1.95,,,1.95,,,,,0.45,,,,1.95,,,,1.95,0.4,0.4,1.95,,,,0.95,1.95,,0.45,0.45,1.95
118,10239180,,3.95,,,,,1.283,0.45,,,,3.95,3.95,,3.95,7.95,7.95,,,,,,,,,3.95,,1.95,0.45,,,0.4,,1.95,1.95,,,,1.45,1.95,0.45,,,,1.95,0.95,,,,,,0.45,,0.4,0.45,,,,,1.95,0.95,,,,,0.45,0.95,0.4,,,,0.4,1.95,1.95,,1.95,,,,,,0.4,,,,,3.95,3.95,1.95,1.95,2.95,1.95,1.95,1.95,1.95,1.95,1.95,2.95,,,1.95,,,0.4,7.95,7.95,,3.95,1.95,,,,,,,0.4,1.95,,0.4,3.95,,,7.95,,0.4,0.4,0.4,0.45,0.4,0.45,0.45,0.95,1.95,1.95,1.95,0.45,0.45,,,,,,,,,,1.95,1.95,1.95,1.95,1.95,1.95,,,,1.95,1.95,0.95,,,3.95,3.95,,0.45,0.45,0.45,1.95,1.95,1.95,1.95,1.95,1.95,,,1.95,,,,,0.45,,,,1.95,,,,1.95,0.4,0.4,1.95,,,,0.95,1.95,,0.45,0.45,1.95
118,10239240,,3.95,,,,,0.95,0.45,,,,3.95,3.95,,3.95,7.95,7.95,,,,,,,,,3.95,,1.95,0.45,,,0.4,,1.95,1.95,,,,1.45,1.95,0.45,,,,1.95,0.95,,,,,,0.45,,0.4,0.45,,,,,1.95,0.95,,,,,0.45,0.95,0.4,,,,0.4,1.95,1.95,,1.95,,,,,,0.4,,,,,3.95,3.95,1.95,1.95,2.95,1.95,1.95,1.95,1.95,1.95,1.95,2.95,,,1.95,,,0.4,7.95,7.95,,3.95,1.95,,,,,,,0.4,1.95,,0.4,3.95,,,7.95,,0.4,0.4,0.4,0.45,0.4,0.45,0.45,0.95,1.95,1.95,1.95,0.45,0.45,,,,,,,,,,1.95,1.95,1.95,1.95,1.95,1.95,,,,1.95,1.95,0.95,,,3.95,3.95,,0.45,0.45,0.45,1.95,1.95,1.95,1.95,1.95,1.95,,,1.95,,,,,0.45,,,,1.95,,,,1.95,0.4,0.4,1.95,,,,0.95,1.95,,0.45,0.45,1.95
118,10239300,,3.95,,,,,0.95,0.45,,,,3.95,3.95,,3.95,7.95,7.95,,,,,,,,,3.95,,1.95,0.45,,,0.4,,1.95,1.95,,,,1.45,1.95,0.45,,,,1.95,0.95,,,,,,0.45,,0.4,0.45,,,,,1.95,0.95,,,,,0.45,0.95,0.4,,,,0.4,1.95,1.95,,1.95,,,,,,0.4,,,,,3.95,3.95,1.95,1.95,2.95,1.95,1.95,1.95,1.95,1.95,1.95,2.95,,,1.95,,,0.4,7.95,7.95,,3.95,1.95,,,,,,,0.4,1.95,,0.4,3.95,,,7.95,,0.4,0.4,0.4,0.45,0.4,0.45,0.45,0.95,1.95,1.95,1.95,0.45,0.45,,,,,,,,,,1.95,1.95,1.95,1.95,1.95,1.95,,,,1.95,1.95,0.95,,,3.95,3.95,,0.45,0.45,0.45,1.95,1.95,1.95,1.95,1.95,1.95,,,1.95,,,,,0.45,,,,1.95,,,,1.95,0.4,0.4,1.95,,,,0.95,1.95,,0.45,0.45,1.95
118,10239360,,3.95,,,,,0.95,0.45,,,,3.95,3.95,,3.95,7.95,7.95,,,,,,,,,3.95,,1.95,0.45,,,0.4,,1.95,1.95,,,,1.45,1.95,0.45,,,,1.95,0.95,,,,,,0.45,,0.4,0.45,,,,,1.95,0.95,,,,,0.45,0.95,0.4,,,,0.4,1.95,1.95,,1.95,,,,,,0.4,,,,,3.95,3.95,1.95,1.95,2.95,1.95,1.95,1.95,1.95,1.95,1.95,2.95,,,1.95,,,0.4,7.95,7.95,,3.95,1.95,,,,,,,0.4,1.95,,0.4,3.95,,,7.95,,0.4,0.4,0.4,0.45,0.4,0.45,0.45,0.95,1.95,1.95,1.95,0.45,0.45,,,,,,,,,,1.95,1.95,1.95,1.95,1.95,1.95,,,,1.95,1.95,0.95,,,3.95,3.95,,0.45,0.45,0.45,1.95,1.95,1.95,1.95,1.95,1.95,,,1.95,,,,,0.45,,,,1.95,,,,1.95,0.4,0.4,1.95,,,,0.95,1.95,,0.45,0.45,1.95
118,10239420,,3.95,,,,,0.95,0.45,,,,3.95,3.95,,3.95,7.95,7.95,,,,,,,,,3.95,,1.95,0.45,,,0.4,,1.95,1.95,,,,1.45,1.95,0.45,,,,1.95,0.95,,,,,,0.45,,0.4,0.45,,,,,1.95,0.95,,,,,0.45,0.95,0.4,,,,0.4,1.95,1.95,,1.95,,,,,,0.4,,,,,3.95,3.95,1.95,1.95,2.95,1.95,1.95,1.95,1.95,1.95,1.95,2.95,,,1.95,,,0.4,7.95,7.95,,3.95,1.95,,,,,,,0.4,1.95,,0.4,3.95,,,7.95,,0.4,0.4,0.4,0.45,0.4,0.45,0.45,0.95,1.95,1.95,1.95,0.45,0.45,,,,,,,,,,1.95,1.95,1.95,1.95,1.95,1.95,,,,1.95,1.95,0.95,,,3.95,3.95,,0.45,0.45,0.45,1.95,1.95,1.95,1.95,1.95,1.95,,,1.95,,,,,0.45,,,,1.95,,,,1.95,0.4,0.4,1.95,,,,0.95,1.95,,0.45,0.45,1.95
118,10239480,,3.95,,,,,0.95,0.45,,,,3.95,3.95,,3.95,7.95,7.95,,,,,,,,,3.95,,1.95,0.45,,,0.4,,1.95,1.95,,,,1.45,1.95,0.45,,,,1.95,0.95,,,,,,0.45,,0.4,0.45,,,,,1.95,0.95,,,,,0.45,0.95,0.4,,,,0.4,1.95,1.95,,1.95,,,,,,0.4,,,,,3.95,3.95,1.95,1.95,2.95,1.95,1.95,1.95,1.95,1.95,1.95,2.95,,,1.95,,,0.4,7.95,7.95,,3.95,1.95,,,,,,,0.4,1.95,,0.4,3.95,,,7.95,,0.4,0.4,0.4,0.45,0.4,0.45,0.45,0.95,1.95,1.95,1.95,0.45,0.45,,,,,,,,,,1.95,1.95,1.95,1.95,1.95,1.95,,,,1.95,1.95,0.95,,,3.95,3.95,,0.45,0.45,0.45,1.95,1.95,1.95,1.95,1.95,1.95,,,1.95,,,,,0.45,,,,1.95,,,,1.95,0.4,0.4,1.95,,,,0.95,1.95,,0.45,0.45,1.95
118,10239540,,3.95,,,,,0.95,0.45,,,,3.95,3.95,,3.95,7.95,7.95,,,,,,,,,3.95,,1.95,0.45,,,0.4,,1.95,1.95,,,,1.45,1.95,0.45,,,,1.95,0.95,,,,,,0.45,,0.4,0.45,,,,,1.95,0.95,,,,,0.45,0.95,0.4,,,,0.4,1.95,1.95,,1.95,,,,,,0.4,,,,,3.95,3.95,1.95,1.95,2.95,1.95,1.95,1.95,1.95,1.95,1.95,2.95,,,1.95,,,0.4,7.95,7.95,,3.95,1.95,,,,,,,0.4,1.95,,0.4,3.95,,,7.95,,0.4,0.4,0.4,0.45,0.4,0.45,0.45,0.95,1.95,1.95,1.95,0.45,0.45,,,,,,,,,,1.95,1.95,1.95,1.95,1.95,1.95,,,,1.95,1.95,0.95,,,3.95,3.95,,0.45,0.45,0.45,1.95,1.95,1.95,1.95,1.95,1.95,,,1.95,,,,,0.45,,,,1.95,,,,1.95,0.4,0.4,1.95,,,,0.95,1.95,,0.45,0.45,1.95
118,10239600,,3.95,,,,,0.95,0.45,,,,3.95,3.95,,3.95,7.95,7.95,,,,,,,,,3.95,,1.95,0.45,,,0.4,,1.95,1.95,,,,1.45,1.95,0.45,,,,1.95,0.95,,,,,,0.45,,0.4,0.45,,,,,1.95,0.95,,,,,0.45,0.95,0.4,,,,0.4,1.95,1.95,,1.95,,,,,,0.4,,,,,3.95,3.95,1.95,1.95,2.95,1.95,1.95,1.95,1.95,1.95,1.95,2.95,,,1.95,,,0.4,7.95,7.95,,3.95,1.95,,,,,,,0.4,1.95,,0.4,3.95,,,7.95,,0.4,0.4,0.4,0.45,0.4,0.45,0.45,0.95,1.95,1.95,1.95,0.45,0.45,,,,,,,,,,1.95,1.95,1.95,1.95,1.95,1.95,,,,1.95,1.95,0.95,,,3.95,3.95,,0.45,0.45,0.45,1.95,1.95,1.95,1.95,1.95,1.95,,,1.95,,,,,0.45,,,,1.95,,,,1.95,0.4,0.4,1.95,,,,0.95,1.95,,0.45,0.45,1.95
118,10239660,,3.95,,,,,0.95,0.45,,,,3.95,3.95,,3.95,7.95,7.95,,,,,,,,,3.95,,1.95,0.45,,,0.4,,1.95,1.95,,,,1.45,1.95,0.45,,,,1.95,0.95,,,,,,0.45,,0.4,0.45,,,,,1.95,0.95,,,,,0.45,0.95,0.4,,,,0.4,1.95,1.95,,1.95,,,,,,0.4,,,,,3.95,3.95,1.95,1.95,2.95,1.95,1.95,1.95,1.95,1.95,1.95,2.95,,,1.95,,,0.4,7.95,7.95,,3.95,1.95,,,,,,,0.4,1.95,,0.4,3.95,,,7.95,,0.4,0.4,0.4,0.45,0.4,0.45,0.45,0.95,1.95,1.95,1.95,0.45,0.45,,,,,,,,,,1.95,1.95,1.95,1.95,1.95,1.95,,,,1.95,1.95,0.95,,,3.95,3.95,,0.45,0.45,0.45,1.95,1.95,1.95,1.95,1.95,1.95,,,1.95,,,,,0.45,,,,1.95,,,,1.95,0.4,0.4,1.95,,,,0.95,1.95,,0.45,0.45,1.95
118,10239720,,3.95,,,,,0.95,0.45,,,,3.95,3.95,,3.95,7.95,7.95,,,,,,,,,3.95,,1.95,0.45,,,0.4,,1.95,1.95,,,,1.45,1.95,0.45,,,,1.95,0.95,,,,,,0.45,,0.4,0.45,,,,,1.95,0.95,,,,,0.45,0.95,0.4,,,,0.4,1.95,1.95,,1.95,,,,,,0.4,,,,,3.95,3.95,1.95,1.95,2.95,1.95,1.95,1.95,1.95,1.95,1.95,2.95,,,1.95,,,0.4,7.95,7.95,,3.95,1.95,,,,,,,0.4,1.95,,0.4,3.95,,,7.95,,0.4,0.4,0.4,0.45,0.4,0.45,0.45,0.95,1.95,1.95,1.95,0.45,0.45,,,,,,,,,,1.95,1.95,1.95,1.95,1.95,1.95,,,,1.95,1.95,0.95,,,3.95,3.95,,0.45,0.45,0.45,1.95,1.95,1.95,1.95,1.95,1.95,,,1.95,,,,,0.45,,,,1.95,,,,1.95,0.4,0.4,1.95,,,,0.95,1.95,,0.45,0.45,1.95
118,10239780,,3.95,,,,,0.95,0.45,,,,3.95,3.95,,3.95,7.95,7.95,,,,,,,,,3.95,,1.95,0.45,,,0.4,,1.95,1.95,,,,1.45,1.95,0.45,,,,1.95,0.95,,,,,,0.45,,0.4,0.45,,,,,1.95,0.95,,,,,0.45,0.95,0.4,,,,0.4,1.95,1.95,,1.95,,,,,,0.4,,,,,3.95,3.95,1.95,1.95,2.95,1.95,1.95,1.95,1.95,1.95,1.95,2.95,,,1.95,,,0.4,7.95,7.95,,3.95,1.95,,,,,,,0.4,1.95,,0.4,3.95,,,7.95,,0.4,0.4,0.4,0.45,0.4,0.45,0.45,0.95,1.95,1.95,1.95,0.45,0.45,,,,,,,,,,1.95,1.95,1.95,1.95,1.95,1.95,,,,1.95,1.95,0.95,,,3.95,3.95,,0.45,0.45,0.45,1.95,1.95,1.95,1.95,1.95,1.95,,,1.95,,,,,0.45,,,,1.95,,,,1.95,0.4,0.4,1.95,,,,0.95,1.95,,0.45,0.45,1.95
118,10239840,,3.95,,,,,0.95,0.45,,,,3.95,3.95,,3.95,7.95,7.95,,,,,,,,,3.95,,1.95,0.45,,,0.4,,1.95,1.95,,,,1.45,1.95,0.45,,,,1.95,0.95,,,,,,0.45,,0.4,0.45,,,,,1.95,0.95,,,,,0.45,0.95,0.4,,,,0.4,1.95,1.95,,1.95,,,,,,0.4,,,,,3.95,3.95,1.95,1.95,2.95,1.95,1.95,1.95,1.95,1.95,1.95,2.95,,,1.95,,,0.4,7.95,7.95,,3.95,1.95,,,,,,,0.4,1.95,,0.4,3.95,,,7.95,,0.4,0.4,0.4,0.45,0.4,0.45,0.45,0.95,1.95,1.95,1.95,0.45,0.45,,,,,,,,,,1.95,1.95,1.95,1.95,1.95,1.95,,,,1.95,1.95,0.95,,,3.95,3.95,,0.45,0.45,0.45,1.95,1.95,1.95,1.95,1.95,1.95,,,1.95,,,,,0.45,,,,1.95,,,,1.95,0.4,0.4,1.95,,,,0.95,1.95,,0.45,0.45,1.95
118,10239900,,3.95,,,,,0.95,0.45,,,,3.95,3.95,,3.95,7.95,7.95,,,,,,,,,3.95,,1.95,0.45,,,0.4,,1.95,1.95,,,,1.617,1.95,0.45,,,,1.95,0.95,,,,,,0.45,,0.4,0.45,,,,,1.95,0.95,,,,,0.45,0.95,0.4,,,,0.4,1.95,1.95,,1.95,,,,,,0.4,,,,,3.95,3.95,1.95,1.95,2.95,1.95,1.95,1.95,1.95,1.95,1.95,2.95,,,1.95,,,0.4,7.95,7.95,,3.95,1.95,,,,,,,0.4,1.95,,0.4,3.95,,,7.95,,0.4,0.4,0.4,0.45,0.4,0.45,0.45,0.95,1.95,1.95,1.95,0.45,0.45,,,,,,,,,,1.95,1.95,1.95,1.95,1.95,1.95,,,,1.95,1.95,0.95,,,3.95,3.95,,0.45,0.45,0.45,1.95,1.95,1.95,1.95,1.95,1.95,,,1.95,,,,,0.45,,,,1.95,,,,1.95,0.4,0.4,1.95,,,,0.95,1.95,,0.45,0.45,1.95
118,10239960,,3.95,,,,,0.95,0.45,,,,3.95,3.95,,3.95,7.95,7.95,,,,,,,,,3.95,,1.95,0.45,,,0.4,,1.95,1.95,,,,1.45,1.95,0.45,,,,1.95,0.95,,,,,,0.45,,0.4,0.45,,,,,1.95,0.95,,,,,0.45,0.95,0.4,,,,0.4,1.95,1.95,,1.95,,,,,,0.4,,,,,3.95,3.95,1.95,1.95,2.95,1.95,1.95,1.95,1.95,1.95,1.95,2.95,,,1.95,,,0.4,7.95,7.95,,3.95,1.95,,,,,,,0.4,1.95,,0.4,3.95,,,7.95,,0.4,0.4,0.4,0.45,0.4,0.45,0.45,0.95,1.95,1.95,1.95,0.45,0.45,,,,,,,,,,1.95,1.95,1.95,1.95,1.95,1.95,,,,1.95,1.95,0.95,,,3.95,3.95,,0.45,0.45,0.45,1.95,1.95,1.95,1.95,1.95,1.95,,,1.95,,,,,0.45,,,,1.95,,,,1.95,0.4,0.4,1.95,,,,0.95,1.95,,0.45,0.45,1.95
118,10240020,,3.95,,,,,0.95,0.45,,,,3.95,3.95,,3.95,7.95,7.95,,,,,,,,,3.95,,1.95,0.45,,,0.4,,1.95,1.95,,,,1.45,1.95,0.45,,,,1.95,0.95,,,,,,0.45,,0.4,0.45,,,,,1.95,0.95,,,,,0.45,0.95,0.4,,,,0.4,1.95,1.95,,1.95,,,,,,0.4,,,,,3.95,3.95,1.95,1.95,2.95,1.95,1.95,1.95,1.95,1.95,1.95,2.95,,,1.95,,,0.4,7.95,7.95,,3.95,1.95,,,,,,,0.4,1.95,,0.4,3.95,,,7.95,,0.4,0.4,0.4,0.45,0.4,0.45,0.45,0.95,1.95,1.95,1.95,0.45,0.45,,,,,,,,,,1.95,1.95,1.95,1.95,1.95,1.95,,,,1.95,1.95,0.95,,,3.95,3.95,,0.45,0.45,0.45,1.95,1.95,1.95,1.95,1.95,1.95,,,1.95,,,,,0.45,,,,1.95,,,,1.95,0.4,0.4,1.95,,,,0.95,1.95,,0.45,0.45,1.95
118,10240080,,3.95,,,,,0.95,0.45,,,,3.95,3.95,,3.95,7.95,7.95,,,,,,,,,3.95,,1.95,0.45,,,0.4,,1.95,1.95,,,,1.45,1.95,0.45,,,,1.95,0.95,,,,,,0.45,,0.4,0.45,,,,,1.95,0.95,,,,,0.45,0.95,0.4,,,,0.4,1.95,1.95,,1.95,,,,,,0.4,,,,,3.95,3.95,1.95,1.95,2.95,1.95,1.95,1.95,1.95,1.95,1.95,2.95,,,1.95,,,0.4,7.95,7.95,,3.95,1.95,,,,,,,0.4,1.95,,0.4,3.95,,,7.95,,0.4,0.4,0.4,0.45,0.4,0.45,0.45,0.95,1.95,1.95,1.95,0.45,0.45,,,,,,,,,,1.95,1.95,1.95,1.95,1.95,1.95,,,,1.95,1.95,0.95,,,3.95,3.95,,0.45,0.45,0.45,1.95,1.95,1.95,1.95,1.95,1.95,,,1.95,,,,,0.45,,,,1.95,,,,1.95,0.4,0.4,1.95,,,,0.95,1.95,,0.45,0.45,1.95
118,10240140,,3.95,,,,,0.95,0.45,,,,3.95,3.95,,3.95,7.95,7.95,,,,,,,,,3.95,,1.95,0.45,,,0.4,,1.95,1.95,,,,1.45,1.95,0.45,,,,1.95,0.95,,,,,,0.45,,0.4,0.45,,,,,1.95,0.95,,,,,0.45,0.95,0.4,,,,0.4,1.95,1.95,,1.95,,,,,,0.4,,,,,3.95,3.95,1.95,1.95,2.95,1.95,1.95,1.95,1.95,1.95,1.95,2.95,,,1.95,,,0.4,7.95,7.95,,3.95,1.95,,,,,,,0.4,1.95,,0.4,3.95,,,7.95,,0.4,0.4,0.4,0.45,0.4,0.45,0.45,0.95,1.95,1.95,1.95,0.45,0.45,,,,,,,,,,1.95,1.95,1.95,1.95,1.95,1.95,,,,1.95,1.95,0.95,,,3.95,3.95,,0.45,0.45,0.45,1.95,1.95,1.95,1.95,1.95,1.95,,,1.95,,,,,0.45,,,,1.95,,,,1.95,0.4,0.4,1.95,,,,0.95,1.95,,0.45,0.45,1.95
118,10240200,,3.95,,,,,0.95,0.45,,,,3.95,3.95,,3.95,7.95,7.95,,,,,,,,,3.95,,1.95,0.45,,,0.4,,1.95,1.95,,,,1.45,1.95,0.45,,,,1.95,0.95,,,,,,0.45,,0.4,0.45,,,,,1.95,0.95,,,,,0.45,0.95,0.4,,,,0.4,1.95,1.95,,1.95,,,,,,0.4,,,,,3.95,3.95,1.95,1.95,2.95,1.95,1.95,1.95,1.95,1.95,1.95,2.95,,,1.95,,,0.4,7.95,7.95,,3.95,1.95,,,,,,,0.4,1.95,,0.4,3.95,,,7.95,,0.4,0.4,0.4,0.45,0.4,0.45,0.45,0.95,1.95,1.95,1.95,0.45,0.45,,,,,,,,,,1.95,1.95,1.95,1.95,1.95,1.95,,,,1.95,1.95,0.95,,,3.95,3.95,,0.45,0.45,0.45,1.95,1.95,1.95,1.95,1.95,1.95,,,1.95,,,,,0.45,,,,1.95,,,,1.95,0.4,0.4,1.95,,,,0.95,1.95,,0.45,0.45,1.95
118,10240260,,3.95,,,,,0.95,0.45,,,,3.95,3.95,,3.95,7.95,7.95,,,,,,,,,3.95,,1.95,0.45,,,0.4,,1.95,1.95,,,,1.45,1.95,0.45,,,,1.95,0.95,,,,,,0.45,,0.4,0.45,,,,,1.95,0.95,,,,,0.45,0.95,0.4,,,,0.4,1.95,1.95,,1.95,,,,,,0.4,,,,,3.95,3.95,1.95,1.95,2.95,1.95,1.95,1.95,1.95,1.95,1.95,2.95,,,1.95,,,0.4,7.95,7.95,,3.95,1.95,,,,,,,0.4,1.95,,0.4,3.95,,,7.95,,0.4,0.4,0.4,0.45,0.4,0.45,0.45,0.95,1.95,1.95,1.95,0.45,0.45,,,,,,,,,,1.95,1.95,1.95,1.95,1.95,1.95,,,,1.95,1.95,0.95,,,3.95,3.95,,0.45,0.45,0.45,1.95,1.95,1.95,1.95,1.95,1.95,,,1.95,,,,,0.45,,,,1.95,,,,1.95,0.4,0.4,1.95,,,,0.95,1.95,,0.45,0.45,1.95
118,10240320,,3.95,,,,,0.95,0.45,,,,3.95,3.95,,3.95,7.95,7.95,,,,,,,,,3.95,,1.95,0.45,,,0.4,,1.95,1.95,,,,1.45,1.95,0.45,,,,1.95,0.95,,,,,,0.45,,0.4,0.45,,,,,1.95,0.95,,,,,0.45,0.95,0.4,,,,0.4,1.95,1.95,,1.95,,,,,,0.4,,,,,3.95,3.95,1.95,1.95,2.95,1.95,1.95,1.95,1.95,1.95,1.95,2.95,,,1.95,,,0.4,7.95,7.95,,3.95,1.95,,,,,,,0.4,1.95,,0.4,3.95,,,7.95,,0.4,0.4,0.4,0.45,0.4,0.45,0.45,0.95,1.95,1.95,1.95,0.45,0.45,,,,,,,,,,1.95,1.95,1.95,1.95,1.95,1.95,,,,1.95,1.95,0.95,,,3.95,3.95,,0.45,0.45,0.45,1.95,1.95,1.95,1.95,1.95,1.95,,,1.95,,,,,0.45,,,,1.95,,,,1.95,0.4,0.4,1.95,,,,0.95,1.95,,0.45,0.45,1.95
118,10240380,,3.95,,,,,0.95,0.45,,,,3.95,3.95,,3.95,7.95,7.95,,,,,,,,,3.95,,1.95,0.45,,,0.4,,1.95,1.95,,,,1.45,1.95,0.45,,,,1.95,0.95,,,,,,0.45,,0.4,0.45,,,,,1.95,0.95,,,,,0.45,0.95,0.4,,,,0.4,1.95,1.95,,1.95,,,,,,0.4,,,,,3.95,3.95,1.95,1.95,2.95,1.95,1.95,1.95,1.95,1.95,1.95,2.95,,,1.95,,,0.4,7.95,7.95,,3.95,1.95,,,,,,,0.4,1.95,,0.4,3.95,,,7.95,,0.4,0.4,0.4,0.45,0.4,0.45,0.45,0.95,1.95,1.95,1.95,0.45,0.45,,,,,,,,,,1.95,1.95,1.95,1.95,1.95,1.95,,,,1.95,1.95,0.95,,,3.95,3.95,,0.45,0.45,0.45,1.95,1.95,1.95,1.95,1.95,1.95,,,1.95,,,,,0.45,,,,1.95,,,,1.95,0.4,0.4,1.95,,,,0.95,1.95,,0.45,0.45,1.95
118,10240440,,3.95,,,,,0.95,0.45,,,,3.95,3.95,,3.95,7.95,7.95,,,,,,,,,3.95,,1.95,0.45,,,0.4,,1.95,1.95,,,,1.45,1.95,0.45,,,,1.95,0.95,,,,,,0.45,,0.4,0.45,,,,,1.95,0.95,,,,,0.45,0.95,0.4,,,,0.4,1.95,1.95,,1.95,,,,,,0.4,,,,,3.95,3.95,1.95,1.95,2.95,1.95,1.95,1.95,1.95,1.95,1.95,2.95,,,1.95,,,0.4,7.95,7.95,,3.95,1.95,,,,,,,0.4,1.95,,0.4,3.95,,,7.95,,0.4,0.4,0.4,0.45,0.4,0.45,0.45,0.95,1.95,1.95,1.95,0.45,0.45,,,,,,,,,,1.95,1.95,1.95,1.95,1.95,1.95,,,,1.95,1.95,0.95,,,3.95,3.95,,0.45,0.45,0.45,1.95,1.95,1.95,1.95,1.95,1.95,,,1.95,,,,,0.45,,,,1.95,,,,1.95,0.4,0.4,1.95,,,,0.95,1.95,,0.45,0.45,1.95
118,10240500,,3.95,,,,,0.95,0.45,,,,3.95,3.95,,3.95,7.95,7.95,,,,,,,,,3.95,,1.95,0.45,,,0.4,,1.95,1.95,,,,1.45,1.95,0.45,,,,1.95,0.95,,,,,,0.45,,0.4,0.45,,,,,1.95,0.95,,,,,0.45,0.95,0.4,,,,0.4,1.95,1.95,,1.95,,,,,,0.4,,,,,3.95,3.95,1.95,1.95,2.95,1.95,1.95,1.95,1.95,1.95,1.95,2.95,,,1.95,,,0.4,7.95,7.95,,3.95,1.95,,,,,,,0.4,1.95,,0.4,3.95,,,7.95,,0.4,0.4,0.4,0.45,0.4,0.45,0.45,0.95,1.95,1.95,1.95,0.45,0.45,,,,,,,,,,1.95,1.95,1.95,1.95,1.95,1.95,,,,1.95,1.95,0.95,,,3.95,3.95,,0.45,0.45,0.45,1.95,1.95,1.95,1.95,1.95,1.95,,,1.95,,,,,0.45,,,,1.95,,,,1.95,0.4,0.4,1.95,,,,0.95,1.95,,0.45,0.45,1.95
118,10240560,,3.95,,,,,0.95,0.45,,,,3.95,3.95,,3.95,7.95,7.95,,,,,,,,,3.95,,1.95,0.45,,,0.4,,1.95,1.95,,,,1.45,1.95,0.45,,,,1.95,0.95,,,,,,0.45,,0.4,0.45,,,,,1.95,0.95,,,,,0.45,0.95,0.4,,,,0.4,1.95,1.95,,1.95,,,,,,0.4,,,,,3.95,3.95,1.95,1.95,2.95,1.95,1.95,1.95,1.95,1.95,1.95,2.95,,,1.95,,,0.4,7.95,7.95,,3.95,1.95,,,,,,,0.4,1.95,,0.4,3.95,,,7.95,,0.4,0.4,0.4,0.45,0.4,0.45,0.45,0.95,1.95,1.95,1.95,0.45,0.45,,,,,,,,,,1.95,1.95,1.95,1.95,1.95,1.95,,,,1.95,1.95,0.95,,,3.95,3.95,,0.45,0.45,0.45,1.95,1.95,1.95,1.95,1.95,1.95,,,1.95,,,,,0.45,,,,1.95,,,,1.95,0.4,0.4,1.95,,,,0.95,1.95,,0.45,0.45,1.95
118,10240620,,3.95,,,,,0.95,0.45,,,,3.95,3.95,,3.95,7.95,7.95,,,,,,,,,3.95,,1.95,0.45,,,0.4,,1.95,1.95,,,,1.45,1.95,0.45,,,,1.95,0.95,,,,,,0.45,,0.4,0.45,,,,,1.95,0.95,,,,,0.45,0.95,0.4,,,,0.4,1.95,1.95,,1.95,,,,,,0.4,,,,,3.95,3.95,1.95,1.95,2.95,1.95,1.95,1.95,1.95,1.95,1.95,2.95,,,1.95,,,0.4,7.95,7.95,,3.95,1.95,,,,,,,0.4,1.95,,0.4,3.95,,,7.95,,0.4,0.4,0.4,0.45,0.4,0.45,0.45,0.95,1.95,1.95,1.95,0.45,0.45,,,,,,,,,,1.95,1.95,1.95,1.95,1.95,1.95,,,,1.95,1.95,0.95,,,3.95,3.95,,0.45,0.45,0.45,1.95,1.95,1.95,1.95,1.95,1.95,,,1.95,,,,,0.45,,,,1.95,,,,1.95,0.4,0.4,1.95,,,,0.95,1.95,,0.45,0.45,1.95
118,10240680,,3.95,,,,,0.95,0.45,,,,3.95,3.95,,3.95,7.95,7.95,,,,,,,,,3.95,,1.95,0.45,,,0.4,,1.95,1.95,,,,1.45,1.95,0.45,,,,1.95,0.95,,,,,,0.45,,0.4,0.45,,,,,1.95,0.95,,,,,0.45,0.95,0.4,,,,0.4,1.95,1.95,,1.95,,,,,,0.4,,,,,3.95,3.95,1.95,1.95,2.95,1.95,1.95,1.95,1.95,1.95,1.95,2.95,,,1.95,,,0.4,7.95,7.95,,3.95,1.95,,,,,,,0.4,1.95,,0.4,3.95,,,7.95,,0.4,0.4,0.4,0.45,0.4,0.45,0.45,0.95,1.95,1.95,1.95,0.45,0.45,,,,,,,,,,1.95,1.95,1.95,1.95,1.95,1.95,,,,1.95,1.95,0.95,,,3.95,3.95,,0.45,0.45,0.45,1.95,1.95,1.95,1.95,1.95,1.95,,,1.95,,,,,0.45,,,,1.95,,,,1.95,0.4,0.4,1.95,,,,0.95,1.95,,0.45,0.45,1.95
118,10240740,,3.95,,,,,0.95,0.45,,,,3.95,3.95,,3.95,7.95,7.95,,,,,,,,,3.95,,1.95,0.45,,,0.4,,1.95,1.95,,,,1.45,1.95,0.45,,,,1.95,0.95,,,,,,0.45,,0.4,0.45,,,,,1.95,0.95,,,,,0.45,0.95,0.4,,,,0.4,1.95,1.95,,1.95,,,,,,0.4,,,,,3.95,3.95,1.95,1.95,2.95,1.95,1.95,1.95,1.95,1.95,1.95,2.95,,,1.95,,,0.4,7.95,7.95,,3.95,1.95,,,,,,,0.4,1.95,,0.4,3.95,,,7.95,,0.4,0.4,0.4,0.45,0.4,0.45,0.45,0.95,1.95,1.95,1.95,0.45,0.45,,,,,,,,,,1.95,1.95,1.95,1.95,1.95,1.95,,,,1.95,1.95,0.95,,,3.95,3.95,,0.45,0.45,0.45,1.95,1.95,1.95,1.95,1.95,1.95,,,1.95,,,,,0.45,,,,1.95,,,,1.95,0.4,0.4,1.95,,,,0.95,1.95,,0.45,0.45,1.95
118,10240800,,3.95,,,,,0.95,0.45,,,,3.95,3.95,,3.95,7.95,7.95,,,,,,,,,3.95,,1.95,0.45,,,0.4,,1.95,1.95,,,,1.45,1.95,0.45,,,,1.95,0.95,,,,,,0.45,,0.4,0.45,,,,,1.95,0.95,,,,,0.45,0.95,0.4,,,,0.4,1.95,1.95,,1.95,,,,,,0.4,,,,,3.95,3.95,1.95,1.95,2.95,1.95,1.95,1.95,1.95,1.95,1.95,2.95,,,1.95,,,0.4,7.95,7.95,,3.95,1.95,,,,,,,0.4,1.95,,0.4,3.95,,,7.95,,0.4,0.4,0.4,0.45,0.4,0.45,0.45,0.95,1.95,1.95,1.95,0.45,0.45,,,,,,,,,,1.95,1.95,1.95,1.95,1.95,1.95,,,,1.95,1.95,0.95,,,3.95,3.95,,0.45,0.45,0.45,1.95,1.95,1.95,1.95,1.95,1.95,,,1.95,,,,,0.45,,,,1.95,,,,1.95,0.4,0.4,1.95,,,,0.95,1.95,,0.45,0.45,1.95
118,10240860,,3.95,,,,,0.95,0.45,,,,3.95,3.95,,3.95,7.95,7.95,,,,,,,,,3.95,,1.95,0.45,,,0.4,,1.95,1.95,,,,1.45,1.95,0.45,,,,1.95,0.95,,,,,,0.45,,0.4,0.45,,,,,1.95,0.95,,,,,0.45,0.95,0.4,,,,0.4,1.95,1.95,,1.95,,,,,,0.4,,,,,3.95,3.95,1.95,1.95,2.95,1.95,1.95,1.95,1.95,1.95,1.95,2.95,,,1.95,,,0.4,7.95,7.95,,3.95,1.95,,,,,,,0.4,1.95,,0.4,3.95,,,7.95,,0.4,0.4,0.4,0.45,0.4,0.45,0.45,0.95,1.95,1.95,1.95,0.45,0.45,,,,,,,,,,1.95,1.95,1.95,1.95,1.95,1.95,,,,1.95,1.95,0.95,,,3.95,3.95,,0.45,0.45,0.45,1.95,1.95,1.95,1.95,1.95,1.95,,,1.95,,,,,0.45,,,,1.95,,,,1.95,0.4,0.4,1.95,,,,0.95,1.95,,0.45,0.45,1.95
118,10240920,,3.95,,,,,0.95,0.45,,,,3.95,3.95,,3.95,7.95,7.95,,,,,,,,,3.95,,1.95,0.45,,,0.4,,1.95,1.95,,,,1.45,1.95,0.45,,,,1.95,0.95,,,,,,0.45,,0.4,0.45,,,,,1.95,0.95,,,,,0.45,0.95,0.4,,,,0.4,1.95,1.95,,1.95,,,,,,0.4,,,,,3.95,3.95,1.95,1.95,2.95,1.95,1.95,1.95,1.95,1.95,1.95,2.95,,,1.95,,,0.4,7.95,7.95,,3.95,1.95,,,,,,,0.4,1.95,,0.4,3.95,,,7.95,,0.4,0.4,0.4,0.45,0.4,0.45,0.45,0.95,1.95,1.95,1.95,0.45,0.45,,,,,,,,,,1.95,1.95,1.95,1.95,1.95,1.95,,,,1.95,1.95,0.95,,,3.95,3.95,,0.45,0.45,0.45,1.95,1.95,1.95,1.95,1.95,1.95,,,1.95,,,,,0.45,,,,1.95,,,,1.95,0.4,0.4,1.95,,,,0.95,1.95,,0.45,0.45,1.95
118,10240980,,3.95,,,,,0.95,0.45,,,,3.95,3.95,,3.95,7.95,7.95,,,,,,,,,3.95,,1.95,0.45,,,0.4,,1.95,1.95,,,,1.617,1.95,0.45,,,,1.95,0.95,,,,,,0.45,,0.4,0.45,,,,,1.95,0.95,,,,,0.45,0.95,0.4,,,,0.4,1.95,1.95,,1.95,,,,,,0.4,,,,,3.95,3.95,1.95,1.95,2.95,1.95,1.95,1.95,1.95,1.95,1.95,2.95,,,1.95,,,0.4,7.95,7.95,,3.95,1.95,,,,,,,0.4,1.95,,0.4,3.95,,,7.95,,0.4,0.4,0.4,0.45,0.4,0.45,0.45,0.95,1.95,1.95,1.95,0.45,0.45,,,,,,,,,,1.95,1.95,1.95,1.95,1.95,1.95,,,,1.95,1.95,0.95,,,3.95,3.95,,0.45,0.45,0.45,1.95,1.95,1.95,1.95,1.95,1.95,,,1.95,,,,,0.45,,,,1.95,,,,1.95,0.4,0.4,1.95,,,,0.95,1.95,,0.45,0.45,1.95
118,10241040,,3.95,,,,,0.95,0.45,,,,3.95,3.95,,3.95,7.95,7.95,,,,,,,,,3.95,,1.95,0.45,,,0.4,,1.95,1.95,,,,1.45,1.95,0.45,,,,1.95,0.95,,,,,,0.45,,0.4,0.45,,,,,1.95,0.95,,,,,0.45,0.95,0.4,,,,0.4,1.95,1.95,,1.95,,,,,,0.4,,,,,3.95,3.95,1.95,1.95,2.95,1.95,1.95,1.95,1.95,1.95,1.95,2.95,,,1.95,,,0.4,7.95,7.95,,3.95,1.95,,,,,,,0.4,1.95,,0.4,3.95,,,7.95,,0.4,0.4,0.4,0.45,0.4,0.45,0.45,0.95,1.95,1.95,1.95,0.45,0.45,,,,,,,,,,1.95,1.95,1.95,1.95,1.95,1.95,,,,1.95,1.95,0.95,,,3.95,3.95,,0.45,0.45,0.45,1.95,1.95,1.95,1.95,1.95,1.95,,,1.95,,,,,0.45,,,,1.95,,,,1.95,0.4,0.4,1.95,,,,0.95,1.95,,0.45,0.45,1.95
118,10241100,,3.95,,,,,0.95,0.45,,,,3.95,3.95,,3.95,7.95,7.95,,,,,,,,,3.95,,1.95,0.45,,,0.4,,1.95,1.95,,,,1.45,1.95,0.45,,,,1.95,0.95,,,,,,0.45,,0.4,0.45,,,,,1.95,0.95,,,,,0.45,0.95,0.4,,,,0.4,1.95,1.95,,1.95,,,,,,0.4,,,,,3.95,3.95,1.95,1.95,2.95,1.95,1.95,1.95,1.95,1.95,1.95,2.95,,,1.95,,,0.4,7.95,7.95,,3.95,1.95,,,,,,,0.4,1.95,,0.4,3.95,,,7.95,,0.4,0.4,0.4,0.45,0.4,0.45,0.45,0.95,1.95,1.95,1.95,0.45,0.45,,,,,,,,,,1.95,1.95,1.95,1.95,1.95,1.95,,,,1.95,1.95,0.95,,,3.95,3.95,,0.45,0.45,0.45,1.95,1.95,1.95,1.95,1.95,1.95,,,1.95,,,,,0.45,,,,1.95,,,,1.95,0.4,0.4,1.95,,,,0.95,1.95,,0.45,0.45,1.95
118,10241160,,3.95,,,,,0.95,0.45,,,,3.95,3.95,,3.95,7.95,7.95,,,,,,,,,3.95,,1.95,0.45,,,0.4,,1.95,1.95,,,,1.617,1.95,0.45,,,,1.95,0.95,,,,,,0.45,,0.4,0.45,,,,,1.95,0.95,,,,,0.45,0.95,0.4,,,,0.4,1.95,1.95,,1.95,,,,,,0.4,,,,,3.95,3.95,1.95,1.95,2.95,1.95,1.95,1.95,1.95,1.95,1.95,2.95,,,1.95,,,0.4,7.95,7.95,,3.95,1.95,,,,,,,0.4,1.95,,0.4,3.95,,,7.95,,0.4,0.4,0.4,0.45,0.4,0.45,0.45,0.95,1.95,1.95,1.95,0.45,0.45,,,,,,,,,,1.95,1.95,1.95,1.95,1.95,1.95,,,,1.95,1.95,0.95,,,3.95,3.95,,0.45,0.45,0.45,1.95,1.95,1.95,1.95,1.95,1.95,,,1.95,,,,,0.45,,,,1.95,,,,1.95,0.4,0.4,1.95,,,,0.95,1.95,,0.45,0.45,1.95
118,10241220,,3.95,,,,,0.95,0.45,,,,3.95,3.95,,3.95,7.95,7.95,,,,,,,,,3.95,,1.95,0.45,,,0.4,,1.95,1.95,,,,1.45,1.95,0.45,,,,1.95,0.95,,,,,,0.45,,0.4,0.45,,,,,1.95,0.95,,,,,0.45,0.95,0.4,,,,0.4,1.95,1.95,,1.95,,,,,,0.4,,,,,3.95,3.95,1.95,1.95,2.95,1.95,1.95,1.95,1.95,1.95,1.95,2.95,,,1.95,,,0.4,7.95,7.95,,3.95,1.95,,,,,,,0.4,1.95,,0.4,3.95,,,7.95,,0.4,0.4,0.4,0.45,0.4,0.45,0.45,0.95,1.95,1.95,1.95,0.45,0.45,,,,,,,,,,1.95,1.95,1.95,1.95,1.95,1.95,,,,1.95,1.95,0.95,,,3.95,3.95,,0.45,0.45,0.45,1.95,1.95,1.95,1.95,1.95,1.95,,,1.95,,,,,0.45,,,,1.95,,,,1.95,0.4,0.4,1.95,,,,0.95,1.95,,0.45,0.45,1.95
118,10241280,,3.95,,,,,0.95,0.45,,,,3.95,3.95,,3.95,7.95,7.95,,,,,,,,,3.95,,1.95,0.45,,,0.4,,1.95,1.95,,,,1.45,1.95,0.45,,,,1.95,0.95,,,,,,0.45,,0.4,0.45,,,,,1.95,0.95,,,,,0.45,0.95,0.4,,,,0.4,1.95,1.95,,1.95,,,,,,0.4,,,,,3.95,3.95,1.95,1.95,2.95,1.95,1.95,1.95,1.95,1.95,1.95,2.95,,,1.95,,,0.4,7.95,7.95,,3.95,1.95,,,,,,,0.4,1.95,,0.4,3.95,,,7.95,,0.4,0.4,0.4,0.45,0.4,0.45,0.45,0.95,1.95,1.95,1.95,0.45,0.45,,,,,,,,,,1.95,1.95,1.95,1.95,1.95,1.95,,,,1.95,1.95,0.95,,,3.95,3.95,,0.45,0.45,0.45,1.95,1.95,1.95,1.95,1.95,1.95,,,1.95,,,,,0.45,,,,1.95,,,,1.95,0.4,0.4,1.95,,,,0.95,1.95,,0.45,0.45,1.95
118,10241340,,3.95,,,,,0.95,0.45,,,,3.95,3.95,,3.95,7.95,7.95,,,,,,,,,3.95,,1.95,0.45,,,0.4,,1.95,1.95,,,,1.45,1.95,0.45,,,,1.95,0.95,,,,,,0.45,,0.4,0.45,,,,,1.95,0.95,,,,,0.45,0.95,0.4,,,,0.4,1.95,1.95,,1.95,,,,,,0.4,,,,,3.95,3.95,1.95,1.95,2.95,1.95,1.95,1.95,1.95,1.95,1.95,2.95,,,1.95,,,0.4,7.95,7.95,,3.95,1.95,,,,,,,0.4,1.95,,0.4,3.95,,,7.95,,0.4,0.4,0.4,0.45,0.4,0.45,0.45,0.95,1.95,1.95,1.95,0.45,0.45,,,,,,,,,,1.95,1.95,1.95,1.95,1.95,1.95,,,,1.95,1.95,0.95,,,3.95,3.95,,0.45,0.45,0.45,1.95,1.95,1.95,1.95,1.95,1.95,,,1.95,,,,,0.45,,,,1.95,,,,1.95,0.4,0.4,1.95,,,,0.95,1.95,,0.45,0.45,1.95
118,10241400,,3.95,,,,,0.95,0.45,,,,3.95,3.95,,3.95,7.95,7.95,,,,,,,,,3.95,,1.95,0.45,,,0.4,,1.95,1.95,,,,1.45,1.95,0.45,,,,1.95,0.95,,,,,,0.45,,0.4,0.45,,,,,1.95,0.95,,,,,0.45,0.95,0.4,,,,0.4,1.95,1.95,,1.95,,,,,,0.4,,,,,3.95,3.95,1.95,1.95,2.95,1.95,1.95,1.95,1.95,1.95,1.95,2.95,,,1.95,,,0.4,7.95,7.95,,3.95,1.95,,,,,,,0.4,1.95,,0.4,3.95,,,7.95,,0.4,0.4,0.4,0.45,0.4,0.45,0.45,0.95,1.95,1.95,1.95,0.45,0.45,,,,,,,,,,1.95,1.95,1.95,1.95,1.95,1.95,,,,1.95,1.95,0.95,,,3.95,3.95,,0.45,0.45,0.45,1.95,1.95,1.95,1.95,1.95,1.95,,,1.95,,,,,0.45,,,,1.95,,,,1.95,0.4,0.4,1.95,,,,0.95,1.95,,0.45,0.45,1.95
118,10241460,,3.95,,,,,0.95,0.45,,,,3.95,3.95,,3.95,7.95,7.95,,,,,,,,,3.95,,1.95,0.45,,,0.4,,1.95,1.95,,,,1.45,1.95,0.45,,,,1.95,0.95,,,,,,0.45,,0.4,0.45,,,,,1.95,0.95,,,,,0.45,0.95,0.4,,,,0.4,1.95,1.95,,1.95,,,,,,0.4,,,,,3.95,3.95,1.95,1.95,2.95,1.95,1.95,1.95,1.95,1.95,1.95,2.95,,,1.95,,,0.4,7.95,7.95,,3.95,1.95,,,,,,,0.4,1.95,,0.4,3.95,,,7.95,,0.4,0.4,0.4,0.45,0.4,0.45,0.45,0.95,1.95,1.95,1.95,0.45,0.45,,,,,,,,,,1.95,1.95,1.95,1.95,1.95,1.95,,,,1.95,1.95,0.95,,,3.95,3.95,,0.45,0.45,0.45,1.95,1.95,1.95,1.95,1.95,1.95,,,1.95,,,,,0.45,,,,1.95,,,,1.95,0.4,0.4,1.95,,,,0.95,1.95,,0.45,0.45,1.95
118,10241520,,3.95,,,,,0.95,0.45,,,,3.95,3.95,,3.95,7.95,7.95,,,,,,,,,3.95,,1.95,0.45,,,0.4,,1.95,1.95,,,,1.45,1.95,0.45,,,,1.95,0.95,,,,,,0.45,,0.4,0.45,,,,,1.95,0.95,,,,,0.45,0.95,0.4,,,,0.4,1.95,1.95,,1.95,,,,,,0.4,,,,,3.95,3.95,1.95,1.95,2.95,1.95,1.95,1.95,1.95,1.95,1.95,2.95,,,1.95,,,0.4,7.95,7.95,,3.95,1.95,,,,,,,0.4,1.95,,0.4,3.95,,,7.95,,0.4,0.4,0.4,0.45,0.4,0.45,0.45,0.95,1.95,1.95,1.95,0.45,0.45,,,,,,,,,,1.95,1.95,1.95,1.95,1.95,1.95,,,,1.95,1.95,0.95,,,3.95,3.95,,0.45,0.45,0.45,1.95,1.95,1.95,1.95,1.95,1.95,,,1.95,,,,,0.45,,,,1.95,,,,1.95,0.4,0.4,1.95,,,,0.95,1.95,,0.45,0.45,1.95
118,10241580,,3.95,,,,,0.95,0.45,,,,3.95,3.95,,3.95,7.95,7.95,,,,,,,,,3.95,,1.95,0.45,,,0.4,,1.95,1.95,,,,1.45,1.95,0.45,,,,1.95,0.95,,,,,,0.45,,0.4,0.45,,,,,1.95,0.95,,,,,0.45,0.95,0.4,,,,0.4,1.95,1.95,,1.95,,,,,,0.4,,,,,3.95,3.95,1.95,1.95,2.95,1.95,1.95,1.95,1.95,1.95,1.95,2.95,,,1.95,,,0.4,7.95,7.95,,3.95,1.95,,,,,,,0.4,1.95,,0.4,3.95,,,7.95,,0.4,0.4,0.4,0.45,0.4,0.45,0.45,0.95,1.95,1.95,1.95,0.45,0.45,,,,,,,,,,1.95,1.95,1.95,1.95,1.95,1.95,,,,1.95,1.95,0.95,,,3.95,3.95,,0.45,0.45,0.45,1.95,1.95,1.95,1.95,1.95,1.95,,,1.95,,,,,0.45,,,,1.95,,,,1.95,0.4,0.4,1.95,,,,0.95,1.95,,0.45,0.45,1.95
118,10241640,,3.95,,,,,0.95,0.45,,,,3.95,3.95,,3.95,7.95,7.95,,,,,,,,,3.95,,1.95,0.45,,,0.4,,1.95,1.95,,,,1.45,1.95,0.45,,,,1.95,0.95,,,,,,0.45,,0.4,0.45,,,,,1.95,0.95,,,,,0.45,0.95,0.4,,,,0.4,1.95,1.95,,1.95,,,,,,0.4,,,,,3.95,3.95,1.95,1.95,2.95,1.95,1.95,1.95,1.95,1.95,1.95,2.95,,,1.95,,,0.4,7.95,7.95,,3.95,1.95,,,,,,,0.4,1.95,,0.4,3.95,,,7.95,,0.4,0.4,0.4,0.45,0.4,0.45,0.45,0.95,1.95,1.95,1.95,0.45,0.45,,,,,,,,,,1.95,1.95,1.95,1.95,1.95,1.95,,,,1.95,1.95,0.95,,,3.95,3.95,,0.45,0.45,0.45,1.95,1.95,1.95,1.95,1.95,1.95,,,1.95,,,,,0.45,,,,1.95,,,,1.95,0.4,0.4,1.95,,,,0.95,1.95,,0.45,0.45,1.95
118,10241700,,3.95,,,,,0.95,0.45,,,,3.95,3.95,,3.95,7.95,7.95,,,,,,,,,3.95,,1.95,0.45,,,0.4,,1.95,1.95,,,,1.45,1.95,0.45,,,,1.95,0.95,,,,,,0.45,,0.4,0.45,,,,,1.95,0.95,,,,,0.45,0.95,0.4,,,,0.4,1.95,1.95,,1.95,,,,,,0.4,,,,,3.95,3.95,1.95,1.95,2.95,1.95,1.95,1.95,1.95,1.95,1.95,2.95,,,1.95,,,0.4,7.95,7.95,,3.95,1.95,,,,,,,0.4,1.95,,0.4,3.95,,,7.95,,0.4,0.4,0.4,0.45,0.4,0.45,0.45,0.95,1.95,1.95,1.95,0.45,0.45,,,,,,,,,,1.95,1.95,1.95,1.95,1.95,1.95,,,,1.95,1.95,0.95,,,3.95,3.95,,0.45,0.45,0.45,1.95,1.95,1.95,1.95,1.95,1.95,,,1.95,,,,,0.45,,,,1.95,,,,1.95,0.4,0.4,1.95,,,,0.95,1.95,,0.45,0.45,1.95
118,10241760,,3.95,,,,,0.95,0.45,,,,3.95,3.95,,3.95,7.95,7.95,,,,,,,,,3.95,,1.95,0.45,,,0.4,,1.95,1.95,,,,1.45,1.95,0.45,,,,1.95,0.95,,,,,,0.45,,0.4,0.45,,,,,1.95,0.95,,,,,0.45,0.95,0.4,,,,0.4,1.95,1.95,,1.95,,,,,,0.4,,,,,3.95,3.95,1.95,1.95,2.95,1.95,1.95,1.95,1.95,1.95,1.95,2.95,,,1.95,,,0.4,7.95,7.95,,3.95,1.95,,,,,,,0.4,1.95,,0.4,3.95,,,7.95,,0.4,0.4,0.4,0.45,0.4,0.45,0.45,0.95,1.95,1.95,1.95,0.45,0.45,,,,,,,,,,1.95,1.95,1.95,1.95,1.95,1.95,,,,1.95,1.95,0.95,,,3.95,3.95,,0.45,0.45,0.45,1.95,1.95,1.95,1.95,1.95,1.95,,,1.95,,,,,0.45,,,,1.95,,,,1.95,0.4,0.4,1.95,,,,0.95,1.95,,0.45,0.45,1.95
118,10241820,,3.95,,,,,0.95,0.45,,,,3.95,3.95,,3.95,7.95,7.95,,,,,,,,,3.95,,1.95,0.45,,,0.4,,1.95,1.95,,,,1.45,1.95,0.45,,,,1.95,0.95,,,,,,0.45,,0.4,0.45,,,,,1.95,0.95,,,,,0.45,0.95,0.4,,,,0.4,1.95,1.95,,1.95,,,,,,0.4,,,,,3.95,3.95,1.95,1.95,2.95,1.95,1.95,1.95,1.95,1.95,1.95,2.95,,,1.95,,,0.4,7.95,7.95,,3.95,1.95,,,,,,,0.4,1.95,,0.4,3.95,,,7.95,,0.4,0.4,0.4,0.45,0.4,0.45,0.45,0.95,1.95,1.95,1.95,0.45,0.45,,,,,,,,,,1.95,1.95,1.95,1.95,1.95,1.95,,,,1.95,1.95,0.95,,,3.95,3.95,,0.45,0.45,0.45,1.95,1.95,1.95,1.95,1.95,1.95,,,1.95,,,,,0.45,,,,1.95,,,,1.95,0.4,0.4,1.95,,,,0.95,1.95,,0.45,0.45,1.95
118,10241880,,3.95,,,,,0.95,0.45,,,,3.95,3.95,,3.95,7.95,7.95,,,,,,,,,3.95,,1.95,0.45,,,0.4,,1.95,1.95,,,,1.45,1.95,0.45,,,,1.95,0.95,,,,,,0.45,,0.4,0.45,,,,,1.95,0.95,,,,,0.45,0.95,0.4,,,,0.4,1.95,1.95,,1.95,,,,,,0.4,,,,,3.95,3.95,1.95,1.95,2.95,1.95,1.95,1.95,1.95,1.95,1.95,2.95,,,1.95,,,0.4,7.95,7.95,,3.95,1.95,,,,,,,0.4,1.95,,0.4,3.95,,,7.95,,0.4,0.4,0.4,0.45,0.4,0.45,0.45,0.95,1.95,1.95,1.95,0.45,0.45,,,,,,,,,,1.95,1.95,1.95,1.95,1.95,1.95,,,,1.95,1.95,0.95,,,3.95,3.95,,0.45,0.45,0.45,1.95,1.95,1.95,1.95,1.95,1.95,,,1.95,,,,,0.45,,,,1.95,,,,1.95,0.4,0.4,1.95,,,,0.95,1.95,,0.45,0.45,1.95
118,10241940,,3.95,,,,,0.95,0.45,,,,3.95,3.95,,3.95,7.95,7.95,,,,,,,,,3.95,,1.95,0.45,,,0.4,,1.95,1.95,,,,1.45,1.95,0.45,,,,1.95,0.95,,,,,,0.45,,0.4,0.45,,,,,1.95,0.95,,,,,0.45,0.95,0.4,,,,0.4,1.95,1.95,,1.95,,,,,,0.4,,,,,3.95,3.95,1.95,1.95,2.95,1.95,1.95,1.95,1.95,1.95,1.95,2.95,,,1.95,,,0.4,7.95,7.95,,3.95,1.95,,,,,,,0.4,1.95,,0.4,3.95,,,7.95,,0.4,0.4,0.4,0.45,0.4,0.45,0.45,0.95,1.95,1.95,1.95,0.45,0.45,,,,,,,,,,1.95,1.95,1.95,1.95,1.95,1.95,,,,1.95,1.95,0.95,,,3.95,3.95,,0.45,0.45,0.45,1.95,1.95,1.95,1.95,1.95,1.95,,,1.95,,,,,0.45,,,,1.95,,,,1.95,0.4,0.4,1.95,,,,0.95,1.95,,0.45,0.45,1.95
118,10242000,,,,,,,,,,,,,,,,,,,,,,,,,,,,,,,,,,,,,,,,,,,,,,,,,,,,,,,,,,,,,,,,,,,,,,,,,,,,,,,,,,,,,,,,,,,,,,,,,,,,,,,,,,,,,,,,,,,,,,,,,,,,,,,,,,,,,,,,,,,,,,,,,,,,,,,,,,,,,,,,,,,,,,,,,,,,,,,,,,,,,,,,,,,,,,,,,,,,,,,,
118,10242060,,,,,,,,,,,,,,,,,,,,,,,,,,,,,,,,,,,,,,,,,,,,,,,,,,,,,,,,,,,,,,,,,,,,,,,,,,,,,,,,,,,,,,,,,,,,,,,,,,,,,,,,,,,,,,,,,,,,,,,,,,,,,,,,,,,,,,,,,,,,,,,,,,,,,,,,,,,,,,,,,,,,,,,,,,,,,,,,,,,,,,,,,,,,,,,,,,,,,,,,
118,10242120,,,,,,,,,,,,,,,,7.95,7.95,,,,,,,,,,,,,,,,,,,,,,1.45,,,,,,,,,,,,,,,,0.45,,,,,,,,,,,,0.95,,,,,,,,,,,,,,,,,,,,,,,,,,,,,,,,,,,,,,,,,,,,,,,,,,,,,3.95,,,,,,,,,,,0.45,0.95,,,,,,,,,,,,,,,1.95,,,,,,,,,,,,,,3.95,3.95,,,,0.45,,,1.95,,,,,,,,,,,,,,,,,,,1.95,,,,,,,0.95,1.95,,,,1.95
118,10242180,,3.95,,,,,0.95,0.45,,,,3.95,3.95,,5.95,7.95,7.95,,,,,,,,,3.95,,1.95,0.45,,,0.4,,1.95,1.95,,,,1.45,1.95,0.45,,,,1.95,0.95,,,,,,0.45,,0.4,0.45,,,,,1.95,0.95,,,,,0.45,0.95,0.4,,,,0.4,1.95,1.95,,1.95,,,,,,0.4,,,,,3.95,3.95,1.95,1.95,2.95,1.95,1.95,1.95,1.95,1.95,1.95,2.95,,,1.95,,,0.4,7.95,7.95,,3.95,1.95,,,,,,,0.4,1.95,,0.4,3.95,,,7.95,,0.4,0.4,0.4,0.45,0.4,0.45,0.45,0.95,1.95,1.95,1.95,0.45,0.45,,,,,,,,,,1.95,1.95,1.95,1.95,1.95,1.95,,,,1.95,1.95,0.95,,,3.95,3.95,,0.45,0.45,0.45,1.95,1.95,1.95,1.95,1.95,1.95,,,1.95,,,,,0.45,,,,1.95,,,,1.95,0.4,0.4,1.95,,,,0.95,1.95,,0.45,0.45,1.95
118,10242240,,3.95,,,,,0.95,0.45,,,,3.95,3.95,,4.75,7.95,7.95,,,,,,,,,3.95,,1.95,0.45,,,0.4,,1.95,1.95,,,,1.45,1.95,0.45,,,,1.95,0.95,,,,,,0.45,,0.4,0.45,,,,,1.95,0.95,,,,,0.45,0.95,0.4,,,,0.4,1.95,1.95,,1.95,,,,,,0.4,,,,,3.95,3.95,1.95,1.95,2.95,1.95,1.95,1.95,1.95,1.95,1.95,2.95,,,1.95,,,0.4,7.95,7.95,,3.95,1.95,,,,,,,0.4,1.95,,0.4,3.95,,,7.95,,0.4,0.4,0.4,0.45,0.4,0.45,0.45,0.95,1.95,1.95,1.95,0.45,0.45,,,,,,,,,,1.95,1.95,1.95,1.95,1.95,1.95,,,,1.95,1.95,0.95,,,3.95,3.95,,0.45,0.45,0.45,1.95,1.95,1.95,1.95,1.95,1.95,,,1.95,,,,,0.45,,,,1.95,,,,1.95,0.4,0.4,1.95,,,,0.95,1.95,,0.45,0.45,1.95
118,10242300,,3.95,,,,,0.95,0.45,,,,3.95,3.95,,3.95,7.95,7.95,,,,,,,,,3.95,,1.95,0.45,,,0.4,,1.95,1.95,,,,1.45,1.95,0.45,,,,1.95,0.95,,,,,,0.45,,0.4,0.45,,,,,1.95,0.95,,,,,0.45,0.95,0.4,,,,0.4,1.95,1.95,,1.95,,,,,,0.4,,,,,3.95,3.95,1.95,1.95,2.95,1.95,1.95,1.95,1.95,1.95,1.95,2.95,,,1.95,,,0.4,7.95,7.95,,3.95,1.95,,,,,,,0.4,1.95,,0.4,3.95,,,7.95,,0.4,0.4,0.4,0.45,0.4,0.45,0.45,0.95,1.95,1.95,1.95,0.45,0.45,,,,,,,,,,1.95,1.95,1.95,1.95,1.95,1.95,,,,1.95,1.95,0.95,,,3.95,3.95,,0.45,0.45,0.45,1.95,1.95,1.95,1.95,1.95,1.95,,,1.95,,,,,0.45,,,,1.95,,,,1.95,0.4,0.4,1.95,,,,0.95,1.95,,0.45,0.45,1.95
118,10242360,,3.95,,,,,0.95,0.45,,,,3.95,3.95,,3.95,7.95,7.95,,,,,,,,,3.95,,1.95,0.45,,,0.4,,1.95,1.95,,,,1.45,1.95,0.45,,,,1.95,0.95,,,,,,0.45,,0.4,0.45,,,,,1.95,0.95,,,,,0.45,0.95,0.4,,,,0.4,1.95,1.95,,1.95,,,,,,0.4,,,,,3.95,3.95,1.95,1.95,2.95,1.95,1.95,1.95,1.95,1.95,1.95,2.95,,,1.95,,,0.4,7.95,7.95,,3.95,1.95,,,,,,,0.4,1.95,,0.4,3.95,,,7.95,,0.4,0.4,0.4,0.45,0.4,0.45,0.45,0.95,1.95,1.95,1.95,0.45,0.45,,,,,,,,,,1.95,1.95,1.95,1.95,1.95,1.95,,,,1.95,1.95,0.95,,,3.95,3.95,,0.45,0.45,0.45,1.95,1.95,1.95,1.95,1.95,1.95,,,1.95,,,,,0.45,,,,1.95,,,,1.95,0.4,0.4,1.95,,,,0.95,1.95,,0.45,0.45,1.95
118,10242420,,3.95,,,,,0.95,0.45,,,,3.95,3.95,,3.95,7.95,7.95,,,,,,,,,3.95,,1.95,0.45,,,0.4,,1.95,1.95,,,,1.45,1.95,0.45,,,,1.95,0.95,,,,,,0.45,,0.4,0.45,,,,,1.95,0.95,,,,,0.45,0.95,0.4,,,,0.4,1.95,1.95,,1.95,,,,,,0.4,,,,,3.95,3.95,1.95,1.95,2.95,1.95,1.95,1.95,1.95,1.95,1.95,2.95,,,1.95,,,0.4,7.95,7.95,,3.95,1.95,,,,,,,0.4,1.95,,0.4,3.95,,,7.95,,0.4,0.4,0.4,0.45,0.4,0.45,0.45,0.95,1.95,1.95,1.95,0.45,0.45,,,,,,,,,,1.95,1.95,1.95,1.95,1.95,1.95,,,,1.95,1.95,0.95,,,3.95,3.95,,0.45,0.45,0.45,1.95,1.95,1.95,1.95,1.95,1.95,,,1.95,,,,,0.45,,,,1.95,,,,1.95,0.4,0.4,1.95,,,,0.95,1.95,,0.45,0.45,1.95
118,10242480,,3.95,,,,,0.95,0.45,,,,3.95,3.95,,3.95,7.95,7.95,,,,,,,,,3.95,,1.95,0.45,,,0.4,,1.95,1.95,,,,1.45,1.95,0.45,,,,1.95,0.95,,,,,,0.45,,0.4,0.45,,,,,1.95,0.95,,,,,0.45,0.95,0.4,,,,0.4,1.95,1.95,,1.95,,,,,,0.4,,,,,3.95,3.95,1.95,1.95,2.95,1.95,1.95,1.95,1.95,1.95,1.95,2.95,,,1.95,,,0.4,7.95,7.95,,3.95,1.95,,,,,,,0.4,1.95,,0.4,3.95,,,7.95,,0.4,0.4,0.4,0.45,0.4,0.45,0.45,0.95,1.95,1.95,1.95,0.45,0.45,,,,,,,,,,1.95,1.95,1.95,1.95,1.95,1.95,,,,1.95,1.95,0.95,,,3.95,3.95,,0.45,0.45,0.45,1.95,1.95,1.95,1.95,1.95,1.95,,,1.95,,,,,0.45,,,,1.95,,,,1.95,0.4,0.4,1.95,,,,0.95,1.95,,0.45,0.45,1.95
118,10242540,,3.95,,,,,0.95,0.45,,,,3.95,3.95,,3.95,7.95,7.95,,,,,,,,,3.95,,1.95,0.45,,,0.4,,1.95,1.95,,,,1.45,1.95,0.45,,,,1.95,0.95,,,,,,0.45,,0.4,0.45,,,,,1.95,0.95,,,,,0.45,0.95,0.4,,,,0.4,1.95,1.95,,1.95,,,,,,0.4,,,,,3.95,3.95,1.95,1.95,2.95,1.95,1.95,1.95,1.95,1.95,1.95,2.95,,,1.95,,,0.4,7.95,7.95,,3.95,1.95,,,,,,,0.4,1.95,,0.4,3.95,,,7.95,,0.4,0.4,0.4,0.45,0.4,0.45,0.45,0.95,1.95,1.95,1.95,0.45,0.45,,,,,,,,,,1.95,1.95,1.95,1.95,1.95,1.95,,,,1.95,1.95,0.95,,,3.95,3.95,,0.45,0.45,0.45,1.95,1.95,1.95,1.95,1.95,1.95,,,1.95,,,,,0.45,,,,1.95,,,,1.95,0.4,0.4,1.95,,,,0.95,1.95,,0.45,0.45,1.95
118,10242600,,3.95,,,,,0.95,0.45,,,,3.95,3.95,,3.95,7.95,7.95,,,,,,,,,3.95,,1.95,0.45,,,0.4,,1.95,1.95,,,,1.45,1.95,0.45,,,,1.95,0.95,,,,,,0.45,,0.4,0.45,,,,,1.95,0.95,,,,,0.45,0.95,0.4,,,,0.4,1.95,1.95,,1.95,,,,,,0.4,,,,,3.95,3.95,1.95,1.95,2.95,1.95,1.95,1.95,1.95,1.95,1.95,2.95,,,1.95,,,0.4,7.95,7.95,,3.95,1.95,,,,,,,0.4,1.95,,0.4,3.95,,,7.95,,0.4,0.4,0.4,0.45,0.4,0.45,0.45,0.95,1.95,1.95,1.95,0.45,0.45,,,,,,,,,,1.95,1.95,1.95,1.95,1.95,1.95,,,,1.95,1.95,0.95,,,3.95,3.95,,0.45,0.45,0.45,1.95,1.95,1.95,1.95,1.95,1.95,,,1.95,,,,,0.45,,,,1.95,,,,1.95,0.4,0.4,1.95,,,,0.95,1.95,,0.45,0.45,1.95
118,10242660,,3.95,,,,,0.95,0.45,,,,3.95,3.95,,3.95,7.95,7.95,,,,,,,,,3.95,,1.95,0.45,,,0.4,,1.95,1.95,,,,1.45,1.95,0.45,,,,1.95,0.95,,,,,,0.45,,0.4,0.45,,,,,1.95,0.95,,,,,0.45,0.95,0.4,,,,0.4,1.95,1.95,,1.95,,,,,,0.4,,,,,3.95,3.95,1.95,1.95,2.95,1.95,1.95,1.95,1.95,1.95,1.95,2.95,,,1.95,,,0.4,7.95,7.95,,3.95,1.95,,,,,,,0.4,1.95,,0.4,3.95,,,7.95,,0.4,0.4,0.4,0.45,0.4,0.45,0.45,0.95,1.95,1.95,1.95,0.45,0.45,,,,,,,,,,1.95,1.95,1.95,1.95,1.95,1.95,,,,1.95,1.95,0.95,,,3.95,3.95,,0.45,0.45,0.45,1.95,1.95,1.95,1.95,1.95,1.95,,,1.95,,,,,0.45,,,,1.95,,,,1.95,0.4,0.4,1.95,,,,0.95,1.95,,0.45,0.45,1.95
118,10242720,,3.95,,,,,0.95,0.45,,,,3.95,3.95,,3.95,7.95,7.95,,,,,,,,,3.95,,1.95,0.45,,,0.4,,1.95,1.95,,,,1.45,1.95,0.45,,,,1.95,0.95,,,,,,0.45,,0.4,0.45,,,,,1.95,0.95,,,,,0.45,0.95,0.4,,,,0.4,1.95,1.95,,1.95,,,,,,0.4,,,,,3.95,3.95,1.95,1.95,2.95,1.95,1.95,1.95,1.95,1.95,1.95,2.95,,,1.95,,,0.4,7.95,7.95,,3.95,1.95,,,,,,,0.4,1.95,,0.4,3.95,,,7.95,,0.4,0.4,0.4,0.45,0.4,0.45,0.45,0.95,1.95,1.95,1.95,0.45,0.45,,,,,,,,,,1.95,1.95,1.95,1.95,1.95,1.95,,,,1.95,1.95,0.95,,,3.95,3.95,,0.45,0.45,0.45,1.95,1.95,1.95,1.95,1.95,1.95,,,1.95,,,,,0.45,,,,1.95,,,,1.95,0.4,0.4,1.95,,,,0.95,1.95,,0.45,0.45,1.95
118,10242780,,3.95,,,,,0.95,0.45,,,,3.95,3.95,,3.95,7.95,7.95,,,,,,,,,3.95,,1.95,0.45,,,0.4,,1.95,1.95,,,,1.45,1.95,0.45,,,,1.95,0.95,,,,,,0.45,,0.4,0.45,,,,,1.95,0.95,,,,,0.45,0.95,0.4,,,,0.4,1.95,1.95,,1.95,,,,,,0.4,,,,,3.95,3.95,1.95,1.95,2.95,1.95,1.95,1.95,1.95,1.95,1.95,2.95,,,1.95,,,0.4,7.95,7.95,,3.95,1.95,,,,,,,0.4,1.95,,0.4,3.95,,,7.95,,0.4,0.4,0.4,0.45,0.4,0.45,0.45,0.95,1.95,1.95,1.95,0.45,0.45,,,,,,,,,,1.95,1.95,1.95,1.95,1.95,1.95,,,,1.95,1.95,0.95,,,3.95,3.95,,0.45,0.45,0.45,1.95,1.95,1.95,1.95,1.95,1.95,,,1.95,,,,,0.45,,,,1.95,,,,1.95,0.4,0.4,1.95,,,,0.95,1.95,,0.45,0.45,1.95
118,10242840,,3.95,,,,,0.95,0.45,,,,3.95,3.95,,3.95,7.95,7.95,,,,,,,,,3.95,,1.95,0.45,,,0.4,,1.95,1.95,,,,1.45,1.95,0.45,,,,1.95,0.95,,,,,,0.45,,0.4,0.45,,,,,1.95,0.95,,,,,0.45,0.95,0.4,,,,0.4,1.95,1.95,,1.95,,,,,,0.4,,,,,3.95,3.95,1.95,1.95,2.95,1.95,1.95,1.95,1.95,1.95,1.95,2.95,,,1.95,,,0.4,7.95,7.95,,3.95,1.95,,,,,,,0.4,1.95,,0.4,3.95,,,7.95,,0.4,0.4,0.4,0.45,0.4,0.45,0.45,0.95,1.95,1.95,1.95,0.45,0.45,,,,,,,,,,1.95,1.95,1.95,1.95,1.95,1.95,,,,1.95,1.95,0.95,,,3.95,3.95,,0.45,0.45,0.45,1.95,1.95,1.95,1.95,1.95,1.95,,,1.95,,,,,0.45,,,,1.95,,,,1.95,0.4,0.4,1.95,,,,0.95,1.95,,0.45,0.45,1.95
118,10242900,,3.95,,,,,0.95,0.45,,,,3.95,3.95,,3.95,7.95,7.95,,,,,,,,,3.95,,1.95,0.45,,,0.4,,1.95,1.95,,,,1.45,1.95,0.45,,,,1.95,0.95,,,,,,0.45,,0.4,0.45,,,,,1.95,0.95,,,,,0.45,0.95,0.4,,,,0.4,1.95,1.95,,1.95,,,,,,0.4,,,,,3.95,3.95,1.95,1.95,2.95,1.95,1.95,1.95,1.95,1.95,1.95,2.95,,,1.95,,,0.4,7.95,7.95,,3.95,1.95,,,,,,,0.4,1.95,,0.4,3.95,,,7.95,,0.4,0.4,0.4,0.45,0.4,0.45,0.45,0.95,1.95,1.95,1.95,0.45,0.45,,,,,,,,,,1.95,1.95,1.95,1.95,1.95,1.95,,,,1.95,1.95,0.95,,,3.95,3.95,,0.45,0.45,0.45,1.95,1.95,1.95,1.95,1.95,1.95,,,1.95,,,,,0.45,,,,1.95,,,,1.95,0.4,0.4,1.95,,,,0.95,1.95,,0.45,0.45,1.95
118,10242960,,3.95,,,,,0.95,0.45,,,,3.95,3.95,,3.95,7.95,7.95,,,,,,,,,3.95,,1.95,0.45,,,0.4,,1.95,1.95,,,,1.45,1.95,0.45,,,,1.95,0.95,,,,,,0.45,,0.4,0.45,,,,,1.95,0.95,,,,,0.45,0.95,0.4,,,,0.4,1.95,1.95,,1.95,,,,,,0.4,,,,,3.95,3.95,1.95,1.95,2.95,1.95,1.95,1.95,1.95,1.95,1.95,2.95,,,1.95,,,0.4,7.95,7.95,,3.95,1.95,,,,,,,0.4,1.95,,0.4,3.95,,,7.95,,0.4,0.4,0.4,0.45,0.4,0.45,0.45,0.95,1.95,1.95,1.95,0.45,0.45,,,,,,,,,,1.95,1.95,1.95,1.95,1.95,1.95,,,,1.95,1.95,0.95,,,3.95,3.95,,0.45,0.45,0.45,1.95,1.95,1.95,1.95,1.95,1.95,,,1.95,,,,,0.45,,,,1.95,,,,1.95,0.4,0.4,1.95,,,,0.95,1.95,,0.45,0.45,1.95
118,10243020,,3.95,,,,,0.95,0.45,,,,3.95,3.95,,3.95,7.95,7.95,,,,,,,,,3.95,,1.95,0.45,,,0.4,,1.95,1.95,,,,1.45,1.95,0.45,,,,1.95,0.95,,,,,,0.45,,0.4,0.45,,,,,1.95,0.95,,,,,0.45,0.95,0.4,,,,0.4,1.95,1.95,,1.95,,,,,,0.4,,,,,3.95,3.95,1.95,1.95,2.95,1.95,1.95,1.95,1.95,1.95,1.95,2.95,,,1.95,,,0.4,7.95,7.95,,3.95,1.95,,,,,,,0.4,1.95,,0.4,3.95,,,7.95,,0.4,0.4,0.4,0.45,0.4,0.45,0.45,0.95,1.95,1.95,1.95,0.45,0.45,,,,,,,,,,1.95,1.95,1.95,1.95,1.95,1.95,,,,1.95,1.95,0.95,,,3.95,3.95,,0.45,0.45,0.45,1.95,1.95,1.95,1.95,1.95,1.95,,,1.95,,,,,0.45,,,,1.95,,,,1.95,0.4,0.4,1.95,,,,0.95,1.95,,0.45,0.45,1.95
118,10243080,,3.95,,,,,0.95,0.45,,,,3.95,3.95,,3.95,7.95,7.95,,,,,,,,,3.95,,1.95,0.45,,,0.4,,1.95,1.95,,,,1.45,1.95,0.45,,,,1.95,0.95,,,,,,0.45,,0.4,0.45,,,,,1.95,0.95,,,,,0.45,0.95,0.4,,,,0.4,1.95,1.95,,1.95,,,,,,0.4,,,,,3.95,3.95,1.95,1.95,2.95,1.95,1.95,1.95,1.95,1.95,1.95,2.95,,,1.95,,,0.4,7.95,7.95,,3.95,1.95,,,,,,,0.4,1.95,,0.4,3.95,,,7.95,,0.4,0.4,0.4,0.45,0.4,0.45,0.45,0.95,1.95,1.95,1.95,0.45,0.45,,,,,,,,,,1.95,1.95,1.95,1.95,1.95,1.95,,,,1.95,1.95,0.95,,,3.95,3.95,,0.45,0.45,0.45,1.95,1.95,1.95,1.95,1.95,1.95,,,1.95,,,,,0.45,,,,1.95,,,,1.95,0.4,0.4,1.95,,,,0.95,1.95,,0.45,0.45,1.95
118,10243140,,3.95,,,,,0.95,0.45,,,,3.95,3.95,,3.95,7.95,7.95,,,,,,,,,3.95,,1.95,0.45,,,0.4,,1.95,1.95,,,,1.45,1.95,0.45,,,,1.95,0.95,,,,,,0.45,,0.4,0.45,,,,,1.95,0.95,,,,,0.45,0.95,0.4,,,,0.4,1.95,1.95,,1.95,,,,,,0.4,,,,,3.95,3.95,1.95,1.95,2.95,1.95,1.95,1.95,1.95,1.95,1.95,2.95,,,1.95,,,0.4,7.95,7.95,,3.95,1.95,,,,,,,0.4,1.95,,0.4,3.95,,,7.95,,0.4,0.4,0.4,0.45,0.4,0.45,0.45,0.95,1.95,1.95,1.95,0.45,0.45,,,,,,,,,,1.95,1.95,1.95,1.95,1.95,1.95,,,,1.95,1.95,0.95,,,3.95,3.95,,0.45,0.45,0.45,1.95,1.95,1.95,1.95,1.95,1.95,,,1.95,,,,,0.45,,,,1.95,,,,1.95,0.4,0.4,1.95,,,,0.95,1.95,,0.45,0.45,1.95
118,10243200,,3.95,,,,,0.95,0.45,,,,3.95,3.95,,3.95,7.95,7.95,,,,,,,,,3.95,,1.95,0.45,,,0.4,,1.95,1.95,,,,1.45,1.95,0.45,,,,1.95,0.95,,,,,,0.45,,0.4,0.45,,,,,1.95,0.95,,,,,0.45,0.95,0.4,,,,0.4,1.95,1.95,,1.95,,,,,,0.4,,,,,3.95,3.95,1.95,1.95,2.95,1.95,1.95,1.95,1.95,1.95,1.95,2.95,,,1.95,,,0.4,7.95,7.95,,3.95,1.95,,,,,,,0.4,1.95,,0.4,3.95,,,7.95,,0.4,0.4,0.4,0.45,0.4,0.45,0.45,0.95,1.95,1.95,1.95,0.45,0.45,,,,,,,,,,1.95,1.95,1.95,1.95,1.95,1.95,,,,1.95,1.95,0.95,,,3.95,3.95,,0.45,0.45,0.45,1.95,1.95,1.95,1.95,1.95,1.95,,,1.95,,,,,0.45,,,,1.95,,,,1.95,0.4,0.4,1.95,,,,0.95,1.95,,0.45,0.45,1.95
118,10243260,,3.95,,,,,0.95,0.45,,,,3.95,3.95,,3.95,7.95,7.95,,,,,,,,,3.95,,1.95,0.45,,,0.4,,1.95,1.95,,,,1.45,1.95,0.45,,,,1.95,0.95,,,,,,0.45,,0.4,0.45,,,,,1.95,0.95,,,,,0.45,0.95,0.4,,,,0.4,1.95,1.95,,1.95,,,,,,0.4,,,,,3.95,3.95,1.95,1.95,2.95,1.95,1.95,1.95,1.95,1.95,1.95,2.95,,,1.95,,,0.4,7.95,7.95,,3.95,1.95,,,,,,,0.4,1.95,,0.4,3.95,,,7.95,,0.4,0.4,0.4,0.45,0.4,0.45,0.45,0.95,1.95,1.95,1.95,0.45,0.45,,,,,,,,,,1.95,1.95,1.95,1.95,1.95,1.95,,,,1.95,1.95,0.95,,,3.95,3.95,,0.45,0.45,0.45,1.95,1.95,1.95,1.95,1.95,1.95,,,1.95,,,,,0.45,,,,1.95,,,,1.95,0.4,0.4,1.95,,,,0.95,1.95,,0.45,0.45,1.95
118,10243320,,3.95,,,,,0.95,0.45,,,,3.95,3.95,,3.95,7.95,7.95,,,,,,,,,3.95,,1.95,0.45,,,0.4,,1.95,1.95,,,,1.45,1.95,0.45,,,,1.95,0.95,,,,,,0.45,,0.4,0.45,,,,,1.95,0.95,,,,,0.45,0.95,0.4,,,,0.4,1.95,1.95,,1.95,,,,,,0.4,,,,,3.95,3.95,1.95,1.95,2.95,1.95,1.95,1.95,1.95,1.95,1.95,2.95,,,1.95,,,0.4,7.95,7.95,,3.95,1.95,,,,,,,0.4,1.95,,0.4,3.95,,,7.95,,0.4,0.4,0.4,0.45,0.4,0.45,0.45,0.95,1.95,1.95,1.95,0.45,0.45,,,,,,,,,,1.95,1.95,1.95,1.95,1.95,1.95,,,,1.95,1.95,0.95,,,3.95,3.95,,0.45,0.45,0.45,1.95,1.95,1.95,1.95,1.95,1.95,,,1.95,,,,,0.45,,,,1.95,,,,1.95,0.4,0.4,1.95,,,,0.95,1.95,,0.45,0.45,1.95
118,10243380,,3.95,,,,,0.95,0.45,,,,3.95,3.95,,3.95,7.95,7.95,,,,,,,,,3.95,,1.95,0.45,,,0.4,,1.95,1.95,,,,1.45,1.95,0.45,,,,1.95,0.95,,,,,,0.45,,0.4,0.45,,,,,1.95,0.95,,,,,0.45,0.95,0.4,,,,0.4,1.95,1.95,,1.95,,,,,,0.4,,,,,3.95,3.95,1.95,1.95,2.95,1.95,1.95,1.95,1.95,1.95,1.95,2.95,,,1.95,,,0.4,7.95,7.95,,3.95,1.95,,,,,,,0.4,1.95,,0.4,3.95,,,7.95,,0.4,0.4,0.4,0.45,0.4,0.45,0.45,0.95,1.95,1.95,1.95,0.45,0.45,,,,,,,,,,1.95,1.95,1.95,1.95,1.95,1.95,,,,1.95,1.95,0.95,,,3.95,3.95,,0.45,0.45,0.45,1.95,1.95,1.95,1.95,1.95,1.95,,,1.95,,,,,0.45,,,,1.95,,,,1.95,0.4,0.4,1.95,,,,0.95,1.95,,0.45,0.45,1.95
118,10243440,,3.95,,,,,0.95,0.45,,,,3.95,3.95,,3.95,7.95,7.95,,,,,,,,,3.95,,1.95,0.45,,,0.4,,1.95,1.95,,,,1.45,1.95,0.45,,,,1.95,0.95,,,,,,0.45,,0.4,0.45,,,,,1.95,0.95,,,,,0.45,0.95,0.4,,,,0.4,1.95,1.95,,1.95,,,,,,0.4,,,,,3.95,3.95,1.95,1.95,2.95,1.95,1.95,1.95,1.95,1.95,1.95,2.95,,,1.95,,,0.4,7.95,7.95,,3.95,1.95,,,,,,,0.4,1.95,,0.4,3.95,,,7.95,,0.4,0.4,0.4,0.45,0.4,0.45,0.45,0.95,1.95,1.95,1.95,0.45,0.45,,,,,,,,,,1.95,1.95,1.95,1.95,1.95,1.95,,,,1.95,1.95,0.95,,,3.95,3.95,,0.45,0.45,0.45,1.95,1.95,1.95,1.95,1.95,1.95,,,1.95,,,,,0.45,,,,1.95,,,,1.95,0.4,0.4,1.95,,,,0.95,1.95,,0.45,0.45,1.95
118,10243500,,3.95,,,,,0.95,0.45,,,,3.95,3.95,,3.95,7.95,7.95,,,,,,,,,3.95,,1.95,0.45,,,0.4,,1.95,1.95,,,,1.45,1.95,0.45,,,,1.95,0.95,,,,,,0.45,,0.4,0.45,,,,,1.95,0.95,,,,,0.45,0.95,0.4,,,,0.4,1.95,1.95,,1.95,,,,,,0.4,,,,,3.95,3.95,1.95,1.95,2.95,1.95,1.95,1.95,1.95,1.95,1.95,2.95,,,1.95,,,0.4,7.95,7.95,,3.95,1.95,,,,,,,0.4,1.95,,0.4,3.95,,,7.95,,0.4,0.4,0.4,0.45,0.4,0.45,0.45,0.95,1.95,1.95,1.95,0.45,0.45,,,,,,,,,,1.95,1.95,1.95,1.95,1.95,1.95,,,,1.95,1.95,0.95,,,3.95,3.95,,0.45,0.45,0.45,1.95,1.95,1.95,1.95,1.95,1.95,,,1.95,,,,,0.45,,,,1.95,,,,1.95,0.4,0.4,1.95,,,,0.95,1.95,,0.45,0.45,1.95
118,10243560,,3.95,,,,,0.95,0.45,,,,3.95,3.95,,3.95,7.95,7.95,,,,,,,,,3.95,,1.95,0.45,,,0.4,,1.95,1.95,,,,1.45,1.95,0.45,,,,1.95,0.95,,,,,,0.45,,0.4,0.45,,,,,1.95,0.95,,,,,0.45,0.95,0.4,,,,0.4,1.95,1.95,,1.95,,,,,,0.4,,,,,3.95,3.95,1.95,1.95,2.95,1.95,1.95,1.95,1.95,1.95,1.95,2.95,,,1.95,,,0.4,7.95,7.95,,3.95,1.95,,,,,,,0.4,1.95,,0.4,3.95,,,7.95,,0.4,0.4,0.4,0.45,0.4,0.45,0.45,0.95,1.95,1.95,1.95,0.45,0.45,,,,,,,,,,1.95,1.95,1.95,1.95,1.95,1.95,,,,1.95,1.95,0.95,,,3.95,3.95,,0.45,0.45,0.45,1.95,1.95,1.95,1.95,1.95,1.95,,,1.95,,,,,0.45,,,,1.95,,,,1.95,0.4,0.4,1.95,,,,0.95,1.95,,0.45,0.45,1.95
118,10243620,,3.95,,,,,0.95,0.45,,,,3.95,3.95,,3.95,7.95,7.95,,,,,,,,,3.95,,1.95,0.45,,,0.4,,1.95,1.95,,,,1.617,1.95,0.45,,,,1.95,0.95,,,,,,0.45,,0.4,0.45,,,,,1.95,0.95,,,,,0.45,0.95,0.4,,,,0.4,1.95,1.95,,1.95,,,,,,0.4,,,,,3.95,3.95,1.95,1.95,2.95,1.95,1.95,1.95,1.95,1.95,1.95,2.95,,,1.95,,,0.4,7.95,7.95,,3.95,1.95,,,,,,,0.4,1.95,,0.4,3.95,,,7.95,,0.4,0.4,0.4,0.45,0.4,0.45,0.45,0.95,1.95,1.95,1.95,0.45,0.45,,,,,,,,,,1.95,1.95,1.95,1.95,1.95,1.95,,,,1.95,1.95,0.95,,,3.95,3.95,,0.45,0.45,0.45,1.95,1.95,1.95,1.95,1.95,1.95,,,1.95,,,,,0.45,,,,1.95,,,,1.95,0.4,0.4,1.95,,,,0.95,1.95,,0.45,0.45,1.95
118,10243680,,3.95,,,,,0.95,0.45,,,,3.95,3.95,,3.95,7.95,7.95,,,,,,,,,3.95,,1.95,0.45,,,0.4,,1.95,1.95,,,,1.45,1.95,0.45,,,,1.95,0.95,,,,,,0.45,,0.4,0.45,,,,,1.95,0.95,,,,,0.45,0.95,0.4,,,,0.4,1.95,1.95,,1.95,,,,,,0.4,,,,,3.95,3.95,1.95,1.95,2.95,1.95,1.95,1.95,1.95,1.95,1.95,2.95,,,1.95,,,0.4,7.95,7.95,,3.95,1.95,,,,,,,0.4,1.95,,0.4,3.95,,,7.95,,0.4,0.4,0.4,0.45,0.4,0.45,0.45,0.95,1.95,1.95,1.95,0.45,0.45,,,,,,,,,,1.95,1.95,1.95,1.95,1.95,1.95,,,,1.95,1.95,0.95,,,3.95,3.95,,0.45,0.45,0.45,1.95,1.95,1.95,1.95,1.95,1.95,,,1.95,,,,,0.45,,,,1.95,,,,1.95,0.4,0.4,1.95,,,,0.95,1.95,,0.45,0.45,1.95
118,10243740,,3.95,,,,,0.95,0.45,,,,3.95,3.95,,3.95,7.95,7.95,,,,,,,,,3.95,,1.95,0.45,,,0.4,,1.95,1.95,,,,1.45,1.95,0.45,,,,1.95,0.95,,,,,,0.45,,0.4,0.45,,,,,1.95,0.95,,,,,0.45,0.95,0.4,,,,0.4,1.95,1.95,,1.95,,,,,,0.4,,,,,3.95,3.95,1.95,1.95,2.95,1.95,1.95,1.95,1.95,1.95,1.95,2.95,,,1.95,,,0.4,7.95,7.95,,3.95,1.95,,,,,,,0.4,1.95,,0.4,3.95,,,7.95,,0.4,0.4,0.4,0.45,0.4,0.45,0.45,0.95,1.95,1.95,1.95,0.45,0.45,,,,,,,,,,1.95,1.95,1.95,1.95,1.95,1.95,,,,1.95,1.95,0.95,,,3.95,3.95,,0.45,0.45,0.45,1.95,1.95,1.95,1.95,1.95,1.95,,,1.95,,,,,0.45,,,,1.95,,,,1.95,0.4,0.4,1.95,,,,0.95,1.95,,0.45,0.45,1.95
118,10243800,,3.95,,,,,0.95,0.45,,,,3.95,3.95,,3.95,7.95,7.95,,,,,,,,,3.95,,1.95,0.45,,,0.4,,1.95,1.95,,,,1.45,1.95,0.45,,,,1.95,0.95,,,,,,0.45,,0.4,0.45,,,,,1.95,0.95,,,,,0.45,0.95,0.4,,,,0.4,1.95,1.95,,1.95,,,,,,0.4,,,,,3.95,3.95,1.95,1.95,2.95,1.95,1.95,1.95,1.95,1.95,1.95,2.95,,,1.95,,,0.4,7.95,7.95,,3.95,1.95,,,,,,,0.4,1.95,,0.4,3.95,,,7.95,,0.4,0.4,0.4,0.45,0.4,0.45,0.45,0.95,1.95,1.95,1.95,0.45,0.45,,,,,,,,,,1.95,1.95,1.95,1.95,1.95,1.95,,,,1.95,1.95,0.95,,,3.95,3.95,,0.45,0.45,0.45,1.95,1.95,1.95,1.95,1.95,1.95,,,1.95,,,,,0.45,,,,1.95,,,,1.95,0.4,0.4,1.95,,,,0.95,1.95,,0.45,0.45,1.95
118,10243860,,3.95,,,,,0.95,0.45,,,,3.95,3.95,,3.95,7.95,7.95,,,,,,,,,3.95,,1.95,0.45,,,0.4,,1.95,1.95,,,,1.45,1.95,0.45,,,,1.95,0.95,,,,,,0.45,,0.4,0.45,,,,,1.95,0.95,,,,,0.45,0.95,0.4,,,,0.4,1.95,1.95,,1.95,,,,,,0.4,,,,,3.95,3.95,1.95,1.95,2.95,1.95,1.95,1.95,1.95,1.95,1.95,2.95,,,1.95,,,0.4,7.95,7.95,,3.95,1.95,,,,,,,0.4,1.95,,0.4,3.95,,,7.95,,0.4,0.4,0.4,0.45,0.4,0.45,0.45,0.95,1.95,1.95,1.95,0.45,0.45,,,,,,,,,,1.95,1.95,1.95,1.95,1.95,1.95,,,,1.95,1.95,0.95,,,3.95,3.95,,0.45,0.45,0.45,1.95,1.95,1.95,1.95,1.95,1.95,,,1.95,,,,,0.45,,,,1.95,,,,1.95,0.4,0.4,1.95,,,,0.95,1.95,,0.45,0.45,1.95
118,10243920,,3.95,,,,,0.95,0.45,,,,3.95,3.95,,3.95,7.95,7.95,,,,,,,,,3.95,,1.95,0.45,,,0.4,,1.95,1.95,,,,1.45,1.95,0.45,,,,1.95,0.95,,,,,,0.45,,0.4,0.45,,,,,1.95,0.95,,,,,0.45,0.95,0.4,,,,0.4,1.95,1.95,,1.95,,,,,,0.4,,,,,3.95,3.95,1.95,1.95,2.95,1.95,1.95,1.95,1.95,1.95,1.95,2.95,,,1.95,,,0.4,7.95,7.95,,3.95,1.95,,,,,,,0.4,1.95,,0.4,3.95,,,7.95,,0.4,0.4,0.4,0.45,0.4,0.45,0.45,0.95,1.95,1.95,1.95,0.45,0.45,,,,,,,,,,1.95,1.95,1.95,1.95,1.95,1.95,,,,1.95,1.95,0.95,,,3.95,3.95,,0.45,0.45,0.45,1.95,1.95,1.95,1.95,1.95,1.95,,,1.95,,,,,0.45,,,,1.95,,,,1.95,0.4,0.4,1.95,,,,0.95,1.95,,0.45,0.45,1.95
118,10243980,,3.95,,,,,0.95,0.45,,,,3.95,3.95,,3.95,7.95,7.95,,,,,,,,,3.95,,1.95,0.45,,,0.4,,1.95,1.95,,,,1.45,1.95,0.45,,,,1.95,0.95,,,,,,0.45,,0.4,0.45,,,,,1.95,0.95,,,,,0.45,0.95,0.4,,,,0.4,1.95,1.95,,1.95,,,,,,0.4,,,,,3.95,3.95,1.95,1.95,2.95,1.95,1.95,1.95,1.95,1.95,1.95,2.95,,,1.95,,,0.4,7.95,7.95,,3.95,1.95,,,,,,,0.4,1.95,,0.4,3.95,,,7.95,,0.4,0.4,0.4,0.45,0.4,0.45,0.45,0.95,1.95,1.95,1.95,0.45,0.45,,,,,,,,,,1.95,1.95,1.95,1.95,1.95,1.95,,,,1.95,1.95,0.95,,,3.95,3.95,,0.45,0.45,0.45,1.95,1.95,1.95,1.95,1.95,1.95,,,1.95,,,,,0.45,,,,1.95,,,,1.95,0.4,0.4,1.95,,,,0.95,1.95,,0.45,0.45,1.95
118,10244040,,3.95,,,,,0.95,0.45,,,,3.95,3.95,,3.95,7.95,7.95,,,,,,,,,3.95,,1.95,0.45,,,0.4,,1.95,1.95,,,,1.45,1.95,0.45,,,,1.95,0.95,,,,,,0.45,,0.4,0.45,,,,,1.95,0.95,,,,,0.45,0.95,0.4,,,,0.4,1.95,1.95,,1.95,,,,,,0.4,,,,,3.95,3.95,1.95,1.95,2.95,1.95,1.95,1.95,1.95,1.95,1.95,2.95,,,1.95,,,0.4,7.95,7.95,,3.95,1.95,,,,,,,0.4,1.95,,0.4,3.95,,,7.95,,0.4,0.4,0.4,0.45,0.4,0.45,0.45,0.95,1.95,1.95,1.95,0.45,0.45,,,,,,,,,,1.95,1.95,1.95,1.95,1.95,1.95,,,,1.95,1.95,0.95,,,3.95,3.95,,0.45,0.45,0.45,1.95,1.95,1.95,1.95,1.95,1.95,,,1.95,,,,,0.45,,,,1.95,,,,1.95,0.4,0.4,1.95,,,,0.95,1.95,,0.45,0.45,1.95
118,10244100,,3.95,,,,,0.95,0.45,,,,3.95,3.95,,3.95,7.95,7.95,,,,,,,,,3.95,,1.95,0.45,,,0.4,,1.95,1.95,,,,1.45,1.95,0.45,,,,1.95,0.95,,,,,,0.45,,0.4,0.45,,,,,1.95,0.95,,,,,0.45,0.95,0.4,,,,0.4,1.95,1.95,,1.95,,,,,,0.4,,,,,3.95,3.95,1.95,1.95,2.95,1.95,1.95,1.95,1.95,1.95,1.95,2.95,,,1.95,,,0.4,7.95,7.95,,3.95,1.95,,,,,,,0.4,1.95,,0.4,3.95,,,7.95,,0.4,0.4,0.4,0.45,0.4,0.45,0.45,0.95,1.95,1.95,1.95,0.45,0.45,,,,,,,,,,1.95,1.95,1.95,1.95,1.95,1.95,,,,1.95,1.95,0.95,,,3.95,3.95,,0.45,0.45,0.45,1.95,1.95,1.95,1.95,1.95,1.95,,,1.95,,,,,0.45,,,,1.95,,,,1.95,0.4,0.4,1.95,,,,0.95,1.95,,0.45,0.45,1.95
118,10244160,,3.95,,,,,0.95,0.45,,,,3.95,3.95,,3.95,7.95,7.95,,,,,,,,,3.95,,1.95,0.45,,,0.4,,1.95,1.95,,,,1.45,1.95,0.45,,,,1.95,0.95,,,,,,0.45,,0.4,0.45,,,,,1.95,0.95,,,,,0.45,0.95,0.4,,,,0.4,1.95,1.95,,1.95,,,,,,0.4,,,,,3.95,3.95,1.95,1.95,2.95,1.95,1.95,1.95,1.95,1.95,1.95,2.95,,,1.95,,,0.4,7.95,7.95,,3.95,1.95,,,,,,,0.4,1.95,,0.4,3.95,,,7.95,,0.4,0.4,0.4,0.45,0.4,0.45,0.45,0.95,1.95,1.95,1.95,0.45,0.45,,,,,,,,,,1.95,1.95,1.95,1.95,1.95,1.95,,,,1.95,1.95,0.95,,,3.95,3.95,,0.45,0.45,0.45,1.95,1.95,1.95,1.95,1.95,1.95,,,1.95,,,,,0.45,,,,1.95,,,,1.95,0.4,0.4,1.95,,,,0.95,1.95,,0.45,0.45,1.95
118,10244220,,3.95,,,,,0.95,0.45,,,,3.95,3.95,,3.95,7.95,7.95,,,,,,,,,3.95,,1.95,0.45,,,0.4,,1.95,1.95,,,,1.45,1.95,0.45,,,,1.95,0.95,,,,,,0.45,,0.4,0.45,,,,,1.95,0.95,,,,,0.45,0.95,0.4,,,,0.4,1.95,1.95,,1.95,,,,,,0.4,,,,,3.95,3.95,1.95,1.95,2.95,1.95,1.95,1.95,1.95,1.95,1.95,2.95,,,1.95,,,0.4,7.95,7.95,,3.95,1.95,,,,,,,0.4,1.95,,0.4,3.95,,,7.95,,0.4,0.4,0.4,0.45,0.4,0.45,0.45,0.95,1.95,1.95,1.95,0.45,0.45,,,,,,,,,,1.95,1.95,1.95,1.95,1.95,1.95,,,,1.95,1.95,0.95,,,3.95,3.95,,0.45,0.45,0.45,1.95,1.95,1.95,1.95,1.95,1.95,,,1.95,,,,,0.45,,,,1.95,,,,1.95,0.4,0.4,1.95,,,,0.95,1.95,,0.45,0.45,1.95
118,10244280,,3.95,,,,,0.95,0.45,,,,3.95,3.95,,3.95,7.95,7.95,,,,,,,,,3.95,,1.95,0.45,,,0.4,,1.95,1.95,,,,1.45,1.95,0.45,,,,1.95,0.95,,,,,,0.45,,0.4,0.45,,,,,1.95,0.95,,,,,0.45,0.95,0.4,,,,0.4,1.95,1.95,,1.95,,,,,,0.4,,,,,3.95,3.95,1.95,1.95,2.95,1.95,1.95,1.95,1.95,1.95,1.95,2.95,,,1.95,,,0.4,7.95,7.95,,3.95,1.95,,,,,,,0.4,1.95,,0.4,3.95,,,7.95,,0.4,0.4,0.4,0.45,0.4,0.45,0.45,0.95,1.95,1.95,1.95,0.45,0.45,,,,,,,,,,1.95,1.95,1.95,1.95,1.95,1.95,,,,1.95,1.95,0.95,,,3.95,3.95,,0.45,0.45,0.45,1.95,1.95,1.95,1.95,1.95,1.95,,,1.95,,,,,0.45,,,,1.95,,,,1.95,0.4,0.4,1.95,,,,0.95,1.95,,0.45,0.45,1.95
118,10244340,,3.95,,,,,0.95,0.45,,,,3.95,3.95,,3.95,7.95,7.95,,,,,,,,,3.95,,1.95,0.45,,,0.4,,1.95,1.95,,,,1.45,1.95,0.45,,,,1.95,0.95,,,,,,0.45,,0.4,0.45,,,,,1.95,0.95,,,,,0.45,0.95,0.4,,,,0.4,1.95,1.95,,1.95,,,,,,0.4,,,,,3.95,3.95,1.95,1.95,2.95,1.95,1.95,1.95,1.95,1.95,1.95,2.95,,,1.95,,,0.4,7.95,7.95,,3.95,1.95,,,,,,,0.4,1.95,,0.4,3.95,,,7.95,,0.4,0.4,0.4,0.45,0.4,0.45,0.45,0.95,1.95,1.95,1.95,0.45,0.45,,,,,,,,,,1.95,1.95,1.95,1.95,1.95,1.95,,,,1.95,1.95,0.95,,,3.95,3.95,,0.45,0.45,0.45,1.95,1.95,1.95,1.95,1.95,1.95,,,1.95,,,,,0.45,,,,1.95,,,,1.95,0.4,0.4,1.95,,,,0.95,1.95,,0.45,0.45,1.95
118,10244400,,3.95,,,,,0.95,0.45,,,,3.95,3.95,,3.95,7.95,7.95,,,,,,,,,3.95,,1.95,0.45,,,0.4,,1.95,1.95,,,,1.45,1.95,0.45,,,,1.95,0.95,,,,,,0.45,,0.4,0.45,,,,,1.95,0.95,,,,,0.45,0.95,0.4,,,,0.4,1.95,1.95,,1.95,,,,,,0.4,,,,,3.95,3.95,1.95,1.95,2.95,1.95,1.95,1.95,1.95,1.95,1.95,2.95,,,1.95,,,0.4,7.95,7.95,,3.95,1.95,,,,,,,0.4,1.95,,0.4,3.95,,,7.95,,0.4,0.4,0.4,0.45,0.4,0.45,0.45,0.95,1.95,1.95,1.95,0.45,0.45,,,,,,,,,,1.95,1.95,1.95,1.95,1.95,1.95,,,,1.95,1.95,0.95,,,3.95,3.95,,0.45,0.45,0.45,1.95,1.95,1.95,1.95,1.95,1.95,,,1.95,,,,,0.45,,,,1.95,,,,1.95,0.4,0.4,1.95,,,,0.95,1.95,,0.45,0.45,1.95
118,10244460,,3.95,,,,,0.95,0.45,,,,3.95,3.95,,3.95,7.95,7.95,,,,,,,,,3.95,,1.95,0.45,,,0.4,,1.95,1.95,,,,1.45,1.95,0.45,,,,1.95,0.95,,,,,,0.45,,0.4,0.45,,,,,1.95,0.95,,,,,0.45,0.95,0.4,,,,0.4,1.95,1.95,,1.95,,,,,,0.4,,,,,3.95,3.95,1.95,1.95,2.95,1.95,1.95,1.95,1.95,1.95,1.95,2.95,,,1.95,,,0.4,7.95,7.95,,3.95,1.95,,,,,,,0.4,1.95,,0.4,3.95,,,7.95,,0.4,0.4,0.4,0.45,0.4,0.45,0.45,0.95,1.95,1.95,1.95,0.45,0.45,,,,,,,,,,1.95,1.95,1.95,1.95,1.95,1.95,,,,1.95,1.95,0.95,,,3.95,3.95,,0.45,0.45,0.45,1.95,1.95,1.95,1.95,1.95,1.95,,,1.95,,,,,0.45,,,,1.95,,,,1.95,0.4,0.4,1.95,,,,0.95,1.95,,0.45,0.45,1.95
118,10244520,,3.95,,,,,0.95,0.45,,,,3.95,3.95,,3.95,7.95,7.95,,,,,,,,,3.95,,1.95,0.45,,,0.4,,1.95,1.95,,,,1.45,1.95,0.45,,,,1.95,0.95,,,,,,0.45,,0.4,0.45,,,,,1.95,0.95,,,,,0.45,0.95,0.4,,,,0.4,1.95,1.95,,1.95,,,,,,0.4,,,,,3.95,3.95,1.95,1.95,2.95,1.95,1.95,1.95,1.95,1.95,1.95,2.95,,,1.95,,,0.4,7.95,7.95,,3.95,1.95,,,,,,,0.4,1.95,,0.4,3.95,,,7.95,,0.4,0.4,0.4,0.45,0.4,0.45,0.45,0.95,1.95,1.95,1.95,0.45,0.45,,,,,,,,,,1.95,1.95,1.95,1.95,1.95,1.95,,,,1.95,1.95,0.95,,,3.95,3.95,,0.45,0.45,0.45,1.95,1.95,1.95,1.95,1.95,1.95,,,1.95,,,,,0.45,,,,1.95,,,,1.95,0.4,0.4,1.95,,,,0.95,1.95,,0.45,0.45,1.95
118,10244580,,3.95,,,,,0.95,0.45,,,,3.95,3.95,,3.95,7.95,7.95,,,,,,,,,3.95,,1.95,0.45,,,0.4,,1.95,1.95,,,,1.45,1.95,0.45,,,,1.95,0.95,,,,,,0.45,,0.4,0.45,,,,,1.95,0.95,,,,,0.45,0.95,0.4,,,,0.4,1.95,1.95,,1.95,,,,,,0.4,,,,,3.95,3.95,1.95,1.95,2.95,1.95,1.95,1.95,1.95,1.95,1.95,2.95,,,1.95,,,0.4,7.95,7.95,,3.95,1.95,,,,,,,0.4,1.95,,0.4,3.95,,,7.95,,0.4,0.4,0.4,0.45,0.4,0.45,0.45,0.95,1.95,1.95,1.95,0.45,0.45,,,,,,,,,,1.95,1.95,1.95,1.95,1.95,1.95,,,,1.95,1.95,0.95,,,3.95,3.95,,0.45,0.45,0.45,1.95,1.95,1.95,1.95,1.95,1.95,,,1.95,,,,,0.45,,,,1.95,,,,1.95,0.4,0.4,1.95,,,,0.95,1.95,,0.45,0.45,1.95
118,10244640,,3.95,,,,,0.95,0.45,,,,3.95,3.95,,3.95,7.95,7.95,,,,,,,,,3.95,,1.95,0.45,,,0.4,,1.95,1.95,,,,1.45,1.95,0.45,,,,1.95,0.95,,,,,,0.45,,0.4,0.45,,,,,1.95,0.95,,,,,0.45,0.95,0.4,,,,0.4,1.95,1.95,,1.95,,,,,,0.4,,,,,3.95,3.95,1.95,1.95,2.95,1.95,1.95,1.95,1.95,1.95,1.95,2.95,,,1.95,,,0.4,7.95,7.95,,3.95,1.95,,,,,,,0.4,1.95,,0.4,3.95,,,7.95,,0.4,0.4,0.4,0.45,0.4,0.45,0.45,0.95,1.95,1.95,1.95,0.45,0.45,,,,,,,,,,1.95,1.95,1.95,1.95,1.95,1.95,,,,1.95,1.95,0.95,,,3.95,3.95,,0.45,0.45,0.45,1.95,1.95,1.95,1.95,1.95,1.95,,,1.95,,,,,0.45,,,,1.95,,,,1.95,0.4,0.4,1.95,,,,0.95,1.95,,0.45,0.45,1.95
118,10244700,,3.95,,,,,0.95,0.45,,,,3.95,3.95,,3.95,7.95,7.95,,,,,,,,,3.95,,1.95,0.45,,,0.4,,1.95,1.95,,,,1.45,1.95,0.45,,,,1.95,0.95,,,,,,0.45,,0.4,0.45,,,,,1.95,0.95,,,,,0.45,0.95,0.4,,,,0.4,1.95,1.95,,1.95,,,,,,0.4,,,,,3.95,3.95,1.95,1.95,2.95,1.95,1.95,1.95,1.95,1.95,1.95,2.95,,,1.95,,,0.4,7.95,7.95,,3.95,1.95,,,,,,,0.4,1.95,,0.4,3.95,,,7.95,,0.4,0.4,0.4,0.45,0.4,0.45,0.45,0.95,1.95,1.95,1.95,0.45,0.45,,,,,,,,,,1.95,1.95,1.95,1.95,1.95,1.95,,,,1.95,1.95,0.95,,,3.95,3.95,,0.45,0.45,0.45,1.95,1.95,1.95,1.95,1.95,1.95,,,1.95,,,,,0.45,,,,1.95,,,,1.95,0.4,0.4,1.95,,,,0.95,1.95,,0.45,0.45,1.95
118,10244760,,3.95,,,,,0.95,0.45,,,,3.95,3.95,,3.95,7.95,7.95,,,,,,,,,3.95,,1.95,0.45,,,0.4,,1.95,1.95,,,,1.45,1.95,0.45,,,,1.95,0.95,,,,,,0.45,,0.4,0.45,,,,,1.95,0.95,,,,,0.45,0.95,0.4,,,,0.4,1.95,1.95,,1.95,,,,,,0.4,,,,,3.95,3.95,1.95,1.95,2.95,1.95,1.95,1.95,1.95,1.95,1.95,2.95,,,1.95,,,0.4,7.95,7.95,,3.95,1.95,,,,,,,0.4,1.95,,0.4,3.95,,,7.95,,0.4,0.4,0.4,0.45,0.4,0.45,0.45,0.95,1.95,1.95,1.95,0.45,0.45,,,,,,,,,,1.95,1.95,1.95,1.95,1.95,1.95,,,,1.95,1.95,0.95,,,3.95,3.95,,0.45,0.45,0.45,1.95,1.95,1.95,1.95,1.95,1.95,,,1.95,,,,,0.45,,,,1.95,,,,1.95,0.4,0.4,1.95,,,,0.95,1.95,,0.45,0.45,1.95
118,10244820,,3.95,,,,,0.95,0.45,,,,3.95,3.95,,3.95,7.95,7.95,,,,,,,,,3.95,,1.95,0.45,,,0.4,,1.95,1.95,,,,1.45,1.95,0.45,,,,1.95,0.95,,,,,,0.45,,0.4,0.45,,,,,1.95,0.95,,,,,0.45,0.95,0.4,,,,0.4,1.95,1.95,,1.95,,,,,,0.4,,,,,3.95,3.95,1.95,1.95,2.95,1.95,1.95,1.95,1.95,1.95,1.95,2.95,,,1.95,,,0.4,7.95,7.95,,3.95,1.95,,,,,,,0.4,1.95,,0.4,3.95,,,7.95,,0.4,0.4,0.4,0.45,0.4,0.45,0.45,0.95,1.95,1.95,1.95,0.45,0.45,,,,,,,,,,1.95,1.95,1.95,1.95,1.95,1.95,,,,1.95,1.95,0.95,,,3.95,3.95,,0.45,0.45,0.45,1.95,1.95,1.95,1.95,1.95,1.95,,,1.95,,,,,0.45,,,,1.95,,,,1.95,0.4,0.4,1.95,,,,0.95,1.95,,0.45,0.45,1.95
118,10244880,,3.95,,,,,0.95,0.45,,,,3.95,3.95,,3.95,7.95,7.95,,,,,,,,,3.95,,1.95,0.45,,,0.4,,1.95,1.95,,,,1.45,1.95,0.45,,,,1.95,0.95,,,,,,0.45,,0.4,0.45,,,,,1.95,0.95,,,,,0.45,0.95,0.4,,,,0.4,1.95,1.95,,1.95,,,,,,0.4,,,,,3.95,3.95,1.95,1.95,2.95,1.95,1.95,1.95,1.95,1.95,1.95,2.95,,,1.95,,,0.4,7.95,7.95,,3.95,1.95,,,,,,,0.4,1.95,,0.4,3.95,,,7.95,,0.4,0.4,0.4,0.45,0.4,0.45,0.45,0.95,1.95,1.95,1.95,0.45,0.45,,,,,,,,,,1.95,1.95,1.95,1.95,1.95,1.95,,,,1.95,1.95,0.95,,,3.95,3.95,,0.45,0.45,0.45,1.95,1.95,1.95,1.95,1.95,1.95,,,1.95,,,,,0.45,,,,1.95,,,,1.95,0.4,0.4,1.95,,,,0.95,1.95,,0.45,0.45,1.95
118,10244940,,3.95,,,,,0.95,0.45,,,,3.95,3.95,,3.95,7.95,7.95,,,,,,,,,3.95,,1.95,0.45,,,0.4,,1.95,1.95,,,,1.45,1.95,0.45,,,,1.95,0.95,,,,,,0.45,,0.4,0.45,,,,,1.95,0.95,,,,,0.45,0.95,0.4,,,,0.4,1.95,1.95,,1.95,,,,,,0.4,,,,,3.95,3.95,1.95,1.95,2.95,1.95,1.95,1.95,1.95,1.95,1.95,2.95,,,1.95,,,0.4,7.95,7.95,,3.95,1.95,,,,,,,0.4,1.95,,0.4,3.95,,,7.95,,0.4,0.4,0.4,0.45,0.4,0.45,0.45,0.95,1.95,1.95,1.95,0.45,0.45,,,,,,,,,,1.95,1.95,1.95,1.95,1.95,1.95,,,,1.95,1.95,0.95,,,3.95,3.95,,0.45,0.45,0.45,1.95,1.95,1.95,1.95,1.95,1.95,,,1.95,,,,,0.45,,,,1.95,,,,1.95,0.4,0.4,1.95,,,,0.95,1.95,,0.45,0.45,1.95
118,10245000,,3.95,,,,,0.95,0.45,,,,3.95,3.95,,3.95,7.95,7.95,,,,,,,,,3.95,,1.95,0.45,,,0.4,,1.95,1.95,,,,1.45,1.95,0.45,,,,1.95,0.95,,,,,,0.45,,0.4,0.45,,,,,1.95,0.95,,,,,0.45,0.95,0.4,,,,0.4,1.95,1.95,,1.95,,,,,,0.4,,,,,3.95,3.95,1.95,1.95,2.95,1.95,1.95,1.95,1.95,1.95,1.95,2.95,,,1.95,,,0.4,7.95,7.95,,3.95,1.95,,,,,,,0.4,1.95,,0.4,3.95,,,7.95,,0.4,0.4,0.4,0.45,0.4,0.45,0.45,0.95,1.95,1.95,1.95,0.45,0.45,,,,,,,,,,1.95,1.95,1.95,1.95,1.95,1.95,,,,1.95,1.95,0.95,,,3.95,3.95,,0.45,0.45,0.45,1.95,1.95,1.95,1.95,1.95,1.95,,,1.95,,,,,0.45,,,,1.95,,,,1.95,0.4,0.4,1.95,,,,0.95,1.95,,0.45,0.45,1.95
118,10245060,,3.95,,,,,0.95,0.45,,,,3.95,3.95,,3.95,7.95,7.95,,,,,,,,,3.95,,1.95,0.45,,,0.4,,1.95,1.95,,,,1.45,1.95,0.45,,,,1.95,0.95,,,,,,0.45,,0.4,0.45,,,,,1.95,0.95,,,,,0.45,0.95,0.4,,,,0.4,1.95,1.95,,1.95,,,,,,0.4,,,,,3.95,3.95,1.95,1.95,2.95,1.95,1.95,1.95,1.95,1.95,1.95,2.95,,,1.95,,,0.4,7.95,7.95,,3.95,1.95,,,,,,,0.4,1.95,,0.4,3.95,,,7.95,,0.4,0.4,0.4,0.45,0.4,0.45,0.45,0.95,1.95,1.95,1.95,0.45,0.45,,,,,,,,,,1.95,1.95,1.95,1.95,1.95,1.95,,,,1.95,1.95,0.95,,,3.95,3.95,,0.45,0.45,0.45,1.95,1.95,1.95,1.95,1.95,1.95,,,1.95,,,,,0.45,,,,1.95,,,,1.95,0.4,0.4,1.95,,,,0.95,1.95,,0.45,0.45,1.95
118,10245120,,3.95,,,,,0.95,0.45,,,,3.95,3.95,,3.95,7.95,7.95,,,,,,,,,3.95,,1.95,0.45,,,0.4,,1.95,1.95,,,,1.617,1.95,0.45,,,,1.95,0.95,,,,,,0.45,,0.4,0.45,,,,,1.95,0.95,,,,,0.45,0.95,0.4,,,,0.4,1.95,1.95,,1.95,,,,,,0.4,,,,,3.95,3.95,1.95,1.95,2.95,1.95,1.95,1.95,1.95,1.95,1.95,2.95,,,1.95,,,0.4,7.95,7.95,,3.95,1.95,,,,,,,0.4,1.95,,0.4,3.95,,,7.95,,0.4,0.4,0.4,0.45,0.4,0.45,0.45,0.95,1.95,1.95,1.95,0.45,0.45,,,,,,,,,,1.95,1.95,1.95,1.95,1.95,1.95,,,,1.95,1.95,0.95,,,3.95,3.95,,0.45,0.45,0.45,1.95,1.95,1.95,1.95,1.95,1.95,,,1.95,,,,,0.45,,,,1.95,,,,1.95,0.4,0.4,1.95,,,,0.95,1.95,,0.45,0.45,1.95
118,10245180,,3.95,,,,,0.95,0.45,,,,3.95,3.95,,3.95,7.95,7.95,,,,,,,,,3.95,,1.95,0.45,,,0.4,,1.95,1.95,,,,1.45,1.95,0.45,,,,1.95,0.95,,,,,,0.45,,0.4,0.45,,,,,1.95,0.95,,,,,0.45,0.95,0.4,,,,0.4,1.95,1.95,,1.95,,,,,,0.4,,,,,3.95,3.95,1.95,1.95,2.95,1.95,1.95,1.95,1.95,1.95,1.95,2.95,,,1.95,,,0.4,7.95,7.95,,3.95,1.95,,,,,,,0.4,1.95,,0.4,3.95,,,7.95,,0.4,0.4,0.4,0.45,0.4,0.45,0.45,0.95,1.95,1.95,1.95,0.45,0.45,,,,,,,,,,1.95,1.95,1.95,1.95,1.95,1.95,,,,1.95,1.95,0.95,,,3.95,3.95,,0.45,0.45,0.45,1.95,1.95,1.95,1.95,1.95,1.95,,,1.95,,,,,0.45,,,,1.95,,,,1.95,0.4,0.4,1.95,,,,0.95,1.95,,0.45,0.45,1.95
118,10245240,,3.95,,,,,0.95,0.45,,,,3.95,3.95,,3.95,7.95,7.95,,,,,,,,,3.95,,1.95,0.45,,,0.4,,1.95,1.95,,,,1.45,1.95,0.45,,,,1.95,0.95,,,,,,0.45,,0.4,0.45,,,,,1.95,0.95,,,,,0.45,0.95,0.4,,,,0.4,1.95,1.95,,1.95,,,,,,0.4,,,,,3.95,3.95,1.95,1.95,2.95,1.95,1.95,1.95,1.95,1.95,1.95,2.95,,,1.95,,,0.4,7.95,7.95,,3.95,1.95,,,,,,,0.4,1.95,,0.4,3.95,,,7.95,,0.4,0.4,0.4,0.45,0.4,0.45,0.45,0.95,1.95,1.95,1.95,0.45,0.45,,,,,,,,,,1.95,1.95,1.95,1.95,1.95,1.95,,,,1.95,1.95,0.95,,,3.95,3.95,,0.45,0.45,0.45,1.95,1.95,1.95,1.95,1.95,1.95,,,1.95,,,,,0.45,,,,1.95,,,,1.95,0.4,0.4,1.95,,,,0.95,1.95,,0.45,0.45,1.95
118,10245300,,3.95,,,,,0.95,0.45,,,,3.95,3.95,,3.95,7.95,7.95,,,,,,,,,3.95,,1.95,0.45,,,0.4,,1.95,1.95,,,,1.45,1.95,0.45,,,,1.95,0.95,,,,,,0.45,,0.4,0.45,,,,,1.95,0.95,,,,,0.45,0.95,0.4,,,,0.4,1.95,1.95,,1.95,,,,,,0.4,,,,,3.95,3.95,1.95,1.95,2.95,1.95,1.95,1.95,1.95,1.95,1.95,2.95,,,1.95,,,0.4,7.95,7.95,,3.95,1.95,,,,,,,0.4,1.95,,0.4,3.95,,,7.95,,0.4,0.4,0.4,0.45,0.4,0.45,0.45,0.95,1.95,1.95,1.95,0.45,0.45,,,,,,,,,,1.95,1.95,1.95,1.95,1.95,1.95,,,,1.95,1.95,0.95,,,3.95,3.95,,0.45,0.45,0.45,1.95,1.95,1.95,1.95,1.95,1.95,,,1.95,,,,,0.45,,,,1.95,,,,1.95,0.4,0.4,1.95,,,,0.95,1.95,,0.45,0.45,1.95
118,10245360,,3.95,,,,,0.95,0.45,,,,3.95,3.95,,3.95,7.95,7.95,,,,,,,,,3.95,,1.95,0.45,,,0.4,,1.95,1.95,,,,1.45,1.95,0.45,,,,1.95,0.95,,,,,,0.45,,0.4,0.45,,,,,1.95,0.95,,,,,0.45,0.95,0.4,,,,0.4,1.95,1.95,,1.95,,,,,,0.4,,,,,3.95,3.95,1.95,1.95,2.95,1.95,1.95,1.95,1.95,1.95,1.95,2.95,,,1.95,,,0.4,7.95,7.95,,3.95,1.95,,,,,,,0.4,1.95,,0.4,3.95,,,7.95,,0.4,0.4,0.4,0.45,0.4,0.45,0.45,0.95,1.95,1.95,1.95,0.45,0.45,,,,,,,,,,1.95,1.95,1.95,1.95,1.95,1.95,,,,1.95,1.95,0.95,,,3.95,3.95,,0.45,0.45,0.45,1.95,1.95,1.95,1.95,1.95,1.95,,,1.95,,,,,0.45,,,,1.95,,,,1.95,0.4,0.4,1.95,,,,0.95,1.95,,0.45,0.45,1.95
118,10245420,,3.95,,,,,0.95,0.45,,,,3.95,3.95,,3.95,7.95,7.95,,,,,,,,,3.95,,1.95,0.45,,,0.4,,1.95,1.95,,,,1.45,1.95,0.45,,,,1.95,0.95,,,,,,0.45,,0.4,0.45,,,,,1.95,0.95,,,,,0.45,0.95,0.4,,,,0.4,1.95,1.95,,1.95,,,,,,0.4,,,,,3.95,3.95,1.95,1.95,2.95,1.95,1.95,1.95,1.95,1.95,1.95,2.95,,,1.95,,,0.4,7.95,7.95,,3.95,1.95,,,,,,,0.4,1.95,,0.4,3.95,,,7.95,,0.4,0.4,0.4,0.45,0.4,0.45,0.45,0.95,1.95,1.95,1.95,0.45,0.45,,,,,,,,,,1.95,1.95,1.95,1.95,1.95,1.95,,,,1.95,1.95,0.95,,,3.95,3.95,,0.45,0.45,0.45,1.95,1.95,1.95,1.95,1.95,1.95,,,1.95,,,,,0.45,,,,1.95,,,,1.95,0.4,0.4,1.95,,,,0.95,1.95,,0.45,0.45,1.95
118,10245480,,3.95,,,,,0.95,0.45,,,,3.95,3.95,,3.95,7.95,7.95,,,,,,,,,3.95,,1.95,0.45,,,0.4,,1.95,1.95,,,,1.45,1.95,0.45,,,,1.95,0.95,,,,,,0.45,,0.4,0.45,,,,,1.95,0.95,,,,,0.45,0.95,0.4,,,,0.4,1.95,1.95,,1.95,,,,,,0.4,,,,,3.95,3.95,1.95,1.95,2.95,1.95,1.95,1.95,1.95,1.95,1.95,2.95,,,1.95,,,0.4,7.95,7.95,,3.95,1.95,,,,,,,0.4,1.95,,0.4,3.95,,,7.95,,0.4,0.4,0.4,0.45,0.4,0.45,0.45,0.95,1.95,1.95,1.95,0.45,0.45,,,,,,,,,,1.95,1.95,1.95,1.95,1.95,1.95,,,,1.95,1.95,0.95,,,3.95,3.95,,0.45,0.45,0.45,1.95,1.95,1.95,1.95,1.95,1.95,,,1.95,,,,,0.45,,,,1.95,,,,1.95,0.4,0.4,1.95,,,,0.95,1.95,,0.45,0.45,1.95
118,10245540,,3.95,,,,,0.95,0.45,,,,3.95,3.95,,3.95,7.95,7.95,,,,,,,,,3.95,,1.95,0.45,,,0.4,,1.95,1.95,,,,1.45,1.95,0.45,,,,1.95,0.95,,,,,,0.45,,0.4,0.45,,,,,1.95,0.95,,,,,0.45,0.95,0.4,,,,0.4,1.95,1.95,,1.95,,,,,,0.4,,,,,3.95,3.95,1.95,1.95,2.95,1.95,1.95,1.95,1.95,1.95,1.95,2.95,,,1.95,,,0.4,7.95,7.95,,3.95,1.95,,,,,,,0.4,1.95,,0.4,3.95,,,7.95,,0.4,0.4,0.4,0.45,0.4,0.45,0.45,0.95,1.95,1.95,1.95,0.45,0.45,,,,,,,,,,1.95,1.95,1.95,1.95,1.95,1.95,,,,1.95,1.95,0.95,,,3.95,3.95,,0.45,0.45,0.45,1.95,1.95,1.95,1.95,1.95,1.95,,,1.95,,,,,0.45,,,,1.95,,,,1.95,0.4,0.4,1.95,,,,0.95,1.95,,0.45,0.45,1.95
118,10245600,,3.95,,,,,0.95,0.45,,,,3.95,3.95,,3.95,7.95,7.95,,,,,,,,,3.95,,1.95,0.45,,,0.4,,1.95,1.95,,,,1.617,1.95,0.45,,,,1.95,0.95,,,,,,0.45,,0.4,0.45,,,,,1.95,0.95,,,,,0.45,0.95,0.4,,,,0.4,1.95,1.95,,1.95,,,,,,0.4,,,,,3.95,3.95,1.95,1.95,2.95,1.95,1.95,1.95,1.95,1.95,1.95,2.95,,,1.95,,,0.4,7.95,7.95,,3.95,1.95,,,,,,,0.4,1.95,,0.4,3.95,,,7.95,,0.4,0.4,0.4,0.45,0.4,0.45,0.45,0.95,1.95,1.95,1.95,0.45,0.45,,,,,,,,,,1.95,1.95,1.95,1.95,1.95,1.95,,,,1.95,1.95,0.95,,,3.95,3.95,,0.45,0.45,0.45,1.95,1.95,1.95,1.95,1.95,1.95,,,1.95,,,,,0.45,,,,1.95,,,,1.95,0.4,0.4,1.95,,,,0.95,1.95,,0.45,0.45,1.95
118,10245660,,3.95,,,,,0.95,0.45,,,,3.95,3.95,,3.95,7.95,7.95,,,,,,,,,3.95,,1.95,0.45,,,0.4,,1.95,1.95,,,,1.45,1.95,0.45,,,,1.95,0.95,,,,,,0.45,,0.4,0.45,,,,,1.95,0.95,,,,,0.45,0.95,0.4,,,,0.4,1.95,1.95,,1.95,,,,,,0.4,,,,,3.95,3.95,1.95,1.95,2.95,1.95,1.95,1.95,1.95,1.95,1.95,2.95,,,1.95,,,0.4,7.95,7.95,,3.95,1.95,,,,,,,0.4,1.95,,0.4,3.95,,,7.95,,0.4,0.4,0.4,0.45,0.4,0.45,0.45,0.95,1.95,1.95,1.95,0.45,0.45,,,,,,,,,,1.95,1.95,1.95,1.95,1.95,1.95,,,,1.95,1.95,0.95,,,3.95,3.95,,0.45,0.45,0.45,1.95,1.95,1.95,1.95,1.95,1.95,,,1.95,,,,,0.45,,,,1.95,,,,1.95,0.4,0.4,1.95,,,,0.95,1.95,,0.45,0.45,1.95
118,10245720,,3.95,,,,,0.95,0.45,,,,3.95,3.95,,3.95,7.95,7.95,,,,,,,,,3.95,,1.95,0.45,,,0.4,,1.95,1.95,,,,1.45,1.95,0.45,,,,1.95,0.95,,,,,,0.45,,0.4,0.45,,,,,1.95,0.95,,,,,0.45,0.95,0.4,,,,0.4,1.95,1.95,,1.95,,,,,,0.4,,,,,3.95,3.95,1.95,1.95,2.95,1.95,1.95,1.95,1.95,1.95,1.95,2.95,,,1.95,,,0.4,7.95,7.95,,3.95,1.95,,,,,,,0.4,1.95,,0.4,3.95,,,7.95,,0.4,0.4,0.4,0.45,0.4,0.45,0.45,0.95,1.95,3.95,1.95,0.45,0.45,,,,,,,,,,1.95,1.95,1.95,1.95,1.95,1.95,,,,1.95,1.95,0.95,,,3.95,3.95,,0.45,0.45,0.45,1.95,1.95,1.95,1.95,1.95,1.95,,,1.95,,,,,0.45,,,,1.95,,,,1.95,0.4,0.4,1.95,,,,0.95,1.95,,0.45,0.45,1.95
118,10245780,,3.95,,,,,0.95,0.45,,,,3.95,3.95,,3.95,7.95,7.95,,,,,,,,,3.95,,1.95,0.45,,,0.4,,1.95,1.95,,,,1.45,1.95,0.45,,,,1.95,0.95,,,,,,0.45,,0.4,0.45,,,,,1.95,0.95,,,,,0.45,0.95,0.4,,,,0.4,1.95,1.95,,1.95,,,,,,0.4,,,,,3.95,3.95,1.95,1.95,2.95,1.95,1.95,1.95,1.95,1.95,1.95,2.95,,,1.95,,,0.4,7.95,7.95,,3.95,1.95,,,,,,,0.4,1.95,,0.4,3.95,,,7.95,,0.4,0.4,0.4,0.45,0.4,0.45,0.45,0.95,1.95,3.95,1.95,0.45,0.45,,,,,,,,,,1.95,1.95,1.95,1.95,1.95,1.95,,,,1.95,1.95,0.95,,,3.95,3.95,,0.45,0.45,0.45,1.95,1.95,1.95,1.95,1.95,1.95,,,1.95,,,,,0.45,,,,1.95,,,,1.95,0.4,0.4,1.95,,,,0.95,1.95,,0.45,0.45,1.95
118,10245840,,3.95,,,,,0.95,0.45,,,,3.95,3.95,,3.95,7.95,7.95,,,,,,,,,3.95,,1.95,0.45,,,0.4,,1.95,1.95,,,,1.45,1.95,0.45,,,,1.95,0.95,,,,,,0.45,,0.4,0.45,,,,,1.95,0.95,,,,,0.45,0.95,0.4,,,,0.4,1.95,1.95,,1.95,,,,,,0.4,,,,,3.95,3.95,1.95,1.95,2.95,1.95,1.95,1.95,1.95,1.95,1.95,2.95,,,1.95,,,0.4,7.95,7.95,,3.95,1.95,,,,,,,0.4,1.95,,0.4,3.95,,,7.95,,0.4,0.4,0.4,0.45,0.4,0.45,0.45,0.95,1.95,1.95,1.95,0.45,0.45,,,,,,,,,,1.95,1.95,1.95,1.95,1.95,1.95,,,,1.95,1.95,0.95,,,3.95,3.95,,0.45,0.45,0.45,1.95,1.95,1.95,1.95,1.95,1.95,,,1.95,,,,,0.45,,,,1.95,,,,1.95,0.4,0.4,1.95,,,,0.95,1.95,,0.45,0.45,1.95
118,10245900,,3.95,,,,,0.95,0.45,,,,3.95,3.95,,3.95,7.95,7.95,,,,,,,,,3.95,,1.95,0.45,,,0.4,,1.95,1.95,,,,1.45,1.95,0.45,,,,1.95,0.95,,,,,,0.45,,0.4,0.45,,,,,1.95,0.95,,,,,0.45,0.95,0.4,,,,0.4,1.95,1.95,,1.95,,,,,,0.4,,,,,3.95,3.95,1.95,1.95,2.95,1.95,1.95,1.95,1.95,1.95,1.95,2.95,,,1.95,,,0.4,7.95,7.95,,3.95,1.95,,,,,,,0.4,1.95,,0.4,3.95,,,7.95,,0.4,0.4,0.4,0.45,0.4,0.45,0.45,0.95,1.95,1.95,1.95,0.45,0.45,,,,,,,,,,1.95,1.95,1.95,1.95,1.95,1.95,,,,1.95,1.95,0.95,,,3.95,3.95,,0.45,0.45,0.45,1.95,1.95,1.95,1.95,1.95,1.95,,,1.95,,,,,0.45,,,,1.95,,,,1.95,0.4,0.4,1.95,,,,0.95,1.95,,0.45,0.45,1.95
118,10245960,,3.95,,,,,0.95,0.45,,,,3.95,3.95,,3.95,7.95,7.95,,,,,,,,,3.95,,1.95,0.45,,,0.4,,1.95,1.95,,,,1.45,1.95,0.45,,,,1.95,0.95,,,,,,0.45,,0.4,0.45,,,,,1.95,0.95,,,,,0.45,0.95,0.4,,,,0.4,1.95,1.95,,1.95,,,,,,0.4,,,,,3.95,3.95,1.95,1.95,2.95,1.95,1.95,1.95,1.95,1.95,1.95,2.95,,,1.95,,,0.4,7.95,7.95,,3.95,1.95,,,,,,,0.4,1.95,,0.4,3.95,,,7.95,,0.4,0.4,0.4,0.45,0.4,0.45,0.45,0.95,1.95,1.95,1.95,0.45,0.45,,,,,,,,,,1.95,1.95,1.95,1.95,1.95,1.95,,,,1.95,1.95,0.95,,,3.95,3.95,,0.45,0.45,0.45,1.95,1.95,1.95,1.95,1.95,1.95,,,1.95,,,,,0.45,,,,1.95,,,,1.95,0.4,0.4,1.95,,,,0.95,1.95,,0.45,0.45,1.95
118,10246020,,3.95,,,,,0.95,0.45,,,,3.95,3.95,,3.95,7.95,7.95,,,,,,,,,3.95,,1.95,0.45,,,0.4,,1.95,1.95,,,,1.45,1.95,0.45,,,,1.95,0.95,,,,,,0.45,,0.4,0.45,,,,,1.95,0.95,,,,,0.45,0.95,0.4,,,,0.4,1.95,1.95,,1.95,,,,,,0.4,,,,,3.95,3.95,1.95,1.95,2.95,1.95,1.95,1.95,1.95,1.95,1.95,2.95,,,1.95,,,0.4,7.95,7.95,,3.95,1.95,,,,,,,0.4,1.95,,0.4,3.95,,,7.95,,0.4,0.4,0.4,0.45,0.4,0.45,0.45,0.95,1.95,1.95,1.95,0.45,0.45,,,,,,,,,,1.95,1.95,1.95,1.95,1.95,1.95,,,,1.95,1.95,0.95,,,3.95,3.95,,0.45,0.45,0.45,1.95,1.95,1.95,1.95,1.95,1.95,,,1.95,,,,,0.45,,,,1.95,,,,1.95,0.4,0.4,1.95,,,,0.95,1.95,,0.45,0.45,1.95
118,10246080,,3.95,,,,,0.95,0.45,,,,3.95,3.95,,3.95,7.95,7.95,,,,,,,,,3.95,,1.95,0.45,,,0.4,,1.95,1.95,,,,1.45,1.95,0.45,,,,1.95,0.95,,,,,,0.45,,0.4,0.45,,,,,1.95,0.95,,,,,0.45,0.95,0.4,,,,0.4,1.95,1.95,,1.95,,,,,,0.4,,,,,3.95,3.95,1.95,1.95,2.95,1.95,1.95,1.95,1.95,1.95,1.95,2.95,,,1.95,,,0.4,7.95,7.95,,3.95,1.95,,,,,,,0.4,1.95,,0.4,3.95,,,7.95,,0.4,0.4,0.4,0.45,0.4,0.45,0.45,0.95,1.95,1.95,1.95,0.45,0.45,,,,,,,,,,1.95,1.95,1.95,1.95,1.95,1.95,,,,1.95,1.95,0.95,,,3.95,3.95,,0.45,0.45,0.45,1.95,1.95,1.95,1.95,1.95,1.95,,,1.95,,,,,0.45,,,,1.95,,,,1.95,0.4,0.4,1.95,,,,0.95,1.95,,0.45,0.45,1.95
118,10246140,,3.95,,,,,0.95,0.45,,,,3.95,3.95,,3.95,7.95,7.95,,,,,,,,,3.95,,1.95,0.45,,,0.4,,1.95,1.95,,,,1.617,1.95,0.45,,,,1.95,0.95,,,,,,0.45,,0.4,0.45,,,,,1.95,0.95,,,,,0.45,0.95,0.4,,,,0.4,1.95,1.95,,1.95,,,,,,0.4,,,,,3.95,3.95,1.95,1.95,2.95,1.95,1.95,1.95,1.95,1.95,1.95,2.95,,,1.95,,,0.4,7.95,7.95,,3.95,1.95,,,,,,,0.4,1.95,,0.4,3.95,,,7.95,,0.4,0.4,0.4,0.45,0.4,0.45,0.45,0.95,1.95,1.95,1.95,0.45,0.45,,,,,,,,,,1.95,1.95,1.95,1.95,1.95,1.95,,,,1.95,1.95,0.95,,,3.95,3.95,,0.45,0.45,0.45,1.95,1.95,1.95,1.95,1.95,1.95,,,1.95,,,,,0.45,,,,1.95,,,,1.95,0.4,0.4,1.95,,,,0.95,1.95,,0.45,0.45,1.95
118,10246200,,3.95,,,,,0.95,0.45,,,,3.95,3.95,,3.95,7.95,7.95,,,,,,,,,3.95,,1.95,0.45,,,0.4,,1.95,1.95,,,,1.45,1.95,0.45,,,,1.95,0.95,,,,,,0.45,,0.4,0.45,,,,,1.95,0.95,,,,,0.45,0.95,0.4,,,,0.4,1.95,1.95,,1.95,,,,,,0.4,,,,,3.95,3.95,1.95,1.95,2.95,1.95,1.95,1.95,1.95,1.95,1.95,2.95,,,1.95,,,0.4,7.95,7.95,,3.95,1.95,,,,,,,0.4,1.95,,0.4,3.95,,,7.95,,0.4,0.4,0.4,0.45,0.4,0.45,0.45,0.95,1.95,1.95,1.95,0.45,0.45,,,,,,,,,,1.95,1.95,1.95,1.95,1.95,1.95,,,,1.95,1.95,0.95,,,3.95,3.95,,0.45,0.45,0.45,1.95,1.95,1.95,1.95,1.95,1.95,,,1.95,,,,,0.45,,,,1.95,,,,1.95,0.4,0.4,1.95,,,,0.95,1.95,,0.45,0.45,1.95
118,10246260,,3.95,,,,,0.95,0.45,,,,3.95,3.95,,3.95,7.95,7.95,,,,,,,,,3.95,,1.95,0.45,,,0.4,,1.95,1.95,,,,1.45,1.95,0.45,,,,1.95,0.95,,,,,,0.45,,0.4,0.45,,,,,1.95,0.95,,,,,0.45,0.95,0.4,,,,0.4,1.95,1.95,,1.95,,,,,,0.4,,,,,3.95,3.95,1.95,1.95,2.95,1.95,1.95,1.95,1.95,1.95,1.95,2.95,,,1.95,,,0.4,7.95,7.95,,3.95,1.95,,,,,,,0.4,1.95,,0.4,3.95,,,7.95,,0.4,0.4,0.4,0.45,0.4,0.45,0.45,0.95,1.95,1.95,1.95,0.45,0.45,,,,,,,,,,1.95,1.95,1.95,1.95,1.95,1.95,,,,1.95,1.95,0.95,,,3.95,3.95,,0.45,0.45,0.45,1.95,1.95,1.95,1.95,1.95,1.95,,,1.95,,,,,0.45,,,,1.95,,,,1.95,0.4,0.4,1.95,,,,0.95,1.95,,0.45,0.45,1.95
118,10246320,,3.95,,,,,0.95,0.45,,,,3.95,3.95,,3.95,7.95,7.95,,,,,,,,,3.95,,1.95,0.45,,,0.4,,1.95,1.95,,,,1.617,1.95,0.45,,,,1.95,0.95,,,,,,0.45,,0.4,0.45,,,,,1.95,0.95,,,,,0.45,0.95,0.4,,,,0.4,1.95,1.95,,1.95,,,,,,0.4,,,,,3.95,3.95,1.95,1.95,2.95,1.95,1.95,1.95,1.95,1.95,1.95,2.95,,,1.95,,,0.4,7.95,7.95,,3.95,1.95,,,,,,,0.4,1.95,,0.4,3.95,,,7.95,,0.4,0.4,0.4,0.45,0.4,0.45,0.45,0.95,1.95,1.95,1.95,0.45,0.45,,,,,,,,,,1.95,1.95,1.95,1.95,1.95,1.95,,,,1.95,1.95,0.95,,,3.95,3.95,,0.45,0.45,0.45,1.95,1.95,1.95,1.95,1.95,1.95,,,1.95,,,,,0.45,,,,1.95,,,,1.95,0.4,0.4,1.95,,,,0.95,1.95,,0.45,0.45,1.95
118,10246380,,3.95,,,,,0.95,0.45,,,,3.95,3.95,,3.95,7.95,7.95,,,,,,,,,3.95,,1.95,0.45,,,0.4,,1.95,1.95,,,,1.45,1.95,0.45,,,,1.95,0.95,,,,,,0.45,,0.4,0.45,,,,,1.95,0.95,,,,,0.45,0.95,0.4,,,,0.4,1.95,1.95,,1.95,,,,,,0.4,,,,,3.95,3.95,1.95,1.95,2.95,1.95,1.95,1.95,1.95,1.95,1.95,2.95,,,1.95,,,0.4,7.95,7.95,,3.95,1.95,,,,,,,0.4,1.95,,0.4,3.95,,,7.95,,0.4,0.4,0.4,0.45,0.4,0.45,0.45,0.95,1.95,1.95,1.95,0.45,0.45,,,,,,,,,,1.95,1.95,1.95,1.95,1.95,1.95,,,,1.95,1.95,0.95,,,3.95,3.95,,0.45,0.45,0.45,1.95,1.95,1.95,1.95,1.95,1.95,,,1.95,,,,,0.45,,,,1.95,,,,1.95,0.4,0.4,1.95,,,,0.95,1.95,,0.45,0.45,1.95
118,10246440,,3.95,,,,,0.95,0.45,,,,3.95,3.95,,3.95,7.95,7.95,,,,,,,,,3.95,,1.95,0.45,,,0.4,,1.95,1.95,,,,1.45,1.95,0.45,,,,1.95,0.95,,,,,,0.45,,0.4,0.45,,,,,1.95,0.95,,,,,0.45,0.95,0.4,,,,0.4,1.95,1.95,,1.95,,,,,,0.4,,,,,3.95,3.95,1.95,1.95,2.95,1.95,1.95,1.95,1.95,1.95,1.95,2.95,,,1.95,,,0.4,7.95,7.95,,3.95,1.95,,,,,,,0.4,1.95,,0.4,3.95,,,7.95,,0.4,0.4,0.4,0.45,0.4,0.45,0.45,0.95,1.95,1.95,1.95,0.45,0.45,,,,,,,,,,1.95,1.95,1.95,1.95,1.95,1.95,,,,1.95,1.95,0.95,,,3.95,3.95,,0.45,0.45,0.45,1.95,1.95,1.95,1.95,1.95,1.95,,,1.95,,,,,0.45,,,,1.95,,,,1.95,0.4,0.4,1.95,,,,0.95,1.95,,0.45,0.45,1.95
118,10246500,,3.95,,,,,0.95,0.45,,,,3.95,3.95,,3.95,7.95,7.95,,,,,,,,,3.95,,1.95,0.45,,,0.4,,1.95,1.95,,,,1.45,1.95,0.45,,,,1.95,0.95,,,,,,0.45,,0.4,0.45,,,,,1.95,0.95,,,,,0.45,0.95,0.4,,,,0.4,1.95,1.95,,1.95,,,,,,0.4,,,,,3.95,3.95,1.95,1.95,2.95,1.95,1.95,1.95,1.95,1.95,1.95,2.95,,,1.95,,,0.4,7.95,7.95,,3.95,1.95,,,,,,,0.4,1.95,,0.4,3.95,,,7.95,,0.4,0.4,0.4,0.45,0.4,0.45,0.45,0.95,1.95,1.95,1.95,0.45,0.45,,,,,,,,,,1.95,1.95,1.95,1.95,1.95,1.95,,,,1.95,1.95,0.95,,,3.95,3.95,,0.45,0.45,0.45,1.95,1.95,1.95,1.95,1.95,1.95,,,1.95,,,,,0.45,,,,1.95,,,,1.95,0.4,0.4,1.95,,,,0.95,1.95,,0.45,0.45,1.95
118,10246560,,3.95,,,,,0.95,0.45,,,,3.95,3.95,,3.95,7.95,7.95,,,,,,,,,3.95,,1.95,0.45,,,0.4,,1.95,1.95,,,,1.45,1.95,0.45,,,,1.95,0.95,,,,,,0.45,,0.4,0.45,,,,,1.95,0.95,,,,,0.45,0.95,0.4,,,,0.4,1.95,1.95,,1.95,,,,,,0.4,,,,,3.95,3.95,1.95,1.95,2.95,1.95,1.95,1.95,1.95,1.95,1.95,2.95,,,1.95,,,0.4,7.95,7.95,,3.95,1.95,,,,,,,0.4,1.95,,0.4,3.95,,,7.95,,0.4,0.4,0.4,0.45,0.4,0.45,0.45,0.95,1.95,1.95,1.95,0.45,0.45,,,,,,,,,,1.95,1.95,1.95,1.95,1.95,1.95,,,,1.95,1.95,0.95,,,3.95,3.95,,0.45,0.45,0.45,1.95,1.95,1.95,1.95,1.95,1.95,,,1.95,,,,,0.45,,,,1.95,,,,1.95,0.4,0.4,1.95,,,,0.95,1.95,,0.45,0.45,1.95
118,10246620,,3.95,,,,,0.95,0.45,,,,3.95,3.95,,3.95,7.95,7.95,,,,,,,,,3.95,,1.95,0.45,,,0.4,,1.95,1.95,,,,1.45,1.95,0.45,,,,1.95,0.95,,,,,,0.45,,0.4,0.45,,,,,1.95,0.95,,,,,0.45,0.95,0.4,,,,0.4,1.95,1.95,,1.95,,,,,,0.4,,,,,3.95,3.95,1.95,1.95,2.95,1.95,1.95,1.95,1.95,1.95,1.95,2.95,,,1.95,,,0.4,7.95,7.95,,3.95,1.95,,,,,,,0.4,1.95,,0.4,3.95,,,7.95,,0.4,0.4,0.4,0.45,0.4,0.45,0.45,0.95,1.95,1.95,1.95,0.45,0.45,,,,,,,,,,1.95,1.95,1.95,1.95,1.95,1.95,,,,1.95,1.95,0.95,,,3.95,3.95,,0.45,0.45,0.45,1.95,1.95,1.95,1.95,1.95,1.95,,,1.95,,,,,0.45,,,,1.95,,,,1.95,0.4,0.4,1.95,,,,0.95,1.95,,0.45,0.45,1.95
118,10246680,,3.95,,,,,0.95,0.45,,,,3.95,3.95,,3.95,7.95,7.95,,,,,,,,,3.95,,1.95,0.45,,,0.4,,1.95,1.95,,,,1.45,1.95,0.45,,,,1.95,0.95,,,,,,0.45,,0.4,0.45,,,,,1.95,0.95,,,,,0.45,0.95,0.4,,,,0.4,1.95,1.95,,1.95,,,,,,0.4,,,,,3.95,3.95,1.95,1.95,2.95,1.95,1.95,1.95,1.95,1.95,1.95,2.95,,,1.95,,,0.4,7.95,7.95,,3.95,1.95,,,,,,,0.4,1.95,,0.4,3.95,,,7.95,,0.4,0.4,0.4,0.45,0.4,0.45,0.45,0.95,1.95,1.95,1.95,0.45,0.45,,,,,,,,,,1.95,1.95,1.95,1.95,1.95,1.95,,,,1.95,1.95,0.95,,,3.95,3.95,,0.45,0.45,0.45,1.95,1.95,1.95,1.95,1.95,1.95,,,1.95,,,,,0.45,,,,1.95,,,,1.95,0.4,0.4,1.95,,,,0.95,1.95,,0.45,0.45,1.95
118,10246740,,3.95,,,,,0.95,0.45,,,,3.95,3.95,,3.95,7.95,7.95,,,,,,,,,3.95,,1.95,0.45,,,0.4,,1.95,1.95,,,,1.45,1.95,0.45,,,,1.95,0.95,,,,,,0.45,,0.4,0.45,,,,,1.95,0.95,,,,,0.45,0.95,0.4,,,,0.4,1.95,1.95,,1.95,,,,,,0.4,,,,,3.95,3.95,1.95,1.95,2.95,1.95,1.95,1.95,1.95,1.95,1.95,2.95,,,1.95,,,0.4,7.95,7.95,,3.95,1.95,,,,,,,0.4,1.95,,0.4,3.95,,,7.95,,0.4,0.4,0.4,0.45,0.4,0.45,0.45,0.95,1.95,1.95,1.95,0.45,0.45,,,,,,,,,,1.95,1.95,1.95,1.95,1.95,1.95,,,,1.95,1.95,0.95,,,3.95,3.95,,0.45,0.45,0.45,1.95,1.95,1.95,1.95,1.95,1.95,,,1.95,,,,,0.45,,,,1.95,,,,1.95,0.4,0.4,1.95,,,,0.95,1.95,,0.45,0.45,1.95
118,10246800,,3.95,,,,,0.95,0.45,,,,3.95,3.95,,3.95,7.95,7.95,,,,,,,,,3.95,,1.95,0.45,,,0.4,,1.95,1.95,,,,1.45,1.95,0.45,,,,1.95,0.95,,,,,,0.45,,0.4,0.45,,,,,1.95,0.95,,,,,0.45,0.95,0.4,,,,0.4,1.95,1.95,,1.95,,,,,,0.4,,,,,3.95,3.95,1.95,1.95,2.95,1.95,1.95,1.95,1.95,1.95,1.95,2.95,,,1.95,,,0.4,7.95,7.95,,3.95,1.95,,,,,,,0.4,1.95,,0.4,3.95,,,7.95,,0.4,0.4,0.4,0.45,0.4,0.45,0.45,0.95,1.95,1.95,1.95,0.45,0.45,,,,,,,,,,1.95,1.95,1.95,1.95,1.95,1.95,,,,1.95,1.95,0.95,,,3.95,3.95,,0.45,0.45,0.45,1.95,1.95,1.95,1.95,1.95,1.95,,,1.95,,,,,0.45,,,,1.95,,,,1.95,0.4,0.4,1.95,,,,0.95,1.95,,0.45,0.45,1.95
118,10246860,,3.95,,,,,0.95,0.45,,,,3.95,3.95,,3.95,7.95,7.95,,,,,,,,,3.95,,1.95,0.45,,,0.4,,1.95,1.95,,,,1.45,1.95,0.45,,,,1.95,0.95,,,,,,0.45,,0.4,0.45,,,,,1.95,0.95,,,,,0.45,0.95,0.4,,,,0.4,1.95,1.95,,1.95,,,,,,0.4,,,,,3.95,3.95,1.95,1.95,2.95,1.95,1.95,1.95,1.95,1.95,1.95,2.95,,,1.95,,,0.4,7.95,7.95,,3.95,1.95,,,,,,,0.4,1.95,,0.4,3.95,,,7.95,,0.4,0.4,0.4,0.45,0.4,0.45,0.45,0.95,1.95,1.95,1.95,0.45,0.45,,,,,,,,,,1.95,1.95,1.95,1.95,1.95,1.95,,,,1.95,1.95,0.95,,,3.95,3.95,,0.45,0.45,0.45,1.95,1.95,1.95,1.95,1.95,1.95,,,1.95,,,,,0.45,,,,1.95,,,,1.95,0.4,0.4,1.95,,,,0.95,1.95,,0.45,0.45,1.95
118,10246920,,3.95,,,,,0.95,0.45,,,,3.95,3.95,,3.95,7.95,7.95,,,,,,,,,3.95,,1.95,0.45,,,0.4,,1.95,1.95,,,,1.45,1.95,0.45,,,,1.95,0.95,,,,,,0.45,,0.4,0.45,,,,,1.95,0.95,,,,,0.45,0.95,0.4,,,,0.4,1.95,1.95,,1.95,,,,,,0.4,,,,,3.95,3.95,1.95,1.95,2.95,1.95,1.95,1.95,1.95,1.95,1.95,2.95,,,1.95,,,0.4,7.95,7.95,,3.95,1.95,,,,,,,0.4,1.95,,0.4,3.95,,,7.95,,0.4,0.4,0.4,0.45,0.4,0.45,0.45,0.95,1.95,1.95,1.95,0.45,0.45,,,,,,,,,,1.95,1.95,1.95,1.95,1.95,1.95,,,,1.95,1.95,0.95,,,3.95,3.95,,0.45,0.45,0.45,1.95,1.95,1.95,1.95,1.95,1.95,,,1.95,,,,,0.45,,,,1.95,,,,1.95,0.4,0.4,1.95,,,,0.95,1.95,,0.45,0.45,1.95
118,10246980,,3.95,,,,,0.95,0.45,,,,3.95,3.95,,3.95,7.95,7.95,,,,,,,,,3.95,,1.95,0.45,,,0.4,,1.95,1.95,,,,1.45,1.95,0.45,,,,1.95,0.95,,,,,,0.45,,0.4,0.45,,,,,1.95,0.95,,,,,0.45,0.95,0.4,,,,0.4,1.95,1.95,,1.95,,,,,,0.4,,,,,3.95,3.95,1.95,1.95,2.95,1.95,1.95,1.95,1.95,1.95,1.95,2.95,,,1.95,,,0.4,7.95,7.95,,3.95,1.95,,,,,,,0.4,1.95,,0.4,3.95,,,7.95,,0.4,0.4,0.4,0.45,0.4,0.45,0.45,0.95,1.95,1.95,1.95,0.45,0.45,,,,,,,,,,1.95,1.95,1.95,1.95,1.95,1.95,,,,1.95,1.95,0.95,,,3.95,3.95,,0.45,0.45,0.45,1.95,1.95,1.95,1.95,1.95,1.95,,,1.95,,,,,0.45,,,,1.95,,,,1.95,0.4,0.4,1.95,,,,0.95,1.95,,0.45,0.45,1.95
118,10247040,,3.95,,,,,0.95,0.45,,,,3.95,3.95,,3.95,7.95,7.95,,,,,,,,,3.95,,1.95,0.45,,,0.4,,1.95,1.95,,,,1.45,1.95,0.45,,,,1.95,0.95,,,,,,0.45,,0.4,0.45,,,,,1.95,0.95,,,,,0.45,0.95,0.4,,,,0.4,1.95,1.95,,1.95,,,,,,0.4,,,,,3.95,3.95,1.95,1.95,2.95,1.95,1.95,1.95,1.95,1.95,1.95,2.95,,,1.95,,,0.4,7.95,7.95,,3.95,1.95,,,,,,,0.4,1.95,,0.4,3.95,,,7.95,,0.4,0.4,0.4,0.45,0.4,0.45,0.45,0.95,1.95,1.95,1.95,0.45,0.45,,,,,,,,,,1.95,1.95,1.95,1.95,1.95,1.95,,,,1.95,1.95,0.95,,,3.95,3.95,,0.45,0.45,0.45,1.95,1.95,1.95,1.95,1.95,1.95,,,1.95,,,,,0.45,,,,1.95,,,,1.95,0.4,0.4,1.95,,,,0.95,1.95,,0.45,0.45,1.95
118,10247100,,3.95,,,,,0.95,0.45,,,,3.95,3.95,,3.95,7.95,7.95,,,,,,,,,3.95,,1.95,0.45,,,0.4,,1.95,1.95,,,,1.45,1.95,0.45,,,,1.95,0.95,,,,,,0.45,,0.4,0.45,,,,,1.95,0.95,,,,,0.45,0.95,0.4,,,,0.4,1.95,1.95,,1.95,,,,,,0.4,,,,,3.95,3.95,1.95,1.95,2.95,1.95,1.95,1.95,1.95,1.95,1.95,2.95,,,1.95,,,0.4,7.95,7.95,,3.95,1.95,,,,,,,0.4,1.95,,0.4,3.95,,,7.95,,0.4,0.4,0.4,0.45,0.4,0.45,0.45,0.95,1.95,1.95,1.95,0.45,0.45,,,,,,,,,,1.95,1.95,1.95,1.95,1.95,1.95,,,,1.95,1.95,0.95,,,3.95,3.95,,0.45,0.45,0.45,1.95,1.95,1.95,1.95,1.95,1.95,,,1.95,,,,,0.45,,,,1.95,,,,1.95,0.4,0.4,1.95,,,,0.95,1.95,,0.45,0.45,1.95
118,10247160,,3.95,,,,,0.95,0.45,,,,3.95,3.95,,3.95,7.95,7.95,,,,,,,,,3.95,,1.95,0.45,,,0.4,,1.95,1.95,,,,1.45,1.95,0.45,,,,1.95,0.95,,,,,,0.45,,0.4,0.45,,,,,1.95,0.95,,,,,0.45,0.95,0.4,,,,0.4,1.95,1.95,,1.95,,,,,,0.4,,,,,3.95,3.95,1.95,1.95,2.95,1.95,1.95,1.95,1.95,1.95,1.95,2.95,,,1.95,,,0.4,7.95,7.95,,3.95,1.95,,,,,,,0.4,1.95,,0.4,3.95,,,7.95,,0.4,0.4,0.4,0.45,0.4,0.45,0.45,0.95,1.95,1.95,1.95,0.45,0.45,,,,,,,,,,1.95,1.95,1.95,1.95,1.95,1.95,,,,1.95,1.95,0.95,,,3.95,3.95,,0.45,0.45,0.45,1.95,1.95,1.95,1.95,1.95,1.95,,,1.95,,,,,0.45,,,,1.95,,,,1.95,0.4,0.4,1.95,,,,0.95,1.95,,0.45,0.45,1.95
118,10247220,,3.95,,,,,0.95,0.45,,,,3.95,3.95,,3.95,7.95,7.95,,,,,,,,,3.95,,1.95,0.45,,,0.4,,1.95,1.95,,,,1.45,1.95,0.45,,,,1.95,0.95,,,,,,0.45,,0.4,0.45,,,,,1.95,0.95,,,,,0.45,0.95,0.4,,,,0.4,1.95,1.95,,1.95,,,,,,0.4,,,,,3.95,3.95,1.95,1.95,2.95,1.95,1.95,1.95,1.95,1.95,1.95,2.95,,,1.95,,,0.4,7.95,7.95,,3.95,1.95,,,,,,,0.4,1.95,,0.4,3.95,,,7.95,,0.4,0.4,0.4,0.45,0.4,0.45,0.45,0.95,1.95,1.95,1.95,0.45,0.45,,,,,,,,,,1.95,1.95,1.95,1.95,1.95,1.95,,,,1.95,1.95,0.95,,,3.95,3.95,,0.45,0.45,0.45,1.95,1.95,1.95,1.95,1.95,1.95,,,1.95,,,,,0.45,,,,1.95,,,,1.95,0.4,0.4,1.95,,,,0.95,1.95,,0.45,0.45,1.95
118,10247280,,3.95,,,,,0.95,0.45,,,,3.95,3.95,,3.95,7.95,7.95,,,,,,,,,3.95,,1.95,0.45,,,0.4,,1.95,1.95,,,,1.45,1.95,0.45,,,,1.95,0.95,,,,,,0.45,,0.4,0.45,,,,,1.95,0.95,,,,,0.45,0.95,0.4,,,,0.4,1.95,1.95,,1.95,,,,,,0.4,,,,,3.95,3.95,1.95,1.95,2.95,1.95,1.95,1.95,1.95,1.95,1.95,2.95,,,1.95,,,0.4,7.95,7.95,,3.95,1.95,,,,,,,0.4,1.95,,0.4,3.95,,,7.95,,0.4,0.4,0.4,0.45,0.4,0.45,0.45,0.95,1.95,1.95,1.95,0.45,0.45,,,,,,,,,,1.95,1.95,1.95,1.95,1.95,1.95,,,,1.95,1.95,0.95,,,3.95,3.95,,0.45,0.45,0.45,1.95,1.95,1.95,1.95,1.95,1.95,,,1.95,,,,,0.45,,,,1.95,,,,1.95,0.4,0.4,1.95,,,,0.95,1.95,,0.45,0.45,1.95
118,10247340,,3.95,,,,,0.95,0.45,,,,3.95,3.95,,3.95,7.95,7.95,,,,,,,,,3.95,,1.95,0.45,,,0.4,,1.95,1.95,,,,1.45,1.95,0.45,,,,1.95,0.95,,,,,,0.45,,0.4,0.45,,,,,1.95,0.95,,,,,0.45,0.95,0.4,,,,0.4,1.95,1.95,,1.95,,,,,,0.4,,,,,3.95,3.95,1.95,1.95,2.95,1.95,1.95,1.95,1.95,1.95,1.95,2.95,,,1.95,,,0.4,7.95,7.95,,3.95,1.95,,,,,,,0.4,1.95,,0.4,3.95,,,7.95,,0.4,0.4,0.4,0.45,0.4,0.45,0.45,0.95,1.95,1.95,1.95,0.45,0.45,,,,,,,,,,1.95,1.95,1.95,1.95,1.95,1.95,,,,1.95,1.95,0.95,,,3.95,3.95,,0.45,0.45,0.45,1.95,1.95,1.95,1.95,1.95,1.95,,,1.95,,,,,0.45,,,,1.95,,,,1.95,0.4,0.4,1.95,,,,0.95,1.95,,0.45,0.45,1.95
118,10247400,,3.95,,,,,0.95,0.45,,,,3.95,3.95,,3.95,7.95,7.95,,,,,,,,,3.95,,1.95,0.45,,,0.4,,1.95,1.95,,,,1.45,1.95,0.45,,,,1.95,0.95,,,,,,0.45,,0.4,0.45,,,,,1.95,0.95,,,,,0.45,0.95,0.4,,,,0.4,1.95,1.95,,1.95,,,,,,0.4,,,,,3.95,3.95,1.95,1.95,2.95,1.95,1.95,1.95,1.95,1.95,1.95,2.95,,,1.95,,,0.4,7.95,7.95,,3.95,1.95,,,,,,,0.4,1.95,,0.4,3.95,,,7.95,,0.4,0.4,0.4,0.45,0.4,0.45,0.45,0.95,1.95,1.95,1.95,0.45,0.45,,,,,,,,,,1.95,1.95,1.95,1.95,1.95,1.95,,,,1.95,1.95,0.95,,,3.95,3.95,,0.45,0.45,0.45,1.95,1.95,1.95,1.95,1.95,1.95,,,1.95,,,,,0.45,,,,1.95,,,,1.95,0.4,0.4,1.95,,,,0.95,1.95,,0.45,0.45,1.95
118,10247460,,3.95,,,,,0.95,0.45,,,,3.95,3.95,,3.95,7.95,7.95,,,,,,,,,3.95,,1.95,0.45,,,0.4,,1.95,1.95,,,,1.45,1.95,0.45,,,,1.95,0.95,,,,,,0.45,,0.4,0.45,,,,,1.95,0.95,,,,,0.45,0.95,0.4,,,,0.4,1.95,1.95,,1.95,,,,,,0.4,,,,,3.95,3.95,1.95,1.95,2.95,1.95,1.95,1.95,1.95,1.95,1.95,2.95,,,1.95,,,0.4,7.95,7.95,,3.95,1.95,,,,,,,0.4,1.95,,0.4,3.95,,,7.95,,0.4,0.4,0.4,0.45,0.4,0.45,0.45,0.95,1.95,1.95,1.95,0.45,0.45,,,,,,,,,,1.95,1.95,1.95,1.95,1.95,1.95,,,,1.95,1.95,0.95,,,3.95,3.95,,0.45,0.45,0.45,1.95,1.95,1.95,1.95,1.95,1.95,,,1.95,,,,,0.45,,,,1.95,,,,1.95,0.4,0.4,1.95,,,,0.95,1.95,,0.45,0.45,1.95
118,10247520,,3.95,,,,,0.95,0.45,,,,3.95,3.95,,3.95,7.95,7.95,,,,,,,,,3.95,,1.95,0.45,,,0.4,,1.95,1.95,,,,1.45,1.95,0.45,,,,1.95,0.95,,,,,,0.45,,0.4,0.45,,,,,1.95,0.95,,,,,0.45,0.95,0.4,,,,0.4,1.95,1.95,,1.95,,,,,,0.4,,,,,3.95,3.95,1.95,1.95,2.95,1.95,1.95,1.95,1.95,1.95,1.95,2.95,,,1.95,,,0.4,7.95,7.95,,3.95,1.95,,,,,,,0.4,1.95,,0.4,3.95,,,7.95,,0.4,0.4,0.4,0.45,0.4,0.45,0.45,0.95,1.95,1.95,1.95,0.45,0.45,,,,,,,,,,1.95,1.95,1.95,1.95,1.95,1.95,,,,1.95,1.95,0.95,,,3.95,3.95,,0.45,0.45,0.45,1.95,1.95,1.95,1.95,1.95,1.95,,,1.95,,,,,0.45,,,,1.95,,,,1.95,0.4,0.4,1.95,,,,0.95,1.95,,0.45,0.45,1.95
118,10247580,,3.95,,,,,0.95,0.45,,,,3.95,3.95,,3.95,7.95,7.95,,,,,,,,,3.95,,1.95,0.45,,,0.4,,1.95,1.95,,,,1.45,1.95,0.45,,,,1.95,0.95,,,,,,0.45,,0.4,0.45,,,,,1.95,0.95,,,,,0.45,0.95,0.4,,,,0.4,1.95,1.95,,1.95,,,,,,0.4,,,,,3.95,3.95,1.95,1.95,2.95,1.95,1.95,1.95,1.95,1.95,1.95,2.95,,,1.95,,,0.4,7.95,7.95,,3.95,1.95,,,,,,,0.4,1.95,,0.4,3.95,,,7.95,,0.4,0.4,0.4,0.45,0.4,0.45,0.45,0.95,1.95,1.95,1.95,0.45,0.45,,,,,,,,,,1.95,1.95,1.95,1.95,1.95,1.95,,,,1.95,1.95,0.95,,,3.95,3.95,,0.45,0.45,0.45,1.95,1.95,1.95,1.95,1.95,1.95,,,1.95,,,,,0.45,,,,1.95,,,,1.95,0.4,0.4,1.95,,,,0.95,1.95,,0.45,0.45,1.95
118,10247640,,3.95,,,,,0.95,0.45,,,,3.95,3.95,,3.95,7.95,7.95,,,,,,,,,3.95,,1.95,0.45,,,0.4,,1.95,1.95,,,,1.45,1.95,0.45,,,,1.95,0.95,,,,,,0.45,,0.4,0.45,,,,,1.95,0.95,,,,,0.45,0.95,0.4,,,,0.4,1.95,1.95,,1.95,,,,,,0.4,,,,,3.95,3.95,1.95,1.95,2.95,1.95,1.95,1.95,1.95,1.95,1.95,2.95,,,1.95,,,0.4,7.95,7.95,,3.95,1.95,,,,,,,0.4,1.95,,0.4,3.95,,,7.95,,0.4,0.4,0.4,0.45,0.4,0.45,0.45,0.95,1.95,1.95,1.95,0.45,0.45,,,,,,,,,,1.95,1.95,1.95,1.95,1.95,1.95,,,,1.95,1.95,0.95,,,3.95,3.95,,0.45,0.45,0.45,1.95,1.95,1.95,1.95,1.95,1.95,,,1.95,,,,,0.45,,,,1.95,,,,1.95,0.4,0.4,1.95,,,,0.95,1.95,,0.45,0.45,1.95
118,10247700,,3.95,,,,,0.95,0.45,,,,3.95,3.95,,3.95,7.95,7.95,,,,,,,,,3.95,,1.95,0.45,,,0.4,,1.95,1.95,,,,1.45,1.95,0.45,,,,1.95,0.95,,,,,,0.45,,0.4,0.45,,,,,1.95,0.95,,,,,0.45,0.95,0.4,,,,0.4,1.95,1.95,,1.95,,,,,,0.4,,,,,3.95,3.95,1.95,1.95,2.95,1.95,1.95,1.95,1.95,1.95,1.95,2.95,,,1.95,,,0.4,7.95,7.95,,3.95,1.95,,,,,,,0.4,1.95,,0.4,3.95,,,7.95,,0.4,0.4,0.4,0.45,0.4,0.45,0.45,0.95,1.95,1.95,1.95,0.45,0.45,,,,,,,,,,1.95,1.95,1.95,1.95,1.95,1.95,,,,1.95,1.95,0.95,,,3.95,3.95,,0.45,0.45,0.45,1.95,1.95,1.95,1.95,1.95,1.95,,,1.95,,,,,0.45,,,,1.95,,,,1.95,0.4,0.4,1.95,,,,0.95,1.95,,0.45,0.45,1.95
118,10247760,,3.95,,,,,0.95,0.45,,,,3.95,3.95,,3.95,7.95,7.95,,,,,,,,,3.95,,1.95,0.45,,,0.4,,1.95,1.95,,,,1.45,1.95,0.45,,,,1.95,0.95,,,,,,0.45,,0.4,0.45,,,,,1.95,0.95,,,,,0.45,0.95,0.4,,,,0.4,1.95,1.95,,1.95,,,,,,0.4,,,,,3.95,3.95,1.95,1.95,2.95,1.95,1.95,1.95,1.95,1.95,1.95,2.95,,,1.95,,,0.4,7.95,7.95,,3.95,1.95,,,,,,,0.4,1.95,,0.4,3.95,,,7.95,,0.4,0.4,0.4,0.45,0.4,0.45,0.45,0.95,1.95,1.95,1.95,0.45,0.45,,,,,,,,,,1.95,1.95,1.95,1.95,1.95,1.95,,,,1.95,1.95,0.95,,,3.95,3.95,,0.45,0.45,0.45,1.95,1.95,1.95,1.95,1.95,1.95,,,1.95,,,,,0.45,,,,1.95,,,,1.95,0.4,0.4,1.95,,,,0.95,1.95,,0.45,0.45,1.95
118,10247820,,3.95,,,,,0.95,0.45,,,,3.95,3.95,,3.95,7.95,7.95,,,,,,,,,3.95,,1.95,0.45,,,0.4,,1.95,1.95,,,,1.45,1.95,0.45,,,,1.95,0.95,,,,,,0.45,,0.4,0.45,,,,,1.95,0.95,,,,,0.45,0.95,0.4,,,,0.4,1.95,1.95,,1.95,,,,,,0.4,,,,,3.95,3.95,1.95,1.95,2.95,1.95,1.95,1.95,1.95,1.95,1.95,2.95,,,1.95,,,0.4,7.95,7.95,,3.95,1.95,,,,,,,0.4,1.95,,0.4,3.95,,,7.95,,0.4,0.4,0.4,0.45,0.4,0.45,0.45,0.95,1.95,1.95,1.95,0.45,0.45,,,,,,,,,,1.95,1.95,1.95,1.95,1.95,1.95,,,,1.95,1.95,0.95,,,3.95,3.95,,0.45,0.45,0.45,1.95,1.95,1.95,1.95,1.95,1.95,,,1.95,,,,,0.45,,,,1.95,,,,1.95,0.4,0.4,1.95,,,,0.95,1.95,,0.45,0.45,1.95
118,10247880,,3.95,,,,,0.95,0.45,,,,3.95,3.95,,3.95,7.95,7.95,,,,,,,,,3.95,,1.95,0.45,,,0.4,,1.95,1.95,,,,1.45,1.95,0.45,,,,1.95,0.95,,,,,,0.45,,0.4,0.45,,,,,1.95,0.95,,,,,0.45,0.95,0.4,,,,0.4,1.95,1.95,,1.95,,,,,,0.4,,,,,3.95,3.95,1.95,1.95,2.95,1.95,1.95,1.95,1.95,1.95,1.95,2.95,,,1.95,,,0.4,7.95,7.95,,3.95,1.95,,,,,,,0.4,1.95,,0.4,3.95,,,7.95,,0.4,0.4,0.4,0.45,0.4,0.45,0.45,0.95,1.95,1.95,1.95,0.45,0.45,,,,,,,,,,1.95,1.95,1.95,1.95,1.95,1.95,,,,1.95,1.95,0.95,,,3.95,3.95,,0.45,0.45,0.45,1.95,1.95,1.95,1.95,1.95,1.95,,,1.95,,,,,0.45,,,,1.95,,,,1.95,0.4,0.4,1.95,,,,0.95,1.95,,0.45,0.45,1.95
118,10247940,,3.95,,,,,0.95,0.45,,,,3.95,3.95,,3.95,7.95,7.95,,,,,,,,,3.95,,1.95,0.45,,,0.4,,1.95,1.95,,,,1.45,1.95,0.45,,,,1.95,0.95,,,,,,0.45,,0.4,0.45,,,,,1.95,0.95,,,,,0.45,0.95,0.4,,,,0.4,1.95,1.95,,1.95,,,,,,0.4,,,,,3.95,3.95,1.95,1.95,2.95,1.95,1.95,1.95,1.95,1.95,1.95,2.95,,,1.95,,,0.4,7.95,7.95,,3.95,1.95,,,,,,,0.4,1.95,,0.4,3.95,,,7.95,,0.4,0.4,0.4,0.45,0.4,0.45,0.45,0.95,1.95,1.95,1.95,0.45,0.45,,,,,,,,,,1.95,1.95,1.95,1.95,1.95,1.95,,,,1.95,1.95,0.95,,,3.95,3.95,,0.45,0.45,0.45,1.95,1.95,1.95,1.95,1.95,1.95,,,1.95,,,,,0.45,,,,1.95,,,,1.95,0.4,0.4,1.95,,,,0.95,1.95,,0.45,0.45,1.95
118,10248000,,3.95,,,,,0.95,0.45,,,,3.95,3.95,,3.95,7.95,7.95,,,,,,,,,3.95,,1.95,0.45,,,0.4,,1.95,1.95,,,,1.45,1.95,0.45,,,,1.95,0.95,,,,,,0.45,,0.4,0.45,,,,,1.95,0.95,,,,,0.45,0.95,0.4,,,,0.4,1.95,1.95,,1.95,,,,,,0.4,,,,,3.95,3.95,1.95,1.95,2.95,1.95,1.95,1.95,1.95,1.95,1.95,2.95,,,1.95,,,0.4,7.95,7.95,,3.95,1.95,,,,,,,0.4,1.95,,0.4,3.95,,,7.95,,0.4,0.4,0.4,0.45,0.4,0.45,0.45,0.95,1.95,1.95,1.95,0.45,0.45,,,,,,,,,,1.95,1.95,1.95,1.95,1.95,1.95,,,,1.95,1.95,0.95,,,3.95,3.95,,0.45,0.45,0.45,1.95,1.95,1.95,1.95,1.95,1.95,,,1.95,,,,,0.45,,,,1.95,,,,1.95,0.4,0.4,1.95,,,,0.95,1.95,,0.45,0.45,1.95
118,10248060,,3.95,,,,,0.95,0.45,,,,3.95,3.95,,3.95,7.95,7.95,,,,,,,,,3.95,,1.95,0.45,,,0.4,,1.95,1.95,,,,1.45,1.95,0.45,,,,1.95,0.95,,,,,,0.45,,0.4,0.45,,,,,1.95,0.95,,,,,0.45,0.95,0.4,,,,0.4,1.95,1.95,,1.95,,,,,,0.4,,,,,3.95,3.95,1.95,1.95,2.95,1.95,1.95,1.95,1.95,1.95,1.95,2.95,,,1.95,,,0.4,7.95,7.95,,3.95,1.95,,,,,,,0.4,1.95,,0.4,3.95,,,7.95,,0.4,0.4,0.4,0.45,0.4,0.45,0.45,0.95,1.95,1.95,1.95,0.45,0.45,,,,,,,,,,1.95,1.95,1.95,1.95,1.95,1.95,,,,1.95,1.95,0.95,,,3.95,3.95,,0.45,0.45,0.45,1.95,1.95,1.95,1.95,1.95,1.95,,,1.95,,,,,0.45,,,,1.95,,,,1.95,0.4,0.4,1.95,,,,0.95,1.95,,0.45,0.45,1.95
118,10248120,,3.95,,,,,0.95,0.45,,,,3.95,3.95,,3.95,7.95,7.95,,,,,,,,,3.95,,1.95,0.45,,,0.4,,1.95,1.95,,,,1.45,1.95,0.45,,,,1.95,0.95,,,,,,0.45,,0.4,0.45,,,,,1.95,0.95,,,,,0.45,0.95,0.4,,,,0.4,1.95,1.95,,1.95,,,,,,0.4,,,,,3.95,3.95,1.95,1.95,2.95,1.95,1.95,1.95,1.95,1.95,1.95,2.95,,,1.95,,,0.4,7.95,7.95,,3.95,1.95,,,,,,,0.4,1.95,,0.4,3.95,,,7.95,,0.4,0.4,0.4,0.45,0.4,0.45,0.45,0.95,1.95,1.95,1.95,0.45,0.45,,,,,,,,,,1.95,1.95,1.95,1.95,1.95,1.95,,,,1.95,1.95,0.95,,,3.95,3.95,,0.45,0.45,0.45,1.95,1.95,1.95,1.95,1.95,1.95,,,1.95,,,,,0.45,,,,1.95,,,,1.95,0.4,0.4,1.95,,,,0.95,1.95,,0.45,0.45,1.95
118,10248180,,3.95,,,,,0.95,0.45,,,,3.95,3.95,,3.95,7.95,7.95,,,,,,,,,3.95,,1.95,0.45,,,0.4,,1.95,1.95,,,,1.45,1.95,0.45,,,,1.95,0.95,,,,,,0.45,,0.4,0.45,,,,,1.95,0.95,,,,,0.45,0.95,0.4,,,,0.4,1.95,1.95,,1.95,,,,,,0.4,,,,,3.95,3.95,1.95,1.95,2.95,1.95,1.95,1.95,1.95,1.95,1.95,2.95,,,1.95,,,0.4,7.95,7.95,,3.95,1.95,,,,,,,0.4,1.95,,0.4,3.95,,,7.95,,0.4,0.4,0.4,0.45,0.4,0.45,0.45,0.95,1.95,1.95,1.95,0.45,0.45,,,,,,,,,,1.95,1.95,1.95,1.95,1.95,1.95,,,,1.95,1.95,0.95,,,3.95,3.95,,0.45,0.45,0.45,1.95,1.95,1.95,1.95,1.95,1.95,,,1.95,,,,,0.45,,,,1.95,,,,1.95,0.4,0.4,1.95,,,,0.95,1.95,,0.45,0.45,1.95
118,10248240,,3.95,,,,,0.95,0.45,,,,3.95,3.95,,3.95,7.95,7.95,,,,,,,,,3.95,,1.95,0.45,,,0.4,,1.95,1.95,,,,1.617,1.95,0.45,,,,1.95,0.95,,,,,,0.45,,0.4,0.45,,,,,1.95,0.95,,,,,0.45,0.95,0.4,,,,0.4,1.95,1.95,,1.95,,,,,,0.4,,,,,3.95,3.95,1.95,1.95,2.95,1.95,1.95,1.95,1.95,1.95,1.95,2.95,,,1.95,,,0.4,7.95,7.95,,3.95,1.95,,,,,,,0.4,1.95,,0.4,3.95,,,7.95,,0.4,0.4,0.4,0.45,0.4,0.45,0.45,0.95,1.95,1.95,1.95,0.45,0.45,,,,,,,,,,1.95,1.95,1.95,1.95,1.95,1.95,,,,1.95,1.95,0.95,,,3.95,3.95,,0.45,0.45,0.45,1.95,1.95,1.95,1.95,1.95,1.95,,,1.95,,,,,0.45,,,,1.95,,,,1.95,0.4,0.4,1.95,,,,0.95,1.95,,0.45,0.45,1.95
118,10248300,,3.95,,,,,0.95,0.45,,,,3.95,3.95,,3.95,7.95,7.95,,,,,,,,,3.95,,1.95,0.45,,,0.4,,1.95,1.95,,,,1.45,1.95,0.45,,,,1.95,0.95,,,,,,0.45,,0.4,0.45,,,,,1.95,0.95,,,,,0.45,0.95,0.4,,,,0.4,1.95,1.95,,1.95,,,,,,0.4,,,,,3.95,3.95,1.95,1.95,2.95,1.95,1.95,1.95,1.95,1.95,1.95,2.95,,,1.95,,,0.4,7.95,7.95,,3.95,1.95,,,,,,,0.4,1.95,,0.4,3.95,,,7.95,,0.4,0.4,0.4,0.45,0.4,0.45,0.45,0.95,1.95,1.95,1.95,0.45,0.45,,,,,,,,,,1.95,1.95,1.95,1.95,1.95,1.95,,,,1.95,1.95,0.95,,,3.95,3.95,,0.45,0.45,0.45,1.95,1.95,1.95,1.95,1.95,1.95,,,1.95,,,,,0.45,,,,1.95,,,,1.95,0.4,0.4,1.95,,,,0.95,1.95,,0.45,0.45,1.95
118,10248360,,3.95,,,,,0.95,0.45,,,,3.95,3.95,,3.95,7.95,7.95,,,,,,,,,3.95,,1.95,0.45,,,0.4,,1.95,1.95,,,,1.45,1.95,0.45,,,,1.95,0.95,,,,,,0.45,,0.4,0.45,,,,,1.95,0.95,,,,,0.45,0.95,0.4,,,,0.4,1.95,1.95,,1.95,,,,,,0.4,,,,,3.95,3.95,1.95,1.95,2.95,1.95,1.95,1.95,1.95,1.95,1.95,2.95,,,1.95,,,0.4,7.95,7.95,,3.95,1.95,,,,,,,0.4,1.95,,0.4,3.95,,,7.95,,0.4,0.4,0.4,0.45,0.4,0.45,0.45,0.95,1.95,1.95,1.95,0.45,0.45,,,,,,,,,,1.95,1.95,1.95,1.95,1.95,1.95,,,,1.95,1.95,0.95,,,3.95,3.95,,0.45,0.45,0.45,1.95,1.95,1.95,1.95,1.95,1.95,,,1.95,,,,,0.45,,,,1.95,,,,1.95,0.4,0.4,1.95,,,,0.95,1.95,,0.45,0.45,1.95
118,10248420,,3.95,,,,,0.95,0.45,,,,3.95,3.95,,3.95,7.95,7.95,,,,,,,,,3.95,,1.95,0.45,,,0.4,,1.95,1.95,,,,1.45,1.95,0.45,,,,1.95,0.95,,,,,,0.45,,0.4,0.45,,,,,1.95,0.95,,,,,0.45,0.95,0.4,,,,0.4,1.95,1.95,,1.95,,,,,,0.4,,,,,3.95,3.95,1.95,1.95,2.95,1.95,1.95,1.95,1.95,1.95,1.95,2.95,,,1.95,,,0.4,7.95,7.95,,3.95,1.95,,,,,,,0.4,1.95,,0.4,3.95,,,7.95,,0.4,0.4,0.4,0.45,0.4,0.45,0.45,0.95,1.95,1.95,1.95,0.45,0.45,,,,,,,,,,1.95,1.95,1.95,1.95,1.95,1.95,,,,1.95,1.95,0.95,,,3.95,3.95,,0.45,0.45,0.45,1.95,1.95,1.95,1.95,1.95,1.95,,,1.95,,,,,0.45,,,,1.95,,,,1.95,0.4,0.4,1.95,,,,0.95,1.95,,0.45,0.45,1.95
118,10248480,,3.95,,,,,0.95,0.45,,,,3.95,3.95,,3.95,7.95,7.95,,,,,,,,,3.95,,1.95,0.45,,,0.4,,1.95,1.95,,,,1.45,1.95,0.45,,,,1.95,0.95,,,,,,0.45,,0.4,0.45,,,,,1.95,0.95,,,,,0.45,0.95,0.4,,,,0.4,1.95,1.95,,1.95,,,,,,0.4,,,,,3.95,3.95,1.95,1.95,2.95,1.95,1.95,1.95,1.95,1.95,1.95,2.95,,,1.95,,,0.4,7.95,7.95,,3.95,1.95,,,,,,,0.4,1.95,,0.4,3.95,,,7.95,,0.4,0.4,0.4,0.45,0.4,0.45,0.45,0.95,1.95,1.95,1.95,0.45,0.45,,,,,,,,,,1.95,1.95,1.95,1.95,1.95,1.95,,,,1.95,1.95,0.95,,,3.95,3.95,,0.45,0.45,0.45,1.95,1.95,1.95,1.95,1.95,1.95,,,1.95,,,,,0.45,,,,1.95,,,,1.95,0.4,0.4,1.95,,,,0.95,1.95,,0.45,0.45,1.95
118,10248540,,3.95,,,,,0.95,0.45,,,,3.95,3.95,,3.95,7.95,7.95,,,,,,,,,3.95,,1.95,0.45,,,0.4,,1.95,1.95,,,,1.45,1.95,0.45,,,,1.95,0.95,,,,,,0.45,,0.4,0.45,,,,,1.95,0.95,,,,,0.45,0.95,0.4,,,,0.4,1.95,1.95,,1.95,,,,,,0.4,,,,,3.95,3.95,1.95,1.95,2.95,1.95,1.95,1.95,1.95,1.95,1.95,2.95,,,1.95,,,0.4,7.95,7.95,,3.95,1.95,,,,,,,0.4,1.95,,0.4,3.95,,,7.95,,0.4,0.4,0.4,0.45,0.4,0.45,0.45,0.95,1.95,1.95,1.95,0.45,0.45,,,,,,,,,,1.95,1.95,1.95,1.95,1.95,1.95,,,,1.95,1.95,0.95,,,3.95,3.95,,0.45,0.45,0.45,1.95,1.95,1.95,1.95,1.95,1.95,,,1.95,,,,,0.45,,,,1.95,,,,1.95,0.4,0.4,1.95,,,,0.95,1.95,,0.45,0.45,1.95
118,10248600,,3.95,,,,,0.95,0.45,,,,3.95,3.95,,3.95,7.95,7.95,,,,,,,,,3.95,,1.95,0.45,,,0.4,,1.95,1.95,,,,1.45,1.95,0.45,,,,1.95,0.95,,,,,,0.45,,0.4,0.45,,,,,1.95,0.95,,,,,0.45,0.95,0.4,,,,0.4,1.95,1.95,,1.95,,,,,,0.4,,,,,3.95,3.95,1.95,1.95,2.95,1.95,1.95,1.95,1.95,1.95,1.95,2.95,,,1.95,,,0.4,7.95,7.95,,3.95,1.95,,,,,,,0.4,1.95,,0.4,3.95,,,7.95,,0.4,0.4,0.4,0.45,0.4,0.45,0.45,0.95,1.95,1.95,1.95,0.45,0.45,,,,,,,,,,1.95,1.95,1.95,1.95,1.95,1.95,,,,1.95,1.95,0.95,,,3.95,3.95,,0.45,0.45,0.45,1.95,1.95,1.95,1.95,1.95,1.95,,,1.95,,,,,0.45,,,,1.95,,,,1.95,0.4,0.4,1.95,,,,0.95,1.95,,0.45,0.45,1.95
118,10248660,,3.95,,,,,0.95,0.45,,,,3.95,3.95,,3.95,7.95,7.95,,,,,,,,,3.95,,1.95,0.45,,,0.4,,1.95,1.95,,,,1.45,1.95,0.45,,,,1.95,0.95,,,,,,0.45,,0.4,0.45,,,,,1.95,0.95,,,,,0.45,0.95,0.4,,,,0.4,1.95,1.95,,1.95,,,,,,0.4,,,,,3.95,3.95,1.95,1.95,2.95,1.95,1.95,1.95,1.95,1.95,1.95,2.95,,,1.95,,,0.4,7.95,7.95,,3.95,1.95,,,,,,,0.4,1.95,,0.4,3.95,,,7.95,,0.4,0.4,0.4,0.45,0.4,0.45,0.45,0.95,1.95,1.95,1.95,0.45,0.45,,,,,,,,,,1.95,1.95,1.95,1.95,1.95,1.95,,,,1.95,1.95,0.95,,,3.95,3.95,,0.45,0.45,0.45,1.95,1.95,1.95,1.95,1.95,1.95,,,1.95,,,,,0.45,,,,1.95,,,,1.95,0.4,0.4,1.95,,,,0.95,1.95,,0.45,0.45,1.95
118,10248720,,3.95,,,,,0.95,0.45,,,,3.95,3.95,,3.95,7.95,7.95,,,,,,,,,3.95,,1.95,0.45,,,0.4,,1.95,1.95,,,,1.45,1.95,0.45,,,,1.95,0.95,,,,,,0.45,,0.4,0.45,,,,,1.95,0.95,,,,,0.45,0.95,0.4,,,,0.4,1.95,1.95,,1.95,,,,,,0.4,,,,,3.95,3.95,1.95,1.95,2.95,1.95,1.95,1.95,1.95,1.95,1.95,2.95,,,1.95,,,0.4,7.95,7.95,,3.95,1.95,,,,,,,0.4,1.95,,0.4,3.95,,,7.95,,0.4,0.4,0.4,0.45,0.4,0.45,0.45,0.95,1.95,1.95,1.95,0.45,0.45,,,,,,,,,,1.95,1.95,1.95,1.95,1.95,1.95,,,,1.95,1.95,0.95,,,3.95,3.95,,0.45,0.45,0.45,1.95,1.95,1.95,1.95,1.95,1.95,,,1.95,,,,,0.45,,,,1.95,,,,1.95,0.4,0.4,1.95,,,,0.95,1.95,,0.45,0.45,1.95
118,10248780,,3.95,,,,,0.95,0.45,,,,3.95,3.95,,3.95,7.95,7.95,,,,,,,,,3.95,,1.95,0.45,,,0.4,,1.95,1.95,,,,1.617,1.95,0.45,,,,1.95,0.95,,,,,,0.45,,0.4,0.45,,,,,1.95,0.95,,,,,0.45,0.95,0.4,,,,0.4,1.95,1.95,,1.95,,,,,,0.4,,,,,3.95,3.95,1.95,1.95,2.95,1.95,1.95,1.95,1.95,1.95,1.95,2.95,,,1.95,,,0.4,7.95,7.95,,3.95,1.95,,,,,,,0.4,1.95,,0.4,3.95,,,7.95,,0.4,0.4,0.4,0.45,0.4,0.45,0.45,0.95,1.95,1.95,1.95,0.45,0.45,,,,,,,,,,1.95,1.95,1.95,1.95,1.95,1.95,,,,1.95,1.95,0.95,,,3.95,3.95,,0.45,0.45,0.45,1.95,1.95,1.95,1.95,1.95,1.95,,,1.95,,,,,0.45,,,,1.95,,,,1.95,0.4,0.4,1.95,,,,0.95,1.95,,0.45,0.45,1.95
118,10248840,,3.95,,,,,0.95,0.45,,,,3.95,3.95,,3.95,7.95,7.95,,,,,,,,,3.95,,1.95,0.45,,,0.4,,1.95,1.95,,,,1.45,1.95,0.45,,,,1.95,0.95,,,,,,0.45,,0.4,0.45,,,,,1.95,0.95,,,,,0.45,0.95,0.4,,,,0.4,1.95,1.95,,1.95,,,,,,0.4,,,,,3.95,3.95,1.95,1.95,2.95,1.95,1.95,1.95,1.95,1.95,1.95,2.95,,,1.95,,,0.4,7.95,7.95,,3.95,1.95,,,,,,,0.4,1.95,,0.4,3.95,,,7.95,,0.4,0.4,0.4,0.45,0.4,0.45,0.45,0.95,1.95,1.95,1.95,0.45,0.45,,,,,,,,,,1.95,1.95,1.95,1.95,1.95,1.95,,,,1.95,1.95,0.95,,,3.95,3.95,,0.45,0.45,0.45,1.95,1.95,1.95,1.95,1.95,1.95,,,1.95,,,,,0.45,,,,1.95,,,,1.95,0.4,0.4,1.95,,,,0.95,1.95,,0.45,0.45,1.95
118,10248900,,3.95,,,,,0.95,0.45,,,,3.95,3.95,,3.95,7.95,7.95,,,,,,,,,3.95,,1.95,0.45,,,0.4,,1.95,1.95,,,,1.45,1.95,0.45,,,,1.95,0.95,,,,,,0.45,,0.4,0.45,,,,,1.95,0.95,,,,,0.45,0.95,0.4,,,,0.4,1.95,1.95,,1.95,,,,,,0.4,,,,,3.95,3.95,1.95,1.95,2.95,1.95,1.95,1.95,1.95,1.95,1.95,2.95,,,1.95,,,0.4,7.95,7.95,,3.95,1.95,,,,,,,0.4,1.95,,0.4,3.95,,,7.95,,0.4,0.4,0.4,0.45,0.4,0.45,0.45,0.95,1.95,1.95,1.95,0.45,0.45,,,,,,,,,,1.95,1.95,1.95,1.95,1.95,1.95,,,,1.95,1.95,0.95,,,3.95,3.95,,0.45,0.45,0.45,1.95,1.95,1.95,1.95,1.95,1.95,,,1.95,,,,,0.45,,,,1.95,,,,1.95,0.4,0.4,1.95,,,,0.95,1.95,,0.45,0.45,1.95
118,10248960,,3.95,,,,,0.95,0.45,,,,3.95,3.95,,3.95,7.95,7.95,,,,,,,,,3.95,,1.95,0.45,,,0.4,,1.95,1.95,,,,1.45,1.95,0.45,,,,1.95,0.95,,,,,,0.45,,0.4,0.45,,,,,1.95,0.95,,,,,0.45,0.95,0.4,,,,0.4,1.95,1.95,,1.95,,,,,,0.4,,,,,3.95,3.95,1.95,1.95,2.95,1.95,1.95,1.95,1.95,1.95,1.95,2.95,,,1.95,,,0.4,7.95,7.95,,3.95,1.95,,,,,,,0.4,1.95,,0.4,3.95,,,7.95,,0.4,0.4,0.4,0.45,0.4,0.45,0.45,0.95,1.95,1.95,1.95,0.45,0.45,,,,,,,,,,1.95,1.95,1.95,1.95,1.95,1.95,,,,1.95,1.95,0.95,,,3.95,3.95,,0.45,0.45,0.45,1.95,1.95,1.95,1.95,1.95,1.95,,,1.95,,,,,0.45,,,,1.95,,,,1.95,0.4,0.4,1.95,,,,0.95,1.95,,0.45,0.45,1.95
118,10249020,,3.95,,,,,0.95,0.45,,,,3.95,3.95,,3.95,7.95,7.95,,,,,,,,,3.95,,1.95,0.45,,,0.4,,1.95,1.95,,,,1.45,1.95,0.45,,,,1.95,0.95,,,,,,0.45,,0.4,0.45,,,,,1.95,0.95,,,,,0.45,0.95,0.4,,,,0.4,1.95,1.95,,1.95,,,,,,0.4,,,,,3.95,3.95,1.95,1.95,2.95,1.95,1.95,1.95,1.95,1.95,1.95,2.95,,,1.95,,,0.4,7.95,7.95,,3.95,1.95,,,,,,,0.4,1.95,,0.4,3.95,,,7.95,,0.4,0.4,0.4,0.45,0.4,0.45,0.45,0.95,1.95,1.95,1.95,0.45,0.45,,,,,,,,,,1.95,1.95,1.95,1.95,1.95,1.95,,,,1.95,1.95,0.95,,,3.95,3.95,,0.45,0.45,0.45,1.95,1.95,1.95,1.95,1.95,1.95,,,1.95,,,,,0.45,,,,1.95,,,,1.95,0.4,0.4,1.95,,,,0.95,1.95,,0.45,0.45,1.95
118,10249080,,3.95,,,,,0.95,0.45,,,,3.95,3.95,,3.95,7.95,7.95,,,,,,,,,3.95,,1.95,0.45,,,0.4,,1.95,1.95,,,,1.45,1.95,0.45,,,,1.95,0.95,,,,,,0.45,,0.4,0.45,,,,,1.95,0.95,,,,,0.45,0.95,0.4,,,,0.4,1.95,1.95,,1.95,,,,,,0.4,,,,,3.95,3.95,1.95,1.95,2.95,1.95,1.95,1.95,1.95,1.95,1.95,2.95,,,1.95,,,0.4,7.95,7.95,,3.95,1.95,,,,,,,0.4,1.95,,0.4,3.95,,,7.95,,0.4,0.4,0.4,0.45,0.4,0.45,0.45,0.95,1.95,1.95,1.95,0.45,0.45,,,,,,,,,,1.95,1.95,1.95,1.95,1.95,1.95,,,,1.95,1.95,0.95,,,3.95,3.95,,0.45,0.45,0.45,1.95,1.95,1.95,1.95,1.95,1.95,,,1.95,,,,,0.45,,,,1.95,,,,1.95,0.4,0.4,1.95,,,,0.95,1.95,,0.45,0.45,1.95
118,10249140,,3.95,,,,,0.95,0.45,,,,3.95,3.95,,3.95,7.95,7.95,,,,,,,,,3.95,,1.95,0.45,,,0.4,,1.95,1.95,,,,1.45,1.95,0.45,,,,1.95,0.95,,,,,,0.45,,0.4,0.45,,,,,1.95,0.95,,,,,0.45,0.95,0.4,,,,0.4,1.95,1.95,,1.95,,,,,,0.4,,,,,3.95,3.95,1.95,1.95,2.95,1.95,1.95,1.95,1.95,1.95,1.95,2.95,,,1.95,,,0.4,7.95,7.95,,3.95,1.95,,,,,,,0.4,1.95,,0.4,3.95,,,7.95,,0.4,0.4,0.4,0.45,0.4,0.45,0.45,0.95,1.95,1.95,1.95,0.45,0.45,,,,,,,,,,1.95,1.95,1.95,1.95,1.95,1.95,,,,1.95,1.95,0.95,,,3.95,3.95,,0.45,0.45,0.45,1.95,1.95,1.95,1.95,1.95,1.95,,,1.95,,,,,0.45,,,,1.95,,,,1.95,0.4,0.4,1.95,,,,0.95,1.95,,0.45,0.45,1.95
118,10249200,,3.95,,,,,0.95,0.45,,,,3.95,3.95,,3.95,7.95,7.95,,,,,,,,,3.95,,1.95,0.45,,,0.4,,1.95,1.95,,,,1.45,1.95,0.45,,,,1.95,0.95,,,,,,0.45,,0.4,0.45,,,,,1.95,0.95,,,,,0.45,0.95,0.4,,,,0.4,1.95,1.95,,1.95,,,,,,0.4,,,,,3.95,3.95,1.95,1.95,2.95,1.95,1.95,1.95,1.95,1.95,1.95,2.95,,,1.95,,,0.4,7.95,7.95,,3.95,1.95,,,,,,,0.4,1.95,,0.4,3.95,,,7.95,,0.4,0.4,0.4,0.45,0.4,0.45,0.45,0.95,1.95,1.95,1.95,0.45,0.45,,,,,,,,,,1.95,1.95,1.95,1.95,1.95,1.95,,,,1.95,1.95,0.95,,,3.95,3.95,,0.45,0.45,0.45,1.95,1.95,1.95,1.95,1.95,1.95,,,1.95,,,,,0.45,,,,1.95,,,,1.95,0.4,0.4,1.95,,,,0.95,1.95,,0.45,0.45,1.95
118,10249260,,3.95,,,,,0.95,0.45,,,,3.95,3.95,,3.95,7.95,7.95,,,,,,,,,3.95,,1.95,0.45,,,0.4,,1.95,1.95,,,,1.45,1.95,0.45,,,,1.95,0.95,,,,,,0.45,,0.4,0.45,,,,,1.95,0.95,,,,,0.45,0.95,0.4,,,,0.4,1.95,1.95,,1.95,,,,,,0.4,,,,,3.95,3.95,1.95,1.95,2.95,1.95,1.95,1.95,1.95,1.95,1.95,2.95,,,1.95,,,0.4,7.95,7.95,,3.95,1.95,,,,,,,0.4,1.95,,0.4,3.95,,,7.95,,0.4,0.4,0.4,0.45,0.4,0.45,0.45,0.95,1.95,1.95,1.95,0.45,0.45,,,,,,,,,,1.95,1.95,1.95,1.95,1.95,1.95,,,,1.95,1.95,0.95,,,3.95,3.95,,0.45,0.45,0.45,1.95,1.95,1.95,1.95,1.95,1.95,,,1.95,,,,,0.45,,,,1.95,,,,1.95,0.4,0.4,1.95,,,,0.95,1.95,,0.45,0.45,1.95
118,10249320,,3.95,,,,,0.95,0.45,,,,3.95,3.95,,3.95,7.95,7.95,,,,,,,,,3.95,,1.95,0.45,,,0.4,,1.95,1.95,,,,1.45,1.95,0.45,,,,1.95,0.95,,,,,,0.45,,0.4,0.45,,,,,1.95,0.95,,,,,0.45,0.95,0.4,,,,0.4,1.95,1.95,,1.95,,,,,,0.4,,,,,3.95,3.95,1.95,1.95,2.95,1.95,1.95,1.95,1.95,1.95,1.95,2.95,,,1.95,,,0.4,7.95,7.95,,3.95,1.95,,,,,,,0.4,1.95,,0.4,3.95,,,7.95,,0.4,0.4,0.4,0.45,0.4,0.45,0.45,0.95,1.95,1.95,1.95,0.45,0.45,,,,,,,,,,1.95,1.95,1.95,1.95,1.95,1.95,,,,1.95,1.95,0.95,,,3.95,3.95,,0.45,0.45,0.45,1.95,1.95,1.95,1.95,1.95,1.95,,,1.95,,,,,0.45,,,,1.95,,,,1.95,0.4,0.4,1.95,,,,0.95,1.95,,0.45,0.45,1.95
118,10249380,,3.95,,,,,0.95,0.45,,,,3.95,3.95,,3.95,7.95,7.95,,,,,,,,,3.95,,1.95,0.45,,,0.4,,1.95,1.95,,,,1.45,1.95,0.45,,,,1.95,0.95,,,,,,0.45,,0.4,0.45,,,,,1.95,0.95,,,,,0.45,0.95,0.4,,,,0.4,1.95,1.95,,1.95,,,,,,0.4,,,,,3.95,3.95,1.95,1.95,2.95,1.95,1.95,1.95,1.95,1.95,1.95,2.95,,,1.95,,,0.4,7.95,7.95,,3.95,1.95,,,,,,,0.4,1.95,,0.4,3.95,,,7.95,,0.4,0.4,0.4,0.45,0.4,0.45,0.45,0.95,1.95,1.95,1.95,0.45,0.45,,,,,,,,,,1.95,1.95,1.95,1.95,1.95,1.95,,,,1.95,1.95,0.95,,,3.95,3.95,,0.45,0.45,0.45,1.95,1.95,1.95,1.95,1.95,1.95,,,1.95,,,,,0.45,,,,1.95,,,,1.95,0.4,0.4,1.95,,,,0.95,1.95,,0.45,0.45,1.95
118,10249440,,3.95,,,,,0.95,0.45,,,,3.95,3.95,,3.95,7.95,7.95,,,,,,,,,3.95,,1.95,0.45,,,0.4,,1.95,1.95,,,,1.45,1.95,0.45,,,,1.95,0.95,,,,,,0.45,,0.4,0.45,,,,,1.95,0.95,,,,,0.45,0.95,0.4,,,,0.4,1.95,1.95,,1.95,,,,,,0.4,,,,,3.95,3.95,1.95,1.95,2.95,1.95,1.95,1.95,1.95,1.95,1.95,2.95,,,1.95,,,0.4,7.95,7.95,,3.95,1.95,,,,,,,0.4,1.95,,0.4,3.95,,,7.95,,0.4,0.4,0.4,0.45,0.4,0.45,0.45,0.95,1.95,1.95,1.95,0.45,0.45,,,,,,,,,,1.95,1.95,1.95,1.95,1.95,1.95,,,,1.95,1.95,0.95,,,3.95,3.95,,0.45,0.45,0.45,1.95,1.95,1.95,1.95,1.95,1.95,,,1.95,,,,,0.45,,,,1.95,,,,1.95,0.4,0.4,1.95,,,,0.95,1.95,,0.45,0.45,1.95
118,10249500,,3.95,,,,,0.95,0.45,,,,3.95,3.95,,3.95,7.95,7.95,,,,,,,,,3.95,,1.95,0.45,,,0.4,,1.95,1.95,,,,1.45,1.95,0.45,,,,1.95,0.95,,,,,,0.45,,0.4,0.45,,,,,1.95,0.95,,,,,0.45,0.95,0.4,,,,0.4,1.95,1.95,,1.95,,,,,,0.4,,,,,3.95,3.95,1.95,1.95,2.95,1.95,1.95,1.95,1.95,1.95,1.95,2.95,,,1.95,,,0.4,7.95,7.95,,3.95,1.95,,,,,,,0.4,1.95,,0.4,3.95,,,7.95,,0.4,0.4,0.4,0.45,0.4,0.45,0.45,0.95,1.95,1.95,1.95,0.45,0.45,,,,,,,,,,1.95,1.95,1.95,1.95,1.95,1.95,,,,1.95,1.95,0.95,,,3.95,3.95,,0.45,0.45,0.45,1.95,1.95,1.95,1.95,1.95,1.95,,,1.95,,,,,0.45,,,,1.95,,,,1.95,0.4,0.4,1.95,,,,0.95,1.95,,0.45,0.45,1.95
118,10249560,,3.95,,,,,0.95,0.45,,,,3.95,3.95,,3.95,7.95,7.95,,,,,,,,,3.95,,1.95,0.45,,,0.4,,1.95,1.95,,,,1.45,1.95,0.45,,,,1.95,0.95,,,,,,0.45,,0.4,0.45,,,,,1.95,0.95,,,,,0.45,0.95,0.4,,,,0.4,1.95,1.95,,1.95,,,,,,0.4,,,,,3.95,3.95,1.95,1.95,2.95,1.95,1.95,1.95,1.95,1.95,1.95,2.95,,,1.95,,,0.4,7.95,7.95,,3.95,1.95,,,,,,,0.4,1.95,,0.4,3.95,,,7.95,,0.4,0.4,0.4,0.45,0.4,0.45,0.45,0.95,1.95,1.95,1.95,0.45,0.45,,,,,,,,,,1.95,1.95,1.95,1.95,1.95,1.95,,,,1.95,1.95,0.95,,,3.95,3.95,,0.45,0.45,0.45,1.95,1.95,1.95,1.95,1.95,1.95,,,1.95,,,,,0.45,,,,1.95,,,,1.95,0.4,0.4,1.95,,,,0.95,1.95,,0.45,0.45,1.95
118,10249620,,3.95,,,,,0.95,0.45,,,,3.95,3.95,,3.95,7.95,7.95,,,,,,,,,3.95,,1.95,0.45,,,0.4,,1.95,1.95,,,,1.45,1.95,0.45,,,,1.95,0.95,,,,,,0.45,,0.4,0.45,,,,,1.95,0.95,,,,,0.45,0.95,0.4,,,,0.4,1.95,1.95,,1.95,,,,,,0.4,,,,,3.95,3.95,1.95,1.95,2.95,1.95,1.95,1.95,1.95,1.95,1.95,2.95,,,1.95,,,0.4,7.95,7.95,,3.95,1.95,,,,,,,0.4,1.95,,0.4,3.95,,,7.95,,0.4,0.4,0.4,0.45,0.4,0.45,0.45,0.95,1.95,1.95,1.95,0.45,0.45,,,,,,,,,,1.95,1.95,1.95,1.95,1.95,1.95,,,,1.95,1.95,0.95,,,3.95,3.95,,0.45,0.45,0.45,1.95,1.95,1.95,1.95,1.95,1.95,,,1.95,,,,,0.45,,,,1.95,,,,1.95,0.4,0.4,1.95,,,,0.95,1.95,,0.45,0.45,1.95
118,10249680,,3.95,,,,,0.95,0.45,,,,3.95,3.95,,3.95,7.95,7.95,,,,,,,,,3.95,,1.95,0.45,,,0.4,,1.95,1.95,,,,1.45,1.95,0.45,,,,1.95,0.95,,,,,,0.45,,0.4,0.45,,,,,1.95,0.95,,,,,0.45,0.95,0.4,,,,0.4,1.95,1.95,,1.95,,,,,,0.4,,,,,3.95,3.95,1.95,1.95,2.95,1.95,1.95,1.95,1.95,1.95,1.95,2.95,,,1.95,,,0.4,7.95,7.95,,3.95,1.95,,,,,,,0.4,1.95,,0.4,3.95,,,7.95,,0.4,0.4,0.4,0.45,0.4,0.45,0.45,0.95,1.95,1.95,1.95,0.45,0.45,,,,,,,,,,1.95,1.95,1.95,1.95,1.95,1.95,,,,1.95,1.95,0.95,,,3.95,3.95,,0.45,0.45,0.45,1.95,1.95,1.95,1.95,1.95,1.95,,,1.95,,,,,0.45,,,,1.95,,,,1.95,0.4,0.4,1.95,,,,0.95,1.95,,0.45,0.45,1.95
118,10249740,,3.95,,,,,0.95,0.45,,,,3.95,3.95,,3.95,7.95,7.95,,,,,,,,,3.95,,1.95,0.45,,,0.4,,1.95,1.95,,,,1.45,1.95,0.45,,,,1.95,0.95,,,,,,0.45,,0.4,0.45,,,,,1.95,0.95,,,,,0.45,0.95,0.4,,,,0.4,1.95,1.95,,1.95,,,,,,0.4,,,,,3.95,3.95,1.95,1.95,2.95,1.95,1.95,1.95,1.95,1.95,1.95,2.95,,,1.95,,,0.4,7.95,7.95,,3.95,1.95,,,,,,,0.4,1.95,,0.4,3.95,,,7.95,,0.4,0.4,0.4,0.45,0.4,0.45,0.45,0.95,1.95,1.95,1.95,0.45,0.45,,,,,,,,,,1.95,1.95,1.95,1.95,1.95,1.95,,,,1.95,1.95,0.95,,,3.95,3.95,,0.45,0.45,0.45,1.95,1.95,1.95,1.95,1.95,1.95,,,1.95,,,,,0.45,,,,1.95,,,,1.95,0.4,0.4,1.95,,,,0.95,1.95,,0.45,0.45,1.95
118,10249800,,3.95,,,,,0.95,0.45,,,,3.95,3.95,,3.95,7.95,7.95,,,,,,,,,3.95,,1.95,0.45,,,0.4,,1.95,1.95,,,,1.45,1.95,0.45,,,,1.95,0.95,,,,,,0.45,,0.4,0.45,,,,,1.95,0.95,,,,,0.45,0.95,0.4,,,,0.4,1.95,1.95,,1.95,,,,,,0.4,,,,,3.95,3.95,1.95,1.95,2.95,1.95,1.95,1.95,1.95,1.95,1.95,2.95,,,1.95,,,0.4,7.95,7.95,,3.95,1.95,,,,,,,0.4,1.95,,0.4,3.95,,,7.95,,0.4,0.4,0.4,0.45,0.4,0.45,0.45,0.95,1.95,1.95,1.95,0.45,0.45,,,,,,,,,,1.95,1.95,1.95,1.95,1.95,1.95,,,,1.95,1.95,0.95,,,3.95,3.95,,0.45,0.45,0.45,1.95,1.95,1.95,1.95,1.95,1.95,,,1.95,,,,,0.45,,,,1.95,,,,1.95,0.4,0.4,1.95,,,,0.95,1.95,,0.45,0.45,1.95
118,10249860,,3.95,,,,,0.95,0.45,,,,3.95,3.95,,3.95,7.95,7.95,,,,,,,,,3.95,,1.95,0.45,,,0.4,,1.95,1.95,,,,1.45,1.95,0.45,,,,1.95,0.95,,,,,,0.45,,0.4,0.45,,,,,1.95,0.95,,,,,0.45,0.95,0.4,,,,0.4,1.95,1.95,,1.95,,,,,,0.4,,,,,3.95,3.95,1.95,1.95,2.95,1.95,1.95,1.95,1.95,1.95,1.95,2.95,,,1.95,,,0.4,7.95,7.95,,3.95,1.95,,,,,,,0.4,1.95,,0.4,3.95,,,7.95,,0.4,0.4,0.4,0.45,0.4,0.45,0.45,0.95,1.95,1.95,1.95,0.45,0.45,,,,,,,,,,1.95,1.95,1.95,1.95,1.95,1.95,,,,1.95,1.95,0.95,,,3.95,3.95,,0.45,0.45,0.45,1.95,1.95,1.95,1.95,1.95,1.95,,,1.95,,,,,0.45,,,,1.95,,,,1.95,0.4,0.4,1.95,,,,0.95,1.95,,0.45,0.45,1.95
118,10249920,,3.95,,,,,0.95,0.45,,,,3.95,3.95,,3.95,7.95,7.95,,,,,,,,,3.95,,1.95,0.45,,,0.4,,1.95,1.95,,,,1.45,1.95,0.45,,,,1.95,0.95,,,,,,0.45,,0.4,0.45,,,,,1.95,0.95,,,,,0.45,0.95,0.4,,,,0.4,1.95,1.95,,1.95,,,,,,0.4,,,,,3.95,3.95,1.95,1.95,2.95,1.95,1.95,1.95,1.95,1.95,1.95,2.95,,,1.95,,,0.4,7.95,7.95,,3.95,1.95,,,,,,,0.4,1.95,,0.4,3.95,,,7.95,,0.4,0.4,0.4,0.45,0.4,0.45,0.45,0.95,1.95,1.95,1.95,0.45,0.45,,,,,,,,,,1.95,1.95,1.95,1.95,1.95,1.95,,,,1.95,1.95,0.95,,,3.95,3.95,,0.45,0.45,0.45,1.95,1.95,1.95,1.95,1.95,1.95,,,1.95,,,,,0.45,,,,1.95,,,,1.95,0.4,0.4,1.95,,,,0.95,1.95,,0.45,0.45,1.95
118,10249980,,3.95,,,,,0.95,0.45,,,,3.95,3.95,,3.95,7.95,7.95,,,,,,,,,3.95,,1.95,0.45,,,0.4,,1.95,1.95,,,,1.45,1.95,0.45,,,,1.95,0.95,,,,,,0.45,,0.4,0.45,,,,,1.95,0.95,,,,,0.45,0.95,0.4,,,,0.4,1.95,1.95,,1.95,,,,,,0.4,,,,,3.95,3.95,1.95,1.95,2.95,1.95,1.95,1.95,1.95,1.95,1.95,2.95,,,1.95,,,0.4,7.95,7.95,,3.95,1.95,,,,,,,0.4,1.95,,0.4,3.95,,,7.95,,0.4,0.4,0.4,0.45,0.4,0.45,0.45,0.95,1.95,1.95,1.95,0.45,0.45,,,,,,,,,,1.95,1.95,1.95,1.95,1.95,1.95,,,,1.95,1.95,0.95,,,3.95,3.95,,0.45,0.45,0.45,1.95,1.95,1.95,1.95,1.95,1.95,,,1.95,,,,,0.45,,,,1.95,,,,1.95,0.4,0.4,1.95,,,,0.95,1.95,,0.45,0.45,1.95
118,10250040,,3.95,,,,,0.95,0.45,,,,3.95,3.95,,3.95,7.95,7.95,,,,,,,,,3.95,,1.95,0.45,,,0.4,,1.95,1.95,,,,1.45,1.95,0.45,,,,1.95,0.95,,,,,,0.45,,0.4,0.45,,,,,1.95,0.95,,,,,0.45,0.95,0.4,,,,0.4,1.95,1.95,,1.95,,,,,,0.4,,,,,3.95,3.95,1.95,1.95,2.95,1.95,1.95,1.95,1.95,1.95,1.95,2.95,,,1.95,,,0.4,7.95,7.95,,3.95,1.95,,,,,,,0.4,1.95,,0.4,3.95,,,7.95,,0.4,0.4,0.4,0.45,0.4,0.45,0.45,0.95,1.95,1.95,1.95,0.45,0.45,,,,,,,,,,1.95,1.95,1.95,1.95,1.95,1.95,,,,1.95,1.95,0.95,,,3.95,3.95,,0.45,0.45,0.45,1.95,1.95,1.95,1.95,1.95,1.95,,,1.95,,,,,0.45,,,,1.95,,,,1.95,0.4,0.4,1.95,,,,0.95,1.95,,0.45,0.45,1.95
118,10250100,,3.95,,,,,0.95,0.45,,,,3.95,3.95,,3.95,7.95,7.95,,,,,,,,,3.95,,1.95,0.45,,,0.4,,1.95,1.95,,,,1.45,1.95,0.45,,,,1.95,0.95,,,,,,0.45,,0.4,0.45,,,,,1.95,0.95,,,,,0.45,0.95,0.4,,,,0.4,1.95,1.95,,1.95,,,,,,0.4,,,,,3.95,3.95,1.95,1.95,2.95,1.95,1.95,1.95,1.95,1.95,1.95,2.95,,,1.95,,,0.4,7.95,7.95,,3.95,1.95,,,,,,,0.4,1.95,,0.4,3.95,,,7.95,,0.4,0.4,0.4,0.45,0.4,0.45,0.45,0.95,1.95,1.95,1.95,0.45,0.45,,,,,,,,,,1.95,1.95,1.95,1.95,1.95,1.95,,,,1.95,1.95,0.95,,,3.95,3.95,,0.45,0.45,0.45,1.95,1.95,1.95,1.95,1.95,1.95,,,1.95,,,,,0.45,,,,1.95,,,,1.95,0.4,0.4,1.95,,,,0.95,1.95,,0.45,0.45,1.95
118,10250160,,3.95,,,,,0.95,0.45,,,,3.95,3.95,,3.95,7.95,7.95,,,,,,,,,3.95,,1.95,0.45,,,0.4,,1.95,1.95,,,,1.617,1.95,0.45,,,,1.95,0.95,,,,,,0.45,,0.4,0.45,,,,,1.95,0.95,,,,,0.45,0.95,0.4,,,,0.4,1.95,1.95,,1.95,,,,,,0.4,,,,,3.95,3.95,1.95,1.95,2.95,1.95,1.95,1.95,1.95,1.95,1.95,2.95,,,1.95,,,0.4,7.95,7.95,,3.95,1.95,,,,,,,0.4,1.95,,0.4,3.95,,,7.95,,0.4,0.4,0.4,0.45,0.4,0.45,0.45,0.95,1.95,1.95,1.95,0.45,0.45,,,,,,,,,,1.95,1.95,1.95,1.95,1.95,1.95,,,,1.95,1.95,0.95,,,3.95,3.95,,0.45,0.45,0.45,1.95,1.95,1.95,1.95,1.95,1.95,,,1.95,,,,,0.45,,,,1.95,,,,1.95,0.4,0.4,1.95,,,,0.95,1.95,,0.95,0.45,1.95
118,10250220,,3.95,,,,,0.95,0.45,,,,3.95,3.95,,3.95,7.95,7.95,,,,,,,,,3.95,,1.95,0.45,,,0.4,,1.95,1.95,,,,1.45,1.95,0.45,,,,1.95,0.95,,,,,,0.45,,0.4,0.45,,,,,1.95,0.95,,,,,0.45,0.95,0.4,,,,0.4,1.95,1.95,,1.95,,,,,,0.4,,,,,3.95,3.95,1.95,1.95,2.95,1.95,1.95,1.95,1.95,1.95,1.95,2.95,,,1.95,,,0.4,7.95,7.95,,3.95,1.95,,,,,,,0.4,1.95,,0.4,3.95,,,7.95,,0.4,0.4,0.4,0.45,0.4,0.45,0.45,0.95,1.95,1.95,1.95,0.45,0.45,,,,,,,,,,1.95,1.95,1.95,1.95,1.95,1.95,,,,1.95,1.95,0.95,,,3.95,3.95,,0.45,0.45,0.45,1.95,1.95,1.95,1.95,1.95,1.95,,,1.95,,,,,0.45,,,,1.95,,,,1.95,0.4,0.4,1.95,,,,0.95,1.95,,0.95,0.45,1.95
118,10250280,,3.95,,,,,0.95,0.45,,,,3.95,3.95,,3.95,7.95,7.95,,,,,,,,,3.95,,1.95,0.45,,,0.4,,1.95,1.95,,,,1.45,1.95,0.45,,,,1.95,0.95,,,,,,0.45,,0.4,0.45,,,,,1.95,0.95,,,,,0.45,0.95,0.4,,,,0.4,1.95,1.95,,1.95,,,,,,0.4,,,,,3.95,3.95,1.95,1.95,2.95,1.95,1.95,1.95,1.95,1.95,1.95,2.95,,,1.95,,,0.4,7.95,7.95,,3.95,1.95,,,,,,,0.4,1.95,,0.4,3.95,,,7.95,,0.4,0.4,0.4,0.45,0.4,0.45,0.45,0.95,1.95,1.95,1.95,0.45,0.45,,,,,,,,,,1.95,1.95,1.95,1.95,1.95,1.95,,,,1.95,1.95,0.95,,,3.95,3.95,,0.45,0.45,0.45,1.95,1.95,1.95,1.95,1.95,1.95,,,1.95,,,,,0.45,,,,1.95,,,,1.95,0.4,0.4,1.95,,,,0.95,1.95,,0.95,0.45,1.95
118,10250340,,3.95,,,,,0.95,0.45,,,,3.95,3.95,,3.95,7.95,7.95,,,,,,,,,3.95,,1.95,0.45,,,0.4,,1.95,1.95,,,,1.45,1.95,0.45,,,,1.95,0.95,,,,,,0.45,,0.4,0.45,,,,,1.95,0.95,,,,,0.45,0.95,0.4,,,,0.4,1.95,1.95,,1.95,,,,,,0.4,,,,,3.95,3.95,1.95,1.95,2.95,1.95,1.95,1.95,1.95,1.95,1.95,2.95,,,1.95,,,0.4,7.95,7.95,,3.95,1.95,,,,,,,0.4,1.95,,0.4,3.95,,,7.95,,0.4,0.4,0.4,0.45,0.4,0.45,0.45,0.95,1.95,1.95,1.95,0.45,0.45,,,,,,,,,,1.95,1.95,1.95,1.95,1.95,1.95,,,,1.95,1.95,0.95,,,3.95,3.95,,0.45,0.45,0.45,1.95,1.95,1.95,1.95,1.95,1.95,,,1.95,,,,,0.45,,,,1.95,,,,1.95,0.4,0.4,1.95,,,,0.95,1.95,,0.95,0.45,1.95
118,10250400,,3.95,,,,,0.95,0.45,,,,3.95,3.95,,3.95,7.95,7.95,,,,,,,,,3.95,,1.95,0.45,,,0.4,,1.95,1.95,,,,1.45,1.95,0.45,,,,1.95,0.95,,,,,,0.45,,0.4,0.45,,,,,1.95,0.95,,,,,0.45,0.95,0.4,,,,0.4,1.95,1.95,,1.95,,,,,,0.4,,,,,3.95,3.95,1.95,1.95,2.95,1.95,1.95,1.95,1.95,1.95,1.95,2.95,,,1.95,,,0.4,7.95,7.95,,3.95,1.95,,,,,,,0.4,1.95,,0.4,3.95,,,7.95,,0.4,0.4,0.4,0.45,0.4,0.45,0.45,0.95,1.95,1.95,1.95,0.45,0.45,,,,,,,,,,1.95,1.95,1.95,1.95,1.95,1.95,,,,1.95,1.95,0.95,,,3.95,3.95,,0.45,0.45,0.45,1.95,1.95,1.95,1.95,1.95,1.95,,,1.95,,,,,0.45,,,,1.95,,,,1.95,0.4,0.4,1.95,,,,0.95,1.95,,0.95,0.45,1.95
118,10250460,,3.95,,,,,0.95,0.45,,,,3.95,3.95,,3.95,7.95,7.95,,,,,,,,,3.95,,1.95,0.45,,,0.4,,1.95,1.95,,,,1.45,1.95,0.45,,,,1.95,0.95,,,,,,0.45,,0.4,0.45,,,,,1.95,0.95,,,,,0.45,0.95,0.4,,,,0.4,1.95,1.95,,1.95,,,,,,0.4,,,,,3.95,3.95,1.95,1.95,2.95,1.95,1.95,1.95,1.95,1.95,1.95,2.95,,,1.95,,,0.4,7.95,7.95,,3.95,1.95,,,,,,,0.4,1.95,,0.4,3.95,,,7.95,,0.4,0.4,0.4,0.45,0.4,0.45,0.45,0.95,1.95,1.95,1.95,0.45,0.45,,,,,,,,,,1.95,1.95,1.95,1.95,1.95,1.95,,,,1.95,1.95,0.95,,,3.95,3.95,,0.45,0.45,0.45,1.95,1.95,1.95,1.95,1.95,1.95,,,1.95,,,,,0.45,,,,1.95,,,,1.95,0.4,0.4,1.95,,,,0.95,1.95,,0.95,0.45,1.95
118,10250520,,3.95,,,,,0.95,0.45,,,,3.95,3.95,,3.95,7.95,7.95,,,,,,,,,3.95,,1.95,0.45,,,0.4,,1.95,1.95,,,,1.617,1.95,0.45,,,,1.95,0.95,,,,,,0.45,,0.4,0.45,,,,,1.95,0.95,,,,,0.45,0.95,0.4,,,,0.4,1.95,1.95,,1.95,,,,,,0.4,,,,,3.95,3.95,1.95,1.95,2.95,1.95,1.95,1.95,1.95,1.95,1.95,2.95,,,1.95,,,0.4,7.95,7.95,,3.95,1.95,,,,,,,0.4,1.95,,0.4,3.95,,,7.95,,0.4,0.4,0.4,0.45,0.4,0.45,0.45,0.95,1.95,1.95,1.95,0.45,0.45,,,,,,,,,,1.95,1.95,1.95,1.95,1.95,1.95,,,,1.95,1.95,0.95,,,3.95,3.95,,0.45,0.45,0.45,1.95,1.95,1.95,1.95,1.95,1.95,,,1.95,,,,,0.45,,,,1.95,,,,1.95,0.4,0.4,1.95,,,,0.95,1.95,,0.95,0.45,1.95
118,10250580,,3.95,,,,,0.95,0.45,,,,3.95,3.95,,3.95,7.95,7.95,,,,,,,,,3.95,,1.95,0.45,,,0.4,,1.95,1.95,,,,1.45,1.95,0.45,,,,1.95,0.95,,,,,,0.45,,0.4,0.45,,,,,1.95,0.95,,,,,0.45,0.95,0.4,,,,0.4,1.95,1.95,,1.95,,,,,,0.4,,,,,3.95,3.95,1.95,1.95,2.95,1.95,1.95,1.95,1.95,1.95,1.95,2.95,,,1.95,,,0.4,7.95,7.95,,3.95,1.95,,,,,,,0.4,1.95,,0.4,3.95,,,7.95,,0.4,0.4,0.4,0.45,0.4,0.45,0.45,0.95,1.95,1.95,1.95,0.45,0.45,,,,,,,,,,1.95,1.95,1.95,1.95,1.95,1.95,,,,1.95,1.95,0.95,,,3.95,3.95,,0.45,0.45,0.45,1.95,1.95,1.95,1.95,1.95,1.95,,,1.95,,,,,0.45,,,,1.95,,,,1.95,0.4,0.4,1.95,,,,0.95,1.95,,0.95,0.45,1.95
118,10250640,,3.95,,,,,0.95,0.45,,,,3.95,3.95,,3.95,7.95,7.95,,,,,,,,,3.95,,1.95,0.45,,,0.4,,1.95,1.95,,,,1.45,1.95,0.45,,,,1.95,0.95,,,,,,0.45,,0.4,0.45,,,,,1.95,0.95,,,,,0.45,0.95,0.4,,,,0.4,1.95,1.95,,1.95,,,,,,0.4,,,,,3.95,3.95,1.95,1.95,2.95,1.95,1.95,1.95,1.95,1.95,1.95,2.95,,,1.95,,,0.4,7.95,7.95,,3.95,1.95,,,,,,,0.4,1.95,,0.4,3.95,,,7.95,,0.4,0.4,0.4,0.45,0.4,0.45,0.45,0.95,1.95,1.95,1.95,0.45,0.45,,,,,,,,,,1.95,1.95,1.95,1.95,1.95,1.95,,,,1.95,1.95,0.95,,,3.95,3.95,,0.45,0.45,0.45,1.95,1.95,1.95,1.95,1.95,1.95,,,1.95,,,,,0.45,,,,1.95,,,,1.95,0.4,0.4,1.95,,,,0.95,1.95,,0.95,0.45,1.95
118,10250700,,3.95,,,,,0.95,0.45,,,,3.95,3.95,,3.95,7.95,7.95,,,,,,,,,3.95,,1.95,0.45,,,0.4,,1.95,1.95,,,,1.283,1.95,0.45,,,,1.95,0.95,,,,,,0.45,,0.4,0.45,,,,,1.95,0.95,,,,,0.45,0.95,0.4,,,,0.4,1.95,1.95,,1.95,,,,,,0.4,,,,,3.95,3.95,1.95,1.95,2.95,1.95,1.95,1.95,1.95,1.95,1.95,2.95,,,1.95,,,0.4,7.95,7.95,,3.95,1.95,,,,,,,0.4,1.95,,0.4,3.95,,,7.95,,0.4,0.4,0.4,0.45,0.4,0.45,0.45,0.95,1.95,1.95,1.95,0.45,0.45,,,,,,,,,,1.95,1.95,1.95,1.95,1.95,1.95,,,,1.95,1.95,0.95,,,3.95,3.95,,0.45,0.45,0.45,1.95,1.95,1.95,1.95,1.95,1.95,,,1.95,,,,,0.45,,,,1.95,,,,1.95,0.4,0.4,1.95,,,,0.95,1.95,,0.95,0.45,1.95
118,10250760,,3.95,,,,,0.95,0.45,,,,3.95,3.95,,3.95,7.95,7.95,,,,,,,,,3.95,,1.95,0.45,,,0.4,,1.95,1.95,,,,1.45,1.95,0.45,,,,1.95,0.95,,,,,,0.45,,0.4,0.45,,,,,1.95,0.95,,,,,0.45,0.95,0.4,,,,0.4,1.95,1.95,,1.95,,,,,,0.4,,,,,3.95,3.95,1.95,1.95,2.95,1.95,1.95,1.95,1.95,1.95,1.95,2.95,,,1.95,,,0.4,7.95,7.95,,3.95,1.95,,,,,,,0.4,1.95,,0.4,3.95,,,7.95,,0.4,0.4,0.4,0.45,0.4,0.45,0.45,0.95,1.95,1.95,1.95,0.45,0.45,,,,,,,,,,1.95,1.95,1.95,1.95,1.95,1.95,,,,1.95,1.95,0.95,,,3.95,3.95,,0.45,0.45,0.45,1.95,1.95,1.95,1.95,1.95,1.95,,,1.95,,,,,0.45,,,,1.95,,,,1.95,0.4,0.4,1.95,,,,0.95,1.95,,0.95,0.45,1.95
118,10250820,,3.95,,,,,0.95,0.45,,,,3.95,3.95,,3.95,7.95,7.95,,,,,,,,,3.95,,1.95,0.45,,,0.4,,1.95,1.95,,,,1.45,1.95,0.45,,,,1.95,0.95,,,,,,0.45,,0.4,0.45,,,,,1.95,0.95,,,,,0.45,0.95,0.4,,,,0.4,1.95,1.95,,1.95,,,,,,0.4,,,,,3.95,3.95,1.95,1.95,2.95,1.95,1.95,1.95,1.95,1.95,1.95,2.95,,,1.95,,,0.4,7.95,7.95,,3.95,1.95,,,,,,,0.4,1.95,,0.4,3.95,,,7.95,,0.4,0.4,0.4,0.45,0.4,0.45,0.45,0.95,1.95,1.95,1.95,0.45,0.45,,,,,,,,,,1.95,1.95,1.95,1.95,1.95,1.95,,,,1.95,1.95,0.95,,,3.95,3.95,,0.45,0.45,0.45,1.95,1.95,1.95,1.95,1.95,1.95,,,1.95,,,,,0.45,,,,1.95,,,,1.95,0.4,0.4,1.95,,,,0.95,1.95,,0.95,0.45,1.95
118,10250880,,3.95,,,,,0.95,0.45,,,,3.95,3.95,,3.95,7.95,7.95,,,,,,,,,3.95,,1.95,0.45,,,0.4,,1.95,1.95,,,,1.45,1.95,0.45,,,,1.95,0.95,,,,,,0.45,,0.4,0.45,,,,,1.95,0.95,,,,,0.45,0.95,0.4,,,,0.4,1.95,1.95,,1.95,,,,,,0.4,,,,,3.95,3.95,1.95,1.95,2.95,1.95,1.95,1.95,1.95,1.95,1.95,2.95,,,1.95,,,0.4,7.95,7.95,,3.95,1.95,,,,,,,0.4,1.95,,0.4,3.95,,,7.95,,0.4,0.4,0.4,0.45,0.4,0.45,0.45,0.95,1.95,1.95,1.95,0.45,0.45,,,,,,,,,,1.95,1.95,1.95,1.95,1.95,1.95,,,,1.95,1.95,0.95,,,3.95,3.95,,0.45,0.45,0.45,1.95,1.95,1.95,1.95,1.95,1.95,,,1.95,,,,,0.45,,,,1.95,,,,1.95,0.4,0.4,1.95,,,,0.95,1.95,,1.2,0.45,1.95
118,10250940,,3.95,,,,,0.95,0.45,,,,3.95,3.95,,3.95,7.95,7.95,,,,,,,,,3.95,,1.95,0.45,,,0.4,,1.95,1.95,,,,1.45,1.95,0.45,,,,1.95,0.95,,,,,,0.45,,0.4,0.45,,,,,1.95,0.95,,,,,0.45,0.95,0.4,,,,0.4,1.95,1.95,,1.95,,,,,,0.4,,,,,3.95,3.95,1.95,1.95,2.95,1.95,1.95,1.95,1.95,1.95,1.95,2.95,,,1.95,,,0.4,7.95,7.95,,3.95,1.95,,,,,,,0.4,1.95,,0.4,3.95,,,7.95,,0.4,0.4,0.4,0.45,0.4,0.45,0.45,0.95,1.95,1.95,1.95,0.45,0.45,,,,,,,,,,1.95,1.95,1.95,1.95,1.95,1.95,,,,1.95,1.95,0.95,,,3.95,3.95,,0.45,0.45,0.45,1.95,1.95,1.95,1.95,1.95,1.95,,,1.95,,,,,0.45,,,,1.95,,,,1.95,0.4,0.4,1.95,,,,0.95,1.95,,0.45,0.45,1.95
118,10251000,,3.95,,,,,0.95,0.45,,,,3.95,3.95,,3.95,7.95,7.95,,,,,,,,,3.95,,1.95,0.45,,,0.4,,1.95,1.95,,,,1.45,1.95,0.45,,,,1.95,0.95,,,,,,0.45,,0.4,0.45,,,,,1.95,0.95,,,,,0.45,0.95,0.4,,,,0.4,1.95,1.95,,1.95,,,,,,0.4,,,,,3.95,3.95,1.95,1.95,2.95,1.95,1.95,1.95,1.95,1.95,1.95,2.95,,,1.95,,,0.4,7.95,7.95,,3.95,1.95,,,,,,,0.4,1.95,,0.4,3.95,,,7.95,,0.4,0.4,0.4,0.45,0.4,0.45,0.45,0.95,1.95,1.95,1.95,0.45,0.45,,,,,,,,,,1.95,1.95,1.95,1.95,1.95,1.95,,,,1.95,1.95,0.95,,,3.95,3.95,,0.45,0.45,0.45,1.95,1.95,1.95,1.95,1.95,1.95,,,1.95,,,,,0.45,,,,1.95,,,,1.95,0.4,0.4,1.95,,,,0.95,1.95,,0.45,0.45,1.95
118,10251060,,3.95,,,,,0.95,0.45,,,,3.95,3.95,,3.95,7.95,7.95,,,,,,,,,3.95,,1.95,0.45,,,0.4,,1.95,1.95,,,,1.45,1.95,0.45,,,,1.95,0.95,,,,,,0.45,,0.4,0.45,,,,,1.95,0.95,,,,,0.45,0.95,0.4,,,,0.4,1.95,1.95,,1.95,,,,,,0.4,,,,,3.95,3.95,1.95,1.95,2.95,1.95,1.95,1.95,1.95,1.95,1.95,2.95,,,1.95,,,0.4,7.95,7.95,,3.95,1.95,,,,,,,0.4,1.95,,0.4,3.95,,,7.95,,0.4,0.4,0.4,0.45,0.4,0.45,0.45,0.95,1.95,1.95,1.95,0.45,0.45,,,,,,,,,,1.95,1.95,1.95,1.95,1.95,1.95,,,,1.95,1.95,0.95,,,3.95,3.95,,0.45,0.45,0.45,1.95,1.95,1.95,1.95,1.95,1.95,,,1.95,,,,,0.45,,,,1.95,,,,1.95,0.4,0.4,1.95,,,,0.95,1.95,,0.45,0.45,1.95
118,10251120,,3.95,,,,,0.95,0.45,,,,3.95,3.95,,3.95,7.95,7.95,,,,,,,,,3.95,,1.95,0.45,,,0.4,,1.95,1.95,,,,1.45,1.95,0.45,,,,1.95,0.95,,,,,,0.45,,0.4,0.45,,,,,1.95,0.95,,,,,0.45,0.95,0.4,,,,0.4,1.95,1.95,,1.95,,,,,,0.4,,,,,3.95,3.95,1.95,1.95,2.95,1.95,1.95,1.95,1.95,1.95,1.95,2.95,,,1.95,,,0.4,7.95,7.95,,3.95,1.95,,,,,,,0.4,1.95,,0.4,3.95,,,7.95,,0.4,0.4,0.4,0.45,0.4,0.45,0.45,0.95,1.95,1.95,1.95,0.45,0.45,,,,,,,,,,1.95,1.95,1.95,1.95,1.95,1.95,,,,1.95,1.95,0.95,,,3.95,3.95,,0.45,0.45,0.45,1.95,1.95,1.95,1.95,1.95,1.95,,,1.95,,,,,0.45,,,,1.95,,,,1.95,0.4,0.4,1.95,,,,0.95,1.95,,0.45,0.45,1.95
118,10251180,,3.95,,,,,0.95,0.45,,,,3.95,3.95,,3.95,7.95,7.95,,,,,,,,,3.95,,1.95,0.45,,,0.4,,1.95,1.95,,,,1.45,1.95,0.45,,,,1.95,0.95,,,,,,0.45,,0.4,0.45,,,,,1.95,0.95,,,,,0.45,0.95,0.4,,,,0.4,1.95,1.95,,1.95,,,,,,0.4,,,,,3.95,3.95,1.95,1.95,2.95,1.95,1.95,1.95,1.95,1.95,1.95,2.95,,,1.95,,,0.4,7.95,7.95,,3.95,1.95,,,,,,,0.4,1.95,,0.4,3.95,,,7.95,,0.4,0.4,0.4,0.45,0.4,0.45,0.45,0.95,1.95,1.95,1.95,0.45,0.45,,,,,,,,,,1.95,1.95,1.95,1.95,1.95,1.95,,,,1.95,1.95,0.95,,,3.95,3.95,,0.45,0.45,0.45,1.95,1.95,1.95,1.95,1.95,1.95,,,1.95,,,,,0.45,,,,1.95,,,,1.95,0.4,0.4,1.95,,,,0.95,1.95,,0.45,0.45,1.95
118,10251240,,3.95,,,,,0.95,0.45,,,,3.95,3.95,,3.95,7.95,7.95,,,,,,,,,3.95,,1.95,0.45,,,0.4,,1.95,1.95,,,,1.45,1.95,0.45,,,,1.95,0.95,,,,,,0.45,,0.4,0.45,,,,,1.95,0.95,,,,,0.45,0.95,0.4,,,,0.4,1.95,1.95,,1.95,,,,,,0.4,,,,,3.95,3.95,1.95,1.95,2.95,1.95,1.95,1.95,1.95,1.95,1.95,2.95,,,1.95,,,0.4,7.95,7.95,,3.95,1.95,,,,,,,0.4,1.95,,0.4,3.95,,,7.95,,0.4,0.4,0.4,0.45,0.4,0.45,0.45,0.95,1.95,1.95,1.95,0.45,0.45,,,,,,,,,,1.95,1.95,1.95,1.95,1.95,1.95,,,,1.95,1.95,0.95,,,3.95,3.95,,0.45,0.45,0.45,1.95,1.95,1.95,1.95,1.95,1.95,,,1.95,,,,,0.45,,,,1.95,,,,1.95,0.4,0.4,1.95,,,,0.95,1.95,,0.45,0.45,1.95
118,10251300,,3.95,,,,,0.95,0.45,,,,3.95,3.95,,3.95,7.95,7.95,,,,,,,,,3.95,,1.95,0.45,,,0.4,,1.95,1.95,,,,1.45,1.95,0.45,,,,1.95,0.95,,,,,,0.45,,0.4,0.45,,,,,1.95,0.95,,,,,0.45,0.95,0.4,,,,0.4,1.95,1.95,,1.95,,,,,,0.4,,,,,3.95,3.95,1.95,1.95,2.95,1.95,1.95,1.95,1.95,1.95,1.95,2.95,,,1.95,,,0.4,7.95,7.95,,3.95,1.95,,,,,,,0.4,1.95,,0.4,3.95,,,7.95,,0.4,0.4,0.4,0.45,0.4,0.45,0.45,0.95,1.95,1.95,1.95,0.45,0.45,,,,,,,,,,1.95,1.95,1.95,1.95,1.95,1.95,,,,1.95,1.95,0.95,,,3.95,3.95,,0.45,0.45,0.45,1.95,1.95,1.95,1.95,1.95,1.95,,,1.95,,,,,0.45,,,,1.95,,,,1.95,0.4,0.4,1.95,,,,0.95,1.95,,0.45,0.45,1.95
118,10251360,,3.95,,,,,0.95,0.45,,,,3.95,3.95,,3.95,7.95,7.95,,,,,,,,,3.95,,1.95,0.45,,,0.4,,1.95,1.95,,,,1.45,1.95,0.45,,,,1.95,0.95,,,,,,0.45,,0.4,0.45,,,,,1.95,0.95,,,,,0.45,0.95,0.4,,,,0.4,1.95,1.95,,1.95,,,,,,0.4,,,,,3.95,3.95,1.95,1.95,2.95,1.95,1.95,1.95,1.95,1.95,1.95,2.95,,,1.95,,,0.4,7.95,7.95,,3.95,1.95,,,,,,,0.4,1.95,,0.4,3.95,,,7.95,,0.4,0.4,0.4,0.45,0.4,0.45,0.45,0.95,1.95,1.95,1.95,0.45,0.45,,,,,,,,,,1.95,1.95,1.95,1.95,1.95,1.95,,,,1.95,1.95,0.95,,,3.95,3.95,,0.45,0.45,0.45,1.95,1.95,1.95,1.95,1.95,1.95,,,1.95,,,,,0.45,,,,1.95,,,,1.95,0.4,0.4,1.95,,,,0.95,1.95,,0.45,0.45,1.95
118,10251420,,3.95,,,,,0.95,0.45,,,,3.95,3.95,,3.95,7.95,7.95,,,,,,,,,3.95,,1.95,0.45,,,0.4,,1.95,1.95,,,,1.45,1.95,0.45,,,,1.95,0.95,,,,,,0.45,,0.4,0.45,,,,,1.95,0.95,,,,,0.45,0.95,0.4,,,,0.4,1.95,1.95,,1.95,,,,,,0.4,,,,,3.95,3.95,1.95,1.95,2.95,1.95,1.95,1.95,1.95,1.95,1.95,2.95,,,1.95,,,0.4,7.95,7.95,,3.95,1.95,,,,,,,0.4,1.95,,0.4,3.95,,,7.95,,0.4,0.4,0.4,0.45,0.4,0.45,0.45,0.95,1.95,1.95,1.95,0.45,0.45,,,,,,,,,,1.95,1.95,1.95,1.95,1.95,1.95,,,,1.95,1.95,0.95,,,3.95,3.95,,0.45,0.45,0.45,1.95,1.95,1.95,1.95,1.95,1.95,,,1.95,,,,,0.45,,,,1.95,,,,1.95,0.4,0.4,1.95,,,,0.95,1.95,,0.45,0.45,1.95
118,10251480,,3.95,,,,,0.95,0.45,,,,3.95,3.95,,3.95,7.95,7.95,,,,,,,,,3.95,,1.95,0.45,,,0.4,,1.95,1.95,,,,1.45,1.95,0.45,,,,1.95,0.95,,,,,,0.45,,0.4,0.45,,,,,1.95,0.95,,,,,0.45,0.95,0.4,,,,0.4,1.95,1.95,,1.95,,,,,,0.4,,,,,3.95,3.95,1.95,1.95,2.95,1.95,1.95,1.95,1.95,1.95,1.95,2.95,,,1.95,,,0.4,7.95,7.95,,3.95,1.95,,,,,,,0.4,1.95,,0.4,3.95,,,7.95,,0.4,0.4,0.4,0.45,0.4,0.45,0.45,0.95,1.95,1.95,1.95,0.45,0.45,,,,,,,,,,1.95,1.95,1.95,1.95,1.95,1.95,,,,1.95,1.95,0.95,,,3.95,3.95,,0.45,0.45,0.45,1.95,1.95,1.95,1.95,1.95,1.95,,,1.95,,,,,0.45,,,,1.95,,,,1.95,0.4,0.4,1.95,,,,0.95,1.95,,0.45,0.45,1.95
118,10251540,,3.95,,,,,0.95,0.45,,,,3.95,3.95,,3.95,7.95,7.95,,,,,,,,,3.95,,1.95,0.45,,,0.4,,1.95,1.95,,,,1.45,1.95,0.45,,,,1.95,0.95,,,,,,0.45,,0.4,0.45,,,,,1.95,0.95,,,,,0.45,0.95,0.4,,,,0.4,1.95,1.95,,1.95,,,,,,0.4,,,,,3.95,3.95,1.95,1.95,2.95,1.95,1.95,1.95,1.95,1.95,1.95,2.95,,,1.95,,,0.4,7.95,7.95,,3.95,1.95,,,,,,,0.4,1.95,,0.4,3.95,,,7.95,,0.4,0.4,0.4,0.45,0.4,0.45,0.45,0.95,1.95,1.95,1.95,0.45,0.45,,,,,,,,,,1.95,1.95,1.95,1.95,1.95,1.95,,,,1.95,1.95,0.95,,,3.95,3.95,,0.45,0.45,0.45,1.95,1.95,1.95,1.95,1.95,1.95,,,1.95,,,,,0.45,,,,1.95,,,,1.95,0.4,0.4,1.95,,,,0.95,1.95,,0.45,0.45,1.95
118,10251600,,3.95,,,,,0.95,0.45,,,,3.95,3.95,,3.95,7.95,7.95,,,,,,,,,3.95,,1.95,0.45,,,0.4,,1.95,1.95,,,,1.45,1.95,0.45,,,,1.95,0.95,,,,,,0.45,,0.4,0.45,,,,,1.95,0.95,,,,,0.45,0.95,0.4,,,,0.4,1.95,1.95,,1.95,,,,,,0.4,,,,,3.95,3.95,1.95,1.95,2.95,1.95,1.95,1.95,1.95,1.95,1.95,2.95,,,1.95,,,0.4,7.95,7.95,,3.95,1.95,,,,,,,0.4,1.95,,0.4,3.95,,,7.95,,0.4,0.4,0.4,0.45,0.4,0.45,0.45,0.95,1.95,1.95,1.95,0.45,0.45,,,,,,,,,,1.95,1.95,1.95,1.95,1.95,1.95,,,,1.95,1.95,0.95,,,3.95,3.95,,0.45,0.45,0.45,1.95,1.95,1.95,1.95,1.95,1.95,,,1.95,,,,,0.45,,,,1.95,,,,1.95,0.4,0.4,1.95,,,,0.95,1.95,,0.45,0.45,1.95
118,10251660,,3.95,,,,,0.95,0.45,,,,3.95,3.95,,3.95,7.95,7.95,,,,,,,,,3.95,,1.95,0.45,,,0.4,,1.95,1.95,,,,1.45,1.95,0.45,,,,1.95,0.95,,,,,,0.45,,0.4,0.45,,,,,1.95,0.95,,,,,0.45,0.95,0.4,,,,0.4,1.95,1.95,,1.95,,,,,,0.4,,,,,3.95,3.95,1.95,1.95,2.95,1.95,1.95,1.95,1.95,1.95,1.95,2.95,,,1.95,,,0.4,7.95,7.95,,3.95,1.95,,,,,,,0.4,1.95,,0.4,3.95,,,7.95,,0.4,0.4,0.4,0.45,0.4,0.45,0.45,0.95,1.95,1.95,1.95,0.45,0.45,,,,,,,,,,1.95,1.95,1.95,1.95,1.95,1.95,,,,1.95,1.95,0.95,,,3.95,3.95,,0.45,0.45,0.45,1.95,1.95,1.95,1.95,1.95,1.95,,,1.95,,,,,0.45,,,,1.95,,,,1.95,0.4,0.4,1.95,,,,0.95,1.95,,0.45,0.45,1.95
118,10251720,,3.95,,,,,0.95,0.45,,,,3.95,3.95,,3.95,7.95,7.95,,,,,,,,,3.95,,1.95,0.45,,,0.4,,1.95,1.95,,,,1.45,1.95,0.45,,,,1.95,0.95,,,,,,0.45,,0.4,0.45,,,,,1.95,0.95,,,,,0.45,0.95,0.4,,,,0.4,1.95,1.95,,1.95,,,,,,0.4,,,,,3.95,3.95,1.95,1.95,2.95,1.95,1.95,1.95,1.95,1.95,1.95,2.95,,,1.95,,,0.4,7.95,7.95,,3.95,1.95,,,,,,,0.4,1.95,,0.4,3.95,,,7.95,,0.4,0.4,0.4,0.45,0.4,0.45,0.45,0.95,1.95,1.95,1.95,0.45,0.45,,,,,,,,,,1.95,1.95,1.95,1.95,1.95,1.95,,,,1.95,1.95,0.95,,,3.95,3.95,,0.45,0.45,0.45,1.95,1.95,1.95,1.95,1.95,1.95,,,1.95,,,,,0.45,,,,1.95,,,,1.95,0.4,0.4,1.95,,,,0.95,1.95,,0.45,0.45,1.95
118,10251780,,3.95,,,,,0.95,0.45,,,,3.95,3.95,,3.95,7.95,7.95,,,,,,,,,3.95,,1.95,0.45,,,0.4,,1.95,1.95,,,,1.45,1.95,0.45,,,,1.95,0.95,,,,,,0.45,,0.4,0.45,,,,,1.95,0.95,,,,,0.45,0.95,0.4,,,,0.4,1.95,1.95,,1.95,,,,,,0.4,,,,,3.95,3.95,1.95,1.95,2.95,1.95,1.95,1.95,1.95,1.95,1.95,2.95,,,1.95,,,0.4,7.95,7.95,,3.95,1.95,,,,,,,0.4,1.95,,0.4,3.95,,,7.95,,0.4,0.4,0.4,0.45,0.4,0.45,0.45,0.95,1.95,1.95,1.95,0.45,0.45,,,,,,,,,,1.95,1.95,1.95,1.95,1.95,1.95,,,,1.95,1.95,0.95,,,3.95,3.95,,0.45,0.45,0.45,1.95,1.95,1.95,1.95,1.95,1.95,,,1.95,,,,,0.45,,,,1.95,,,,1.95,0.4,0.4,1.95,,,,0.95,1.95,,0.45,0.45,1.95
118,10251840,,3.95,,,,,0.95,0.45,,,,3.95,3.95,,3.95,7.95,7.95,,,,,,,,,3.95,,1.95,0.45,,,0.4,,1.95,1.95,,,,1.45,1.95,0.45,,,,1.95,0.95,,,,,,0.45,,0.4,0.45,,,,,1.95,0.95,,,,,0.45,0.95,0.4,,,,0.4,1.95,1.95,,1.95,,,,,,0.4,,,,,3.95,3.95,1.95,1.95,2.95,1.95,1.95,1.95,1.95,1.95,1.95,2.95,,,1.95,,,0.4,7.95,7.95,,3.95,1.95,,,,,,,0.4,1.95,,0.4,3.95,,,7.95,,0.4,0.4,0.4,0.45,0.4,0.45,0.45,0.95,1.95,1.95,1.95,0.45,0.45,,,,,,,,,,1.95,1.95,1.95,1.95,1.95,1.95,,,,1.95,1.95,0.95,,,3.95,3.95,,0.45,0.45,0.45,1.95,1.95,1.95,1.95,1.95,1.95,,,1.95,,,,,0.45,,,,1.95,,,,1.95,0.4,0.4,1.95,,,,0.95,1.95,,0.45,0.45,1.95
118,10251900,,3.95,,,,,0.95,0.45,,,,3.95,3.95,,3.95,7.95,7.95,,,,,,,,,3.95,,1.95,0.45,,,0.4,,1.95,1.95,,,,1.45,1.95,0.45,,,,1.95,0.95,,,,,,0.45,,0.4,0.45,,,,,1.95,0.95,,,,,0.45,0.95,0.4,,,,0.4,1.95,1.95,,1.95,,,,,,0.4,,,,,3.95,3.95,1.95,1.95,2.95,1.95,1.95,1.95,1.95,1.95,1.95,2.95,,,1.95,,,0.4,7.95,7.95,,3.95,1.95,,,,,,,0.4,1.95,,0.4,3.95,,,7.95,,0.4,0.4,0.4,0.45,0.4,0.45,0.45,0.95,1.95,1.95,1.95,0.45,0.45,,,,,,,,,,1.95,1.95,1.95,1.95,1.95,1.95,,,,1.95,1.95,0.95,,,3.95,3.95,,0.45,0.45,0.45,1.95,1.95,1.95,1.95,1.95,1.95,,,1.95,,,,,0.45,,,,1.95,,,,1.95,0.4,0.4,1.95,,,,0.95,1.95,,0.45,0.45,1.95
118,10251960,,3.95,,,,,0.95,0.45,,,,3.95,3.95,,3.95,7.95,7.95,,,,,,,,,3.95,,1.95,0.45,,,0.4,,1.95,1.95,,,,1.45,1.95,0.45,,,,1.95,0.95,,,,,,0.45,,0.4,0.45,,,,,1.95,0.95,,,,,0.45,0.95,0.4,,,,0.4,1.95,1.95,,1.95,,,,,,0.4,,,,,3.95,3.95,1.95,1.95,2.95,1.95,1.95,1.95,1.95,1.95,1.95,2.95,,,1.95,,,0.4,7.95,7.95,,3.95,1.95,,,,,,,0.4,1.95,,0.4,3.95,,,7.95,,0.4,0.4,0.4,0.45,0.4,0.45,0.45,0.95,1.95,1.95,1.95,0.45,0.45,,,,,,,,,,1.95,1.95,1.95,1.95,1.95,1.95,,,,1.95,1.95,0.95,,,3.95,3.95,,0.45,0.45,0.45,1.95,1.95,1.95,1.95,1.95,1.95,,,1.95,,,,,0.45,,,,1.95,,,,1.95,0.4,0.4,1.95,,,,0.95,1.95,,0.45,0.45,1.95
118,10252020,,3.95,,,,,0.95,0.45,,,,3.95,3.95,,3.95,7.95,7.95,,,,,,,,,3.95,,1.95,0.45,,,0.4,,1.95,1.95,,,,1.45,1.95,0.45,,,,1.95,0.95,,,,,,0.45,,0.4,0.45,,,,,1.95,0.95,,,,,0.45,0.95,0.4,,,,0.4,1.95,1.95,,1.95,,,,,,0.4,,,,,3.95,3.95,1.95,1.95,2.95,1.95,1.95,1.95,1.95,1.95,1.95,2.95,,,1.95,,,0.4,7.95,7.95,,3.95,1.95,,,,,,,0.4,1.95,,0.4,3.95,,,7.95,,0.4,0.4,0.4,0.45,0.4,0.45,0.45,0.95,1.95,1.95,1.95,0.45,0.45,,,,,,,,,,1.95,1.95,1.95,1.95,1.95,1.95,,,,1.95,1.95,0.95,,,3.95,3.95,,0.45,0.45,0.45,1.95,1.95,1.95,1.95,1.95,1.95,,,1.95,,,,,0.45,,,,1.95,,,,1.95,0.4,0.4,1.95,,,,0.95,1.95,,0.45,0.45,1.95
118,10252080,,3.95,,,,,0.95,0.45,,,,3.95,3.95,,3.95,7.95,7.95,,,,,,,,,3.95,,1.95,0.45,,,0.4,,1.95,1.95,,,,1.45,1.95,0.45,,,,1.95,0.95,,,,,,0.45,,0.4,0.45,,,,,1.95,0.95,,,,,0.45,0.95,0.4,,,,0.4,1.95,1.95,,1.95,,,,,,0.4,,,,,3.95,3.95,1.95,1.95,2.95,1.95,1.95,1.95,1.95,1.95,1.95,2.95,,,1.95,,,0.4,7.95,7.95,,3.95,1.95,,,,,,,0.4,1.95,,0.4,3.95,,,7.95,,0.4,0.4,0.4,0.45,0.4,0.45,0.45,0.95,1.95,1.95,1.95,0.45,0.45,,,,,,,,,,1.95,1.95,1.95,1.95,1.95,1.95,,,,1.95,1.95,0.95,,,3.95,3.95,,0.45,0.45,0.45,1.95,1.95,1.95,1.95,1.95,1.95,,,1.95,,,,,0.45,,,,1.95,,,,1.95,0.4,0.4,1.95,,,,0.95,1.95,,0.45,0.45,1.95
118,10252140,,3.95,,,,,0.95,0.45,,,,3.95,3.95,,3.95,7.95,7.95,,,,,,,,,3.95,,1.95,0.45,,,0.4,,1.95,1.95,,,,1.45,1.95,0.45,,,,1.95,0.95,,,,,,0.45,,0.4,0.45,,,,,1.95,0.95,,,,,0.45,0.95,0.4,,,,0.4,1.95,1.95,,1.95,,,,,,0.4,,,,,3.95,3.95,1.95,1.95,2.95,1.95,1.95,1.95,1.95,1.95,1.95,2.95,,,1.95,,,0.4,7.95,7.95,,3.95,1.95,,,,,,,0.4,1.95,,0.4,3.95,,,7.95,,0.4,0.4,0.4,0.45,0.4,0.45,0.45,0.95,1.95,1.95,1.95,0.45,0.45,,,,,,,,,,1.95,1.95,1.95,1.95,1.95,1.95,,,,1.95,1.95,0.95,,,3.95,3.95,,0.45,0.45,0.45,1.95,1.95,1.95,1.95,1.95,1.95,,,1.95,,,,,0.45,,,,1.95,,,,1.95,0.4,0.4,1.95,,,,0.95,1.95,,0.45,0.45,1.95
118,10252200,,3.95,,,,,0.95,0.45,,,,3.95,3.95,,3.95,7.95,7.95,,,,,,,,,3.95,,1.95,0.45,,,0.4,,1.95,1.95,,,,1.45,1.95,0.45,,,,1.95,0.95,,,,,,0.45,,0.4,0.45,,,,,1.95,0.95,,,,,0.45,0.95,0.4,,,,0.4,1.95,1.95,,1.95,,,,,,0.4,,,,,3.95,3.95,1.95,1.95,2.95,1.95,1.95,1.95,1.95,1.95,1.95,2.95,,,1.95,,,0.4,7.95,7.95,,3.95,1.95,,,,,,,0.4,1.95,,0.4,3.95,,,7.95,,0.4,0.4,0.4,0.45,0.4,0.45,0.45,0.95,1.95,1.95,1.95,0.45,0.45,,,,,,,,,,1.95,1.95,1.95,1.95,1.95,1.95,,,,1.95,1.95,0.95,,,3.95,3.95,,0.45,0.45,0.45,1.95,1.95,1.95,1.95,1.95,1.95,,,1.95,,,,,0.45,,,,1.95,,,,1.95,0.4,0.4,1.95,,,,0.95,1.95,,0.45,0.45,1.95
118,10252260,,3.95,,,,,0.95,0.45,,,,3.95,3.95,,3.95,7.95,7.95,,,,,,,,,3.95,,1.95,0.45,,,0.4,,1.95,1.95,,,,1.45,1.95,0.45,,,,1.95,0.95,,,,,,0.45,,0.4,0.45,,,,,1.95,0.95,,,,,0.45,0.95,0.4,,,,0.4,1.95,1.95,,1.95,,,,,,0.4,,,,,3.95,3.95,1.95,1.95,2.95,1.95,1.95,1.95,1.95,1.95,1.95,2.95,,,1.95,,,0.4,7.95,7.95,,3.95,1.95,,,,,,,0.4,1.95,,0.4,3.95,,,7.95,,0.4,0.4,0.4,0.45,0.4,0.45,0.45,0.95,1.95,1.95,1.95,0.45,0.45,,,,,,,,,,1.95,1.95,1.95,1.95,1.95,1.95,,,,1.95,1.95,0.95,,,3.95,3.95,,0.45,0.45,0.45,1.95,1.95,1.95,1.95,1.95,1.95,,,1.95,,,,,0.45,,,,1.95,,,,1.95,0.4,0.4,1.95,,,,0.95,1.95,,0.45,0.45,1.95
118,10252320,,3.95,,,,,0.95,0.45,,,,3.95,3.95,,3.95,7.95,7.95,,,,,,,,,3.95,,1.95,0.45,,,0.4,,1.95,1.95,,,,1.45,1.95,0.45,,,,1.95,0.95,,,,,,0.45,,0.4,0.45,,,,,1.95,0.95,,,,,0.45,0.95,0.4,,,,0.4,1.95,1.95,,1.95,,,,,,0.4,,,,,3.95,3.95,1.95,1.95,2.95,1.95,1.95,1.95,1.95,1.95,1.95,2.95,,,1.95,,,0.4,7.95,7.95,,3.95,1.95,,,,,,,0.4,1.95,,0.4,3.95,,,7.95,,0.4,0.4,0.4,0.45,0.4,0.45,0.45,0.95,1.95,1.95,1.95,0.45,0.45,,,,,,,,,,1.95,1.95,1.95,1.95,1.95,1.95,,,,1.95,1.95,0.95,,,3.95,3.95,,0.45,0.45,0.45,1.95,1.95,1.95,1.95,1.95,1.95,,,1.95,,,,,0.45,,,,1.95,,,,1.95,0.4,0.4,1.95,,,,0.95,1.95,,0.45,0.45,1.95
118,10252380,,3.95,,,,,0.95,0.45,,,,3.95,3.95,,3.95,7.95,7.95,,,,,,,,,3.95,,1.95,0.45,,,0.4,,1.95,1.95,,,,1.45,1.95,0.45,,,,1.95,0.95,,,,,,0.45,,0.4,0.45,,,,,1.95,0.95,,,,,0.45,0.95,0.4,,,,0.4,1.95,1.95,,1.95,,,,,,0.4,,,,,3.95,3.95,1.95,1.95,2.95,1.95,1.95,1.95,1.95,1.95,1.95,2.95,,,1.95,,,0.4,7.95,7.95,,3.95,1.95,,,,,,,0.4,1.95,,0.4,3.95,,,7.95,,0.4,0.4,0.4,0.45,0.4,0.45,0.45,0.95,1.95,1.95,1.95,0.45,0.45,,,,,,,,,,1.95,1.95,1.95,1.95,1.95,1.95,,,,1.95,1.95,0.95,,,3.95,3.95,,0.45,0.45,0.45,1.95,1.95,1.95,1.95,1.95,1.95,,,1.95,,,,,0.45,,,,1.95,,,,1.95,0.4,0.4,1.95,,,,0.95,1.95,,0.45,0.45,1.95
118,10252440,,3.95,,,,,0.95,0.45,,,,3.95,3.95,,3.95,7.95,7.95,,,,,,,,,3.95,,1.95,0.45,,,0.4,,1.95,1.95,,,,1.45,1.95,0.45,,,,1.95,0.95,,,,,,0.45,,0.4,0.45,,,,,1.95,0.95,,,,,0.45,0.95,0.4,,,,0.4,1.95,1.95,,1.95,,,,,,0.4,,,,,3.95,3.95,1.95,1.95,2.95,1.95,1.95,1.95,1.95,1.95,1.95,2.95,,,1.95,,,0.4,7.95,7.95,,3.95,1.95,,,,,,,0.4,1.95,,0.4,3.95,,,7.95,,0.4,0.4,0.4,0.45,0.4,0.45,0.45,0.95,1.95,1.95,1.95,0.45,0.45,,,,,,,,,,1.95,1.95,1.95,1.95,1.95,1.95,,,,1.95,1.95,0.95,,,3.95,3.95,,0.45,0.45,0.45,1.95,1.95,1.95,1.95,1.95,1.95,,,1.95,,,,,0.45,,,,1.95,,,,1.95,0.4,0.4,1.95,,,,0.95,1.95,,0.45,0.45,1.95
118,10252500,,3.95,,,,,0.95,0.45,,,,3.95,3.95,,3.95,7.95,7.95,,,,,,,,,3.95,,1.95,0.45,,,0.4,,1.95,1.95,,,,1.45,1.95,0.45,,,,1.95,0.95,,,,,,0.45,,0.4,0.45,,,,,1.95,0.95,,,,,0.45,0.95,0.4,,,,0.4,1.95,1.95,,1.95,,,,,,0.4,,,,,3.95,3.95,1.95,1.95,2.95,1.95,1.95,1.95,1.95,1.95,1.95,2.95,,,1.95,,,0.4,7.95,7.95,,3.95,1.95,,,,,,,0.4,1.95,,0.4,3.95,,,7.95,,0.4,0.4,0.4,0.45,0.4,0.45,0.45,0.95,1.95,1.95,1.95,0.45,0.45,,,,,,,,,,1.95,1.95,1.95,1.95,1.95,1.95,,,,1.95,1.95,0.95,,,3.95,3.95,,0.45,0.45,0.45,1.95,1.95,1.95,1.95,1.95,1.95,,,1.95,,,,,0.45,,,,1.95,,,,1.95,0.4,0.4,1.95,,,,0.95,1.95,,0.45,0.45,1.95
118,10252560,,3.95,,,,,0.95,0.45,,,,3.95,3.95,,3.95,7.95,7.95,,,,,,,,,3.95,,1.95,0.45,,,0.4,,1.95,1.95,,,,1.45,1.95,0.45,,,,1.95,0.95,,,,,,0.45,,0.4,0.45,,,,,1.95,0.95,,,,,0.45,0.95,0.4,,,,0.4,1.95,1.95,,1.95,,,,,,0.4,,,,,3.95,3.95,1.95,1.95,2.95,1.95,1.95,1.95,1.95,1.95,1.95,2.95,,,1.95,,,0.4,7.95,7.95,,3.95,1.95,,,,,,,0.4,1.95,,0.4,3.95,,,7.95,,0.4,0.4,0.4,0.45,0.4,0.45,0.45,0.95,1.95,1.95,1.95,0.45,0.45,,,,,,,,,,1.95,1.95,1.95,1.95,1.95,1.95,,,,1.95,1.95,0.95,,,3.95,3.95,,0.45,0.45,0.45,1.95,1.95,1.95,1.95,1.95,1.95,,,1.95,,,,,0.45,,,,1.95,,,,1.95,0.4,0.4,1.95,,,,0.95,1.95,,0.45,0.45,1.95
118,10252620,,3.95,,,,,0.95,0.45,,,,3.95,3.95,,3.95,7.95,7.95,,,,,,,,,3.95,,1.95,0.45,,,0.4,,1.95,1.95,,,,1.45,1.95,0.45,,,,1.95,0.95,,,,,,0.45,,0.4,0.45,,,,,1.95,0.95,,,,,0.45,0.95,0.4,,,,0.4,1.95,1.95,,1.95,,,,,,0.4,,,,,3.95,3.95,1.95,1.95,2.95,1.95,1.95,1.95,1.95,1.95,1.95,2.95,,,1.95,,,0.4,7.95,7.95,,3.95,1.95,,,,,,,0.4,1.95,,0.4,3.95,,,7.95,,0.4,0.4,0.4,0.45,0.4,0.45,0.45,0.95,1.95,1.95,1.95,0.45,0.45,,,,,,,,,,1.95,1.95,1.95,1.95,1.95,1.95,,,,1.95,1.95,0.95,,,3.95,3.95,,0.45,0.45,0.45,1.95,1.95,1.95,1.95,1.95,1.95,,,1.95,,,,,0.45,,,,1.95,,,,1.95,0.4,0.4,1.95,,,,0.95,1.95,,0.45,0.45,1.95
118,10252680,,3.95,,,,,0.95,0.45,,,,3.95,3.95,,3.95,7.95,7.95,,,,,,,,,3.95,,1.95,0.45,,,0.4,,1.95,1.95,,,,1.45,1.95,0.45,,,,1.95,0.95,,,,,,0.45,,0.4,0.45,,,,,1.95,0.95,,,,,0.45,0.95,0.4,,,,0.4,1.95,1.95,,1.95,,,,,,0.4,,,,,3.95,3.95,1.95,1.95,2.95,1.95,1.95,1.95,1.95,1.95,1.95,2.95,,,1.95,,,0.4,7.95,7.95,,3.95,1.95,,,,,,,0.4,1.95,,0.4,3.95,,,7.95,,0.4,0.4,0.4,0.45,0.4,0.45,0.45,0.95,1.95,1.95,1.95,0.45,0.45,,,,,,,,,,1.95,1.95,1.95,1.95,1.95,1.95,,,,1.95,1.95,0.95,,,3.95,3.95,,0.45,0.45,0.45,1.95,1.95,1.95,1.95,1.95,1.95,,,1.95,,,,,0.45,,,,1.95,,,,1.95,0.4,0.4,1.95,,,,0.95,1.95,,0.45,0.45,1.95
118,10252740,,3.95,,,,,0.95,0.45,,,,3.95,3.95,,3.95,7.95,7.95,,,,,,,,,3.95,,1.95,0.45,,,0.4,,1.95,1.95,,,,1.45,1.95,0.45,,,,1.95,0.95,,,,,,0.45,,0.4,0.45,,,,,1.95,0.95,,,,,0.45,0.95,0.4,,,,0.4,1.95,1.95,,1.95,,,,,,0.4,,,,,3.95,3.95,1.95,1.95,2.95,1.95,1.95,1.95,1.95,1.95,1.95,2.95,,,1.95,,,0.4,7.95,7.95,,3.95,1.95,,,,,,,0.4,1.95,,0.4,3.95,,,7.95,,0.4,0.4,0.4,0.45,0.4,0.45,0.45,0.95,1.95,1.95,1.95,0.45,0.45,,,,,,,,,,1.95,1.95,1.95,1.95,1.95,1.95,,,,1.95,1.95,0.95,,,3.95,3.95,,0.45,0.45,0.45,1.95,1.95,1.95,1.95,1.95,1.95,,,1.95,,,,,0.45,,,,1.95,,,,1.95,0.4,0.4,1.95,,,,0.95,1.95,,0.45,0.45,1.95
118,10252800,,3.95,,,,,0.95,0.45,,,,3.95,3.95,,3.95,7.95,7.95,,,,,,,,,3.95,,1.95,0.45,,,0.4,,1.95,1.95,,,,1.283,1.95,0.45,,,,1.95,0.95,,,,,,0.45,,0.4,0.45,,,,,1.95,0.95,,,,,0.45,0.95,0.4,,,,0.4,1.95,1.95,,1.95,,,,,,0.4,,,,,3.95,3.95,1.95,1.95,2.95,1.95,1.95,1.95,1.95,1.95,1.95,2.95,,,1.95,,,0.4,7.95,7.95,,3.95,1.95,,,,,,,0.4,1.95,,0.4,3.95,,,7.95,,0.4,0.4,0.4,0.45,0.4,0.45,0.45,0.95,1.95,1.95,1.95,0.45,0.45,,,,,,,,,,1.95,1.95,1.95,1.95,1.95,1.95,,,,1.95,1.95,0.95,,,3.95,3.95,,0.45,0.45,0.45,1.95,1.95,1.95,1.95,1.95,1.95,,,1.95,,,,,0.45,,,,1.95,,,,1.95,0.4,0.4,1.95,,,,0.95,1.95,,0.45,0.45,1.95
118,10252860,,3.95,,,,,0.95,0.45,,,,3.95,3.95,,3.95,7.95,7.95,,,,,,,,,3.95,,1.95,0.45,,,0.4,,1.95,1.95,,,,1.45,1.95,0.45,,,,1.95,0.95,,,,,,0.45,,0.4,0.45,,,,,1.95,0.95,,,,,0.45,0.95,0.4,,,,0.4,1.95,1.95,,1.95,,,,,,0.4,,,,,3.95,3.95,1.95,1.95,2.95,1.95,1.95,1.95,1.95,1.95,1.95,2.95,,,1.95,,,0.4,7.95,7.95,,3.95,1.95,,,,,,,0.4,1.95,,0.4,3.95,,,7.95,,0.4,0.4,0.4,0.45,0.4,0.45,0.45,0.95,1.95,1.95,1.95,0.45,0.45,,,,,,,,,,1.95,1.95,1.95,1.95,1.95,1.95,,,,1.95,1.95,0.95,,,3.95,3.95,,0.45,0.45,0.45,1.95,1.95,1.95,1.95,1.95,1.95,,,1.95,,,,,0.45,,,,1.95,,,,1.95,0.4,0.4,1.95,,,,0.95,1.95,,0.45,0.45,1.95
118,10252920,,3.95,,,,,0.95,0.45,,,,3.95,3.95,,3.95,7.95,7.95,,,,,,,,,3.95,,1.95,0.45,,,0.4,,1.95,1.95,,,,1.45,1.95,0.45,,,,1.95,0.95,,,,,,0.45,,0.4,0.45,,,,,1.95,0.95,,,,,0.45,0.95,0.4,,,,0.4,1.95,1.95,,1.95,,,,,,0.4,,,,,3.95,3.95,1.95,1.95,2.95,1.95,1.95,1.95,1.95,1.95,1.95,2.95,,,1.95,,,0.4,7.95,7.95,,3.95,1.95,,,,,,,0.4,1.95,,0.4,3.95,,,7.95,,0.4,0.4,0.4,0.45,0.4,0.45,0.45,0.95,1.95,1.95,1.95,0.45,0.45,,,,,,,,,,1.95,1.95,1.95,1.95,1.95,1.95,,,,1.95,1.95,0.95,,,3.95,3.95,,0.45,0.45,0.45,1.95,1.95,1.95,1.95,1.95,1.95,,,1.95,,,,,0.45,,,,1.95,,,,1.95,0.4,0.4,1.95,,,,0.95,1.95,,0.45,0.45,1.95
118,10252980,,3.95,,,,,0.95,0.45,,,,3.95,3.95,,3.95,7.95,7.95,,,,,,,,,3.95,,1.95,0.45,,,0.4,,1.95,1.95,,,,1.45,1.95,0.45,,,,1.95,0.95,,,,,,0.45,,0.4,0.45,,,,,1.95,0.95,,,,,0.45,0.95,0.4,,,,0.4,1.95,1.95,,1.95,,,,,,0.4,,,,,3.95,3.95,1.95,1.95,2.95,1.95,1.95,1.95,1.95,1.95,1.95,2.95,,,1.95,,,0.4,7.95,7.95,,3.95,1.95,,,,,,,0.4,1.95,,0.4,3.95,,,7.95,,0.4,0.4,0.4,0.45,0.4,0.45,0.45,0.95,1.95,1.95,1.95,0.45,0.45,,,,,,,,,,1.95,1.95,1.95,1.95,1.95,1.95,,,,1.95,1.95,0.95,,,3.95,3.95,,0.45,0.45,0.45,1.95,1.95,1.95,1.95,1.95,1.95,,,1.95,,,,,0.45,,,,1.95,,,,1.95,0.4,0.4,1.95,,,,0.95,1.95,,0.45,0.45,1.95
118,10253040,,3.95,,,,,0.95,0.45,,,,3.95,3.95,,3.95,7.95,7.95,,,,,,,,,3.95,,1.95,0.45,,,0.4,,1.95,1.95,,,,1.45,1.95,0.45,,,,1.95,0.95,,,,,,0.45,,0.4,0.45,,,,,1.95,0.95,,,,,0.45,0.95,0.4,,,,0.4,1.95,1.95,,1.95,,,,,,0.4,,,,,3.95,3.95,1.95,1.95,2.95,1.95,1.95,1.95,1.95,1.95,1.95,2.95,,,1.95,,,0.4,7.95,7.95,,3.95,1.95,,,,,,,0.4,1.95,,0.4,3.95,,,7.95,,0.4,0.4,0.4,0.45,0.4,0.45,0.45,0.95,1.95,1.95,1.95,0.45,0.45,,,,,,,,,,1.95,1.95,1.95,1.95,1.95,1.95,,,,1.95,1.95,0.95,,,3.95,3.95,,0.45,0.45,0.45,1.95,1.95,1.95,1.95,1.95,1.95,,,1.95,,,,,0.45,,,,1.95,,,,1.95,0.4,0.4,1.95,,,,0.95,1.95,,0.45,0.45,1.95
118,10253100,,3.95,,,,,0.95,0.45,,,,3.95,3.95,,3.95,7.95,7.95,,,,,,,,,3.95,,1.95,0.45,,,0.4,,1.95,1.95,,,,1.45,1.95,0.45,,,,1.95,0.95,,,,,,0.45,,0.4,0.45,,,,,1.95,0.95,,,,,0.45,0.95,0.4,,,,0.4,1.95,1.95,,1.95,,,,,,0.4,,,,,3.95,3.95,1.95,1.95,2.95,1.95,1.95,1.95,1.95,1.95,1.95,2.95,,,1.95,,,0.4,7.95,7.95,,3.95,1.95,,,,,,,0.4,1.95,,0.4,3.95,,,7.95,,0.4,0.4,0.4,0.45,0.4,0.45,0.45,0.95,1.95,1.95,1.95,0.45,0.45,,,,,,,,,,1.95,1.95,1.95,1.95,1.95,1.95,,,,1.95,1.95,0.95,,,3.95,3.95,,0.45,0.45,0.45,1.95,1.95,1.95,1.95,1.95,1.95,,,1.95,,,,,0.45,,,,1.95,,,,1.95,0.4,0.4,1.95,,,,0.95,1.95,,0.45,0.45,1.95
118,10253160,,3.95,,,,,0.95,0.45,,,,3.95,3.95,,3.95,7.95,7.95,,,,,,,,,3.95,,1.95,0.45,,,0.4,,1.95,1.95,,,,1.45,1.95,0.45,,,,1.95,0.95,,,,,,0.45,,0.4,0.45,,,,,1.95,0.95,,,,,0.45,0.95,0.4,,,,0.4,1.95,1.95,,1.95,,,,,,0.4,,,,,3.95,3.95,1.95,1.95,2.95,1.95,1.95,1.95,1.95,1.95,1.95,2.95,,,1.95,,,0.4,7.95,7.95,,3.95,1.95,,,,,,,0.4,1.95,,0.4,3.95,,,7.95,,0.4,0.4,0.4,0.45,0.4,0.45,0.45,0.95,1.95,1.95,1.95,0.45,0.45,,,,,,,,,,1.95,1.95,1.95,1.95,1.95,1.95,,,,1.95,1.95,0.95,,,3.95,3.95,,0.45,0.45,0.45,1.95,1.95,1.95,1.95,1.95,1.95,,,1.95,,,,,0.45,,,,1.95,,,,1.95,0.4,0.4,1.95,,,,0.95,1.95,,0.45,0.45,1.95
118,10253220,,3.95,,,,,0.95,0.45,,,,3.95,3.95,,3.95,7.95,7.95,,,,,,,,,3.95,,1.95,0.45,,,0.4,,1.95,1.95,,,,1.617,1.95,0.45,,,,1.95,0.95,,,,,,0.45,,0.4,0.45,,,,,1.95,0.95,,,,,0.45,0.95,0.4,,,,0.4,1.95,1.95,,1.95,,,,,,0.4,,,,,3.95,3.95,1.95,1.95,2.95,1.95,1.95,1.95,1.95,1.95,1.95,2.95,,,1.95,,,0.4,7.95,7.95,,3.95,1.95,,,,,,,0.4,1.95,,0.4,3.95,,,7.95,,0.4,0.4,0.4,0.45,0.4,0.45,0.45,0.95,1.95,1.95,1.95,0.45,0.45,,,,,,,,,,1.95,1.95,1.95,1.95,1.95,1.95,,,,1.95,1.95,0.95,,,3.95,3.95,,0.45,0.45,0.45,1.95,1.95,1.95,1.95,1.95,1.95,,,1.95,,,,,0.45,,,,1.95,,,,1.95,0.4,0.4,1.95,,,,0.95,1.95,,0.45,0.45,1.95
118,10253280,,3.95,,,,,0.95,0.45,,,,3.95,3.95,,3.95,7.95,7.95,,,,,,,,,3.95,,1.95,0.45,,,0.4,,1.95,1.95,,,,1.45,1.95,0.45,,,,1.95,0.95,,,,,,0.45,,0.4,0.45,,,,,1.95,0.95,,,,,0.45,0.95,0.4,,,,0.4,1.95,1.95,,1.95,,,,,,0.4,,,,,3.95,3.95,1.95,1.95,2.95,1.95,1.95,1.95,1.95,1.95,1.95,2.95,,,1.95,,,0.4,7.95,7.95,,3.95,1.95,,,,,,,0.4,1.95,,0.4,3.95,,,7.95,,0.4,0.4,0.4,0.45,0.4,0.45,0.45,0.95,1.95,1.95,1.95,0.45,0.45,,,,,,,,,,1.95,1.95,1.95,1.95,1.95,1.95,,,,1.95,1.95,0.95,,,3.95,3.95,,0.45,0.45,0.45,1.95,1.95,1.95,1.95,1.95,1.95,,,1.95,,,,,0.45,,,,1.95,,,,1.95,0.4,0.4,1.95,,,,0.95,1.95,,0.45,0.45,1.95
118,10253340,,3.95,,,,,0.95,0.45,,,,3.95,3.95,,3.95,7.95,7.95,,,,,,,,,3.95,,1.95,0.45,,,0.4,,1.95,1.95,,,,1.45,1.95,0.45,,,,1.95,0.95,,,,,,0.45,,0.4,0.45,,,,,1.95,0.95,,,,,0.45,0.95,0.4,,,,0.4,1.95,1.95,,1.95,,,,,,0.4,,,,,3.95,3.95,1.95,1.95,2.95,1.95,1.95,1.95,1.95,1.95,1.95,2.95,,,1.95,,,0.4,7.95,7.95,,3.95,1.95,,,,,,,0.4,1.95,,0.4,3.95,,,7.95,,0.4,0.4,0.4,0.45,0.4,0.45,0.45,0.95,1.95,1.95,1.95,0.45,0.45,,,,,,,,,,1.95,1.95,1.95,1.95,1.95,1.95,,,,1.95,1.95,0.95,,,3.95,3.95,,0.45,0.45,0.45,1.95,1.95,1.95,1.95,1.95,1.95,,,1.95,,,,,0.45,,,,1.95,,,,1.95,0.4,0.4,1.95,,,,0.95,1.95,,0.45,0.45,1.95
118,10253400,,3.95,,,,,0.95,0.45,,,,3.95,3.95,,3.95,7.95,7.95,,,,,,,,,3.95,,1.95,0.45,,,0.4,,1.95,1.95,,,,1.45,1.95,0.45,,,,1.95,0.95,,,,,,0.45,,0.4,0.45,,,,,1.95,0.95,,,,,0.45,0.95,0.4,,,,0.4,1.95,1.95,,1.95,,,,,,0.4,,,,,3.95,3.95,1.95,1.95,2.95,1.95,1.95,1.95,1.95,1.95,1.95,2.95,,,1.95,,,0.4,7.95,7.95,,3.95,1.95,,,,,,,0.4,1.95,,0.4,3.95,,,7.95,,0.4,0.4,0.4,0.45,0.4,0.45,0.45,0.95,1.95,1.95,1.95,0.45,0.45,,,,,,,,,,1.95,1.95,1.95,1.95,1.95,1.95,,,,1.95,1.95,0.95,,,3.95,3.95,,0.45,0.45,0.45,1.95,1.95,1.95,1.95,1.95,1.95,,,1.95,,,,,0.45,,,,1.95,,,,1.95,0.4,0.4,1.95,,,,0.95,1.95,,0.45,0.45,1.95
118,10253460,,3.95,,,,,0.95,0.45,,,,3.95,3.95,,3.95,7.95,7.95,,,,,,,,,3.95,,1.95,0.45,,,0.4,,1.95,1.95,,,,1.45,1.95,0.45,,,,1.95,0.95,,,,,,0.45,,0.4,0.45,,,,,1.95,0.95,,,,,0.45,0.95,0.4,,,,0.4,1.95,1.95,,1.95,,,,,,0.4,,,,,3.95,3.95,1.95,1.95,2.95,1.95,1.95,1.95,1.95,1.95,1.95,2.95,,,1.95,,,0.4,7.95,7.95,,3.95,1.95,,,,,,,0.4,1.95,,0.4,3.95,,,7.95,,0.4,0.4,0.4,0.45,0.4,0.45,0.45,0.95,1.95,1.95,1.95,0.45,0.45,,,,,,,,,,1.95,1.95,1.95,1.95,1.95,1.95,,,,1.95,1.95,0.95,,,3.95,3.95,,0.45,0.45,0.45,1.95,1.95,1.95,1.95,1.95,1.95,,,1.95,,,,,0.45,,,,1.95,,,,1.95,0.4,0.4,1.95,,,,0.95,1.95,,0.45,0.45,1.95
118,10253520,,3.95,,,,,0.95,0.45,,,,3.95,3.95,,3.95,7.95,7.95,,,,,,,,,3.95,,1.95,0.45,,,0.4,,1.95,1.95,,,,1.45,1.95,0.45,,,,1.95,0.95,,,,,,0.45,,0.4,0.45,,,,,1.95,0.95,,,,,0.45,0.95,0.4,,,,0.4,1.95,1.95,,1.95,,,,,,0.4,,,,,3.95,3.95,1.95,1.95,2.95,1.95,1.95,1.95,1.95,1.95,1.95,2.95,,,1.95,,,0.4,7.95,7.95,,3.95,1.95,,,,,,,0.4,1.95,,0.4,3.95,,,7.95,,0.4,0.4,0.4,0.45,0.4,0.45,0.45,0.95,1.95,1.95,1.95,0.45,0.45,,,,,,,,,,1.95,1.95,1.95,1.95,1.95,1.95,,,,1.95,1.95,0.95,,,3.95,3.95,,0.45,0.45,0.45,1.95,1.95,1.95,1.95,1.95,1.95,,,1.95,,,,,0.45,,,,1.95,,,,1.95,0.4,0.4,1.95,,,,0.95,1.95,,0.45,0.45,1.95
118,10253580,,3.95,,,,,0.95,0.45,,,,3.95,3.95,,3.95,7.95,7.95,,,,,,,,,3.95,,1.95,0.45,,,0.4,,1.95,1.95,,,,1.283,1.95,0.45,,,,1.95,0.95,,,,,,0.45,,0.4,0.45,,,,,1.95,0.95,,,,,0.45,0.95,0.4,,,,0.4,1.95,1.95,,1.95,,,,,,0.4,,,,,3.95,3.95,1.95,1.95,2.95,1.95,1.95,1.95,1.95,1.95,1.95,2.95,,,1.95,,,0.4,7.95,7.95,,3.95,1.95,,,,,,,0.4,1.95,,0.4,3.95,,,7.95,,0.4,0.4,0.4,0.45,0.4,0.45,0.45,0.95,1.95,1.95,1.95,0.45,0.45,,,,,,,,,,1.95,1.95,1.95,1.95,1.95,1.95,,,,1.95,1.95,0.95,,,3.95,3.95,,0.45,0.45,0.45,1.95,1.95,1.95,1.95,1.95,1.95,,,1.95,,,,,0.45,,,,1.95,,,,1.95,0.4,0.4,1.95,,,,0.95,1.95,,0.45,0.45,1.95
118,10253640,,3.95,,,,,0.95,0.45,,,,3.95,3.95,,3.95,7.95,7.95,,,,,,,,,3.95,,1.95,0.45,,,0.4,,1.95,1.95,,,,1.45,1.95,0.45,,,,1.95,0.95,,,,,,0.45,,0.4,0.45,,,,,1.95,0.95,,,,,0.45,0.95,0.4,,,,0.4,1.95,1.95,,1.95,,,,,,0.4,,,,,3.95,3.95,1.95,1.95,2.95,1.95,1.95,1.95,1.95,1.95,1.95,2.95,,,1.95,,,0.4,7.95,7.95,,3.95,1.95,,,,,,,0.4,1.95,,0.4,3.95,,,7.95,,0.4,0.4,0.4,0.45,0.4,0.45,0.45,0.95,1.95,1.95,1.95,0.45,0.45,,,,,,,,,,1.95,1.95,1.95,1.95,1.95,1.95,,,,1.95,1.95,0.95,,,3.95,3.95,,0.45,0.45,0.45,1.95,1.95,1.95,1.95,1.95,1.95,,,1.95,,,,,0.45,,,,1.95,,,,1.95,0.4,0.4,1.95,,,,0.95,1.95,,0.45,0.45,1.95
118,10253700,,3.95,,,,,0.95,0.45,,,,3.95,3.95,,3.95,7.95,7.95,,,,,,,,,3.95,,1.95,0.45,,,0.4,,1.95,1.95,,,,1.45,1.95,0.45,,,,1.95,0.95,,,,,,0.45,,0.4,0.45,,,,,1.95,0.95,,,,,0.45,0.95,0.4,,,,0.4,1.95,1.95,,1.95,,,,,,0.4,,,,,3.95,3.95,1.95,1.95,2.95,1.95,1.95,1.95,1.95,1.95,1.95,2.95,,,1.95,,,0.4,7.95,7.95,,3.95,1.95,,,,,,,0.4,1.95,,0.4,3.95,,,7.95,,0.4,0.4,0.4,0.45,0.4,0.45,0.45,0.95,1.95,1.95,1.95,0.45,0.45,,,,,,,,,,1.95,1.95,1.95,1.95,1.95,1.95,,,,1.95,1.95,0.95,,,3.95,3.95,,0.45,0.45,0.45,1.95,1.95,1.95,1.95,1.95,1.95,,,1.95,,,,,0.45,,,,1.95,,,,1.95,0.4,0.4,1.95,,,,0.95,1.95,,0.45,0.45,1.95
118,10253760,,3.95,,,,,0.95,0.45,,,,3.95,3.95,,3.95,7.95,7.95,,,,,,,,,3.95,,1.95,0.45,,,0.4,,1.95,1.95,,,,1.45,1.95,0.45,,,,1.95,0.95,,,,,,0.45,,0.4,0.45,,,,,1.95,0.95,,,,,0.45,0.95,0.4,,,,0.4,1.95,1.95,,1.95,,,,,,0.4,,,,,3.95,3.95,1.95,1.95,2.95,1.95,1.95,1.95,1.95,1.95,1.95,2.95,,,1.95,,,0.4,7.95,7.95,,3.95,1.95,,,,,,,0.4,1.95,,0.4,3.95,,,7.95,,0.4,0.4,0.4,0.45,0.4,0.45,0.45,0.95,1.95,1.95,1.95,0.45,0.45,,,,,,,,,,1.95,1.95,1.95,1.95,1.95,1.95,,,,1.95,1.95,0.95,,,3.95,3.95,,0.45,0.45,0.45,1.95,1.95,1.95,1.95,1.95,1.95,,,1.95,,,,,0.45,,,,1.95,,,,1.95,0.4,0.4,1.95,,,,0.95,1.95,,0.45,0.45,1.95
118,10253820,,3.95,,,,,0.95,0.45,,,,3.95,3.95,,3.95,7.95,7.95,,,,,,,,,3.95,,1.95,0.45,,,0.4,,1.95,1.95,,,,1.45,1.95,0.45,,,,1.95,0.95,,,,,,0.45,,0.4,0.45,,,,,1.95,0.95,,,,,0.45,0.95,0.4,,,,0.4,1.95,1.95,,1.95,,,,,,0.4,,,,,3.95,3.95,1.95,1.95,2.95,1.95,1.95,1.95,1.95,1.95,1.95,2.95,,,1.95,,,0.4,7.95,7.95,,3.95,1.95,,,,,,,0.4,1.95,,0.4,3.95,,,7.95,,0.4,0.4,0.4,0.45,0.4,0.45,0.45,0.95,1.95,1.95,1.95,0.45,0.45,,,,,,,,,,1.95,1.95,1.95,1.95,1.95,1.95,,,,1.95,1.95,0.95,,,3.95,3.95,,0.45,0.45,0.45,1.95,1.95,1.95,1.95,1.95,1.95,,,1.95,,,,,0.45,,,,1.95,,,,1.95,0.4,0.4,1.95,,,,0.95,1.95,,0.45,0.45,1.95
118,10253880,,3.95,,,,,0.95,0.45,,,,3.95,3.95,,3.95,7.95,7.95,,,,,,,,,3.95,,1.95,0.45,,,0.4,,1.95,1.95,,,,1.45,1.95,0.45,,,,1.95,0.95,,,,,,0.45,,0.4,0.45,,,,,1.95,0.95,,,,,0.45,0.95,0.4,,,,0.4,1.95,1.95,,1.95,,,,,,0.4,,,,,3.95,3.95,1.95,1.95,2.95,1.95,1.95,1.95,1.95,1.95,1.95,2.95,,,1.95,,,0.4,7.95,7.95,,3.95,1.95,,,,,,,0.4,1.95,,0.4,3.95,,,7.95,,0.4,0.4,0.4,0.45,0.4,0.45,0.45,0.95,1.95,1.95,1.95,0.45,0.45,,,,,,,,,,1.95,1.95,1.95,1.95,1.95,1.95,,,,1.95,1.95,0.95,,,3.95,3.95,,0.45,0.45,0.45,1.95,1.95,1.95,1.95,1.95,1.95,,,1.95,,,,,0.45,,,,1.95,,,,1.95,0.4,0.4,1.95,,,,0.95,1.95,,0.45,0.45,1.95
118,10253940,,3.95,,,,,0.95,0.45,,,,3.95,3.95,,3.95,7.95,7.95,,,,,,,,,3.95,,1.95,0.45,,,0.4,,1.95,1.95,,,,1.45,1.95,0.45,,,,1.95,0.95,,,,,,0.45,,0.4,0.45,,,,,1.95,0.95,,,,,0.45,0.95,0.4,,,,0.4,1.95,1.95,,1.95,,,,,,0.4,,,,,3.95,3.95,1.95,1.95,2.95,1.95,1.95,1.95,1.95,1.95,1.95,2.95,,,1.95,,,0.4,7.95,7.95,,3.95,1.95,,,,,,,0.4,1.95,,0.4,3.95,,,7.95,,0.4,0.4,0.4,0.45,0.4,0.45,0.45,0.95,1.95,1.95,1.95,0.45,0.45,,,,,,,,,,1.95,1.95,1.95,1.95,1.95,1.95,,,,1.95,1.95,0.95,,,3.95,3.95,,0.45,0.45,0.45,1.95,1.95,1.95,1.95,1.95,1.95,,,1.95,,,,,0.45,,,,1.95,,,,1.95,0.4,0.4,1.95,,,,0.95,1.95,,0.45,0.45,1.95
118,10254000,,3.95,,,,,0.95,0.45,,,,3.95,3.95,,3.95,7.95,7.95,,,,,,,,,3.95,,1.95,0.45,,,0.4,,1.95,1.95,,,,1.617,1.95,0.45,,,,1.95,0.95,,,,,,0.45,,0.4,0.45,,,,,1.95,0.95,,,,,0.45,0.95,0.4,,,,0.4,1.95,1.95,,1.95,,,,,,0.4,,,,,3.95,3.95,1.95,1.95,2.95,1.95,1.95,1.95,1.95,1.95,1.95,2.95,,,1.95,,,0.4,7.95,7.95,,3.95,1.95,,,,,,,0.4,1.95,,0.4,3.95,,,7.95,,0.4,0.4,0.4,0.45,0.4,0.45,0.45,0.95,1.95,1.95,1.95,0.45,0.45,,,,,,,,,,1.95,1.95,1.95,1.95,1.95,1.95,,,,1.95,1.95,0.95,,,3.95,3.95,,0.45,0.45,0.45,1.95,1.95,1.95,1.95,1.95,1.95,,,1.95,,,,,0.45,,,,1.95,,,,1.95,0.4,0.4,1.95,,,,0.95,1.95,,0.45,0.45,1.95
118,10254060,,3.95,,,,,0.95,0.45,,,,3.95,3.95,,3.95,7.95,7.95,,,,,,,,,3.95,,1.95,0.45,,,0.4,,1.95,1.95,,,,1.45,1.95,0.45,,,,1.95,0.95,,,,,,0.45,,0.4,0.45,,,,,1.95,0.95,,,,,0.45,0.95,0.4,,,,0.4,1.95,1.95,,1.95,,,,,,0.4,,,,,3.95,3.95,1.95,1.95,2.95,1.95,1.95,1.95,1.95,1.95,1.95,2.95,,,1.95,,,0.4,7.95,7.95,,3.95,1.95,,,,,,,0.4,1.95,,0.4,3.95,,,7.95,,0.4,0.4,0.4,0.45,0.4,0.45,0.45,0.95,1.95,1.95,1.95,0.45,0.45,,,,,,,,,,1.95,1.95,1.95,1.95,1.95,1.95,,,,1.95,1.95,0.95,,,3.95,3.95,,0.45,0.45,0.45,1.95,1.95,1.95,1.95,1.95,1.95,,,1.95,,,,,0.45,,,,1.95,,,,1.95,0.4,0.4,1.95,,,,0.95,1.95,,0.45,0.45,1.95
118,10254120,,3.95,,,,,0.95,0.45,,,,3.95,3.95,,3.95,7.95,7.95,,,,,,,,,3.95,,1.95,0.45,,,0.4,,1.95,1.95,,,,1.45,1.95,0.45,,,,1.95,0.95,,,,,,0.45,,0.4,0.45,,,,,1.95,0.95,,,,,0.45,0.95,0.4,,,,0.4,1.95,1.95,,1.95,,,,,,0.4,,,,,3.95,3.95,1.95,1.95,2.95,1.95,1.95,1.95,1.95,1.95,1.95,2.95,,,1.95,,,0.4,7.95,7.95,,3.95,1.95,,,,,,,0.4,1.95,,0.4,3.95,,,7.95,,0.4,0.4,0.4,0.45,0.4,0.45,0.45,0.95,1.95,1.95,1.95,0.45,0.45,,,,,,,,,,1.95,1.95,1.95,1.95,1.95,1.95,,,,1.95,1.95,0.95,,,3.95,3.95,,0.45,0.45,0.45,1.95,1.95,1.95,1.95,1.95,1.95,,,1.95,,,,,0.45,,,,1.95,,,,1.95,0.4,0.4,1.95,,,,0.95,1.95,,0.45,0.45,1.95
118,10254180,,3.95,,,,,0.95,0.45,,,,3.95,3.95,,3.95,7.95,7.95,,,,,,,,,3.95,,1.95,0.45,,,0.4,,1.95,1.95,,,,1.45,1.95,0.45,,,,1.95,0.95,,,,,,0.45,,0.4,0.45,,,,,1.95,0.95,,,,,0.45,0.95,0.4,,,,0.4,1.95,1.95,,1.95,,,,,,0.4,,,,,3.95,3.95,1.95,1.95,2.95,1.95,1.95,1.95,1.95,1.95,1.95,2.95,,,1.95,,,0.4,7.95,7.95,,3.95,1.95,,,,,,,0.4,1.95,,0.4,3.95,,,7.95,,0.4,0.4,0.4,0.45,0.4,0.45,0.45,0.95,1.95,1.95,1.95,0.45,0.45,,,,,,,,,,1.95,1.95,1.95,1.95,1.95,1.95,,,,1.95,1.95,0.95,,,3.95,3.95,,0.45,0.45,0.45,1.95,1.95,1.95,1.95,1.95,1.95,,,1.95,,,,,0.45,,,,1.95,,,,1.95,0.4,0.4,1.95,,,,0.95,1.95,,0.45,0.45,1.95
118,10254240,,3.95,,,,,0.95,0.45,,,,3.95,3.95,,3.95,7.95,7.95,,,,,,,,,3.95,,1.95,0.45,,,0.4,,1.95,1.95,,,,1.45,1.95,0.45,,,,1.95,0.95,,,,,,0.45,,0.4,0.45,,,,,1.95,0.95,,,,,0.45,0.95,0.4,,,,0.4,1.95,1.95,,1.95,,,,,,0.4,,,,,3.95,3.95,1.95,1.95,2.95,1.95,1.95,1.95,1.95,1.95,1.95,2.95,,,1.95,,,0.4,7.95,7.95,,3.95,1.95,,,,,,,0.4,1.95,,0.4,3.95,,,7.95,,0.4,0.4,0.4,0.45,0.4,0.45,0.45,0.95,1.95,1.95,1.95,0.45,0.45,,,,,,,,,,1.95,1.95,1.95,1.95,1.95,1.95,,,,1.95,1.95,0.95,,,3.95,3.95,,0.45,0.45,0.45,1.95,1.95,1.95,1.95,1.95,1.95,,,1.95,,,,,0.45,,,,1.95,,,,1.95,0.4,0.4,1.95,,,,0.95,1.95,,0.45,0.45,1.95
118,10254300,,3.95,,,,,0.95,0.45,,,,3.95,3.95,,3.95,7.95,7.95,,,,,,,,,3.95,,1.95,0.45,,,0.4,,1.95,1.95,,,,1.45,1.95,0.45,,,,1.95,0.95,,,,,,0.45,,0.4,0.45,,,,,1.95,0.95,,,,,0.45,0.95,0.4,,,,0.4,1.95,1.95,,1.95,,,,,,0.4,,,,,3.95,3.95,1.95,1.95,2.95,1.95,1.95,1.95,1.95,1.95,1.95,2.95,,,1.95,,,0.4,7.95,7.95,,3.95,1.95,,,,,,,0.4,1.95,,0.4,3.95,,,7.95,,0.4,0.4,0.4,0.45,0.4,0.45,0.45,0.95,1.95,1.95,1.95,0.45,0.45,,,,,,,,,,1.95,1.95,1.95,1.95,1.95,1.95,,,,1.95,1.95,0.95,,,3.95,3.95,,0.45,0.45,0.45,1.95,1.95,1.95,1.95,1.95,1.95,,,1.95,,,,,0.45,,,,1.95,,,,1.95,0.4,0.4,1.95,,,,0.95,1.95,,0.45,0.45,1.95
118,10254360,,3.95,,,,,0.95,0.45,,,,3.95,3.95,,3.95,7.95,7.95,,,,,,,,,3.95,,1.95,0.45,,,0.4,,1.95,1.95,,,,1.45,1.95,0.45,,,,1.95,0.95,,,,,,0.45,,0.4,0.45,,,,,1.95,0.95,,,,,0.45,0.95,0.4,,,,0.4,1.95,1.95,,1.95,,,,,,0.4,,,,,3.95,3.95,1.95,1.95,2.95,1.95,1.95,1.95,1.95,1.95,1.95,2.95,,,1.95,,,0.4,7.95,7.95,,3.95,1.95,,,,,,,0.4,1.95,,0.4,4.35,,,7.95,,0.4,0.4,0.4,0.45,0.4,0.45,0.45,0.95,1.95,1.95,1.95,0.45,0.45,,,,,,,,,,1.95,1.95,1.95,1.95,1.95,1.95,,,,1.95,1.95,0.95,,,3.95,3.95,,0.45,0.45,0.45,1.95,1.95,1.95,1.95,1.95,1.95,,,1.95,,,,,0.45,,,,1.95,,,,1.95,0.4,0.4,1.95,,,,0.95,1.95,,0.45,0.45,1.95
118,10254420,,3.95,,,,,0.95,0.45,,,,3.95,3.95,,3.95,7.95,7.95,,,,,,,,,3.95,,1.95,0.45,,,0.4,,1.95,1.95,,,,1.45,1.95,0.45,,,,1.95,0.95,,,,,,0.45,,0.4,0.45,,,,,1.95,0.95,,,,,0.45,0.95,0.4,,,,0.4,1.95,1.95,,1.95,,,,,,0.4,,,,,3.95,3.95,1.95,1.95,2.95,1.95,1.95,1.95,1.95,1.95,1.95,2.95,,,1.95,,,0.4,7.95,7.95,,3.95,1.95,,,,,,,0.4,1.95,,0.4,4.258,,,7.95,,0.4,0.4,0.4,0.45,0.4,0.45,0.45,0.95,1.95,1.95,1.95,0.45,0.45,,,,,,,,,,1.95,1.95,1.95,1.95,1.95,1.95,,,,1.95,1.95,0.95,,,3.95,3.95,,0.45,0.45,0.45,1.95,1.95,1.95,1.95,1.95,1.95,,,1.95,,,,,0.45,,,,1.95,,,,1.95,0.4,0.4,1.95,,,,0.95,1.95,,0.45,0.45,1.95
118,10254480,,3.95,,,,,0.95,0.45,,,,3.95,3.95,,3.95,7.95,7.95,,,,,,,,,3.95,,1.95,0.45,,,0.4,,1.95,1.95,,,,1.45,1.95,0.45,,,,1.95,0.95,,,,,,0.45,,0.4,0.45,,,,,1.95,0.95,,,,,0.45,0.95,0.4,,,,0.4,1.95,1.95,,1.95,,,,,,0.4,,,,,3.95,3.95,1.95,1.95,2.95,1.95,1.95,1.95,1.95,1.95,1.95,2.95,,,1.95,,,0.4,7.95,7.95,,3.95,1.95,,,,,,,0.4,1.95,,0.4,4.258,,,7.95,,0.4,0.4,0.4,0.45,0.4,0.45,0.45,0.95,1.95,1.95,1.95,0.45,0.45,,,,,,,,,,1.95,1.95,1.95,1.95,1.95,1.95,,,,1.95,1.95,0.95,,,3.95,3.95,,0.45,0.45,0.45,1.95,1.95,1.95,1.95,1.95,1.95,,,1.95,,,,,0.45,,,,1.95,,,,1.95,0.4,0.4,1.95,,,,0.95,1.95,,0.45,0.45,1.95
118,10254540,,3.95,,,,,0.95,0.45,,,,3.95,3.95,,3.95,7.95,7.95,,,,,,,,,3.95,,1.95,0.45,,,0.4,,1.95,1.95,,,,1.45,1.95,0.45,,,,1.95,0.95,,,,,,0.45,,0.4,0.45,,,,,1.95,0.95,,,,,0.45,0.95,0.4,,,,0.4,1.95,1.95,,1.95,,,,,,0.4,,,,,3.95,3.95,1.95,1.95,2.95,1.95,1.95,1.95,1.95,1.95,1.95,2.95,,,1.95,,,0.4,7.95,7.95,,3.95,1.95,,,,,,,0.4,1.95,,0.4,3.95,,,7.95,,0.4,0.4,0.4,0.45,0.4,0.45,0.45,0.95,1.95,1.95,1.95,0.45,0.45,,,,,,,,,,1.95,1.95,1.95,1.95,1.95,1.95,,,,1.95,1.95,0.95,,,3.95,3.95,,0.45,0.45,0.45,1.95,1.95,1.95,1.95,1.95,1.95,,,1.95,,,,,0.45,,,,1.95,,,,1.95,0.4,0.4,1.95,,,,0.95,1.95,,0.45,0.45,1.95
118,10254600,,3.95,,,,,0.95,0.45,,,,3.95,3.95,,3.95,7.95,7.95,,,,,,,,,3.95,,1.95,0.45,,,0.4,,1.95,1.95,,,,1.45,1.95,0.45,,,,1.95,0.95,,,,,,0.45,,0.4,0.45,,,,,1.95,0.95,,,,,0.45,0.95,0.4,,,,0.4,1.95,1.95,,1.95,,,,,,0.4,,,,,3.95,3.95,1.95,1.95,2.95,1.95,1.95,1.95,1.95,1.95,1.95,2.95,,,1.95,,,0.4,7.95,7.95,,3.95,1.95,,,,,,,0.4,1.95,,0.4,3.95,,,7.95,,0.4,0.4,0.4,0.45,0.4,0.45,0.45,0.95,1.95,1.95,1.95,0.45,0.45,,,,,,,,,,1.95,1.95,1.95,1.95,1.95,1.95,,,,1.95,1.95,0.95,,,3.95,3.95,,0.45,0.45,0.45,1.95,1.95,1.95,1.95,1.95,1.95,,,1.95,,,,,0.45,,,,1.95,,,,1.95,0.4,0.4,1.95,,,,0.95,1.95,,0.45,0.45,1.95
118,10254660,,3.95,,,,,0.95,0.45,,,,3.95,3.95,,3.95,7.95,7.95,,,,,,,,,3.95,,1.95,0.45,,,0.4,,1.95,1.95,,,,1.45,1.95,0.45,,,,1.95,0.95,,,,,,0.45,,0.4,0.45,,,,,1.95,0.95,,,,,0.45,0.95,0.4,,,,0.4,1.95,1.95,,1.95,,,,,,0.4,,,,,3.95,3.95,1.95,1.95,2.95,1.95,1.95,1.95,1.95,1.95,1.95,2.95,,,1.95,,,0.4,7.95,7.95,,3.95,1.95,,,,,,,0.4,1.95,,0.4,3.95,,,7.95,,0.4,0.4,0.4,0.45,0.4,0.45,0.45,0.95,1.95,1.95,1.95,0.45,0.45,,,,,,,,,,1.95,1.95,1.95,1.95,1.95,1.95,,,,1.95,1.95,0.95,,,3.95,3.95,,0.45,0.45,0.45,1.95,1.95,1.95,1.95,1.95,1.95,,,1.95,,,,,0.45,,,,1.95,,,,1.95,0.4,0.4,1.95,,,,0.95,1.95,,0.45,0.45,1.95
118,10254720,,3.95,,,,,0.95,0.45,,,,3.95,3.95,,3.95,7.95,7.95,,,,,,,,,3.95,,1.95,0.45,,,0.4,,1.95,1.95,,,,1.45,1.95,0.45,,,,1.95,0.95,,,,,,0.45,,0.4,0.45,,,,,1.95,0.95,,,,,0.45,0.95,0.4,,,,0.4,1.95,1.95,,1.95,,,,,,0.4,,,,,3.95,3.95,1.95,1.95,2.95,1.95,1.95,1.95,1.95,1.95,1.95,2.95,,,1.95,,,0.4,7.95,7.95,,3.95,1.95,,,,,,,0.4,1.95,,0.4,3.95,,,7.95,,0.4,0.4,0.4,0.45,0.4,0.45,0.45,0.95,1.95,1.95,1.95,0.45,0.45,,,,,,,,,,1.95,1.95,1.95,1.95,1.95,1.95,,,,1.95,1.95,0.95,,,3.95,3.95,,0.45,0.45,0.45,1.95,1.95,1.95,1.95,1.95,1.95,,,1.95,,,,,0.45,,,,1.95,,,,1.95,0.4,0.4,1.95,,,,0.95,1.95,,0.45,0.45,1.95
118,10254780,,3.95,,,,,0.95,0.45,,,,3.95,3.95,,3.95,7.95,7.95,,,,,,,,,3.95,,1.95,0.45,,,0.4,,1.95,1.95,,,,1.45,1.95,0.45,,,,1.95,0.95,,,,,,0.45,,0.4,0.45,,,,,1.95,0.95,,,,,0.45,0.95,0.4,,,,0.4,1.95,1.95,,1.95,,,,,,0.4,,,,,3.95,3.95,1.95,1.95,2.95,1.95,1.95,1.95,1.95,1.95,1.95,2.95,,,1.95,,,0.4,7.95,7.95,,3.95,1.95,,,,,,,0.4,1.95,,0.4,3.95,,,7.95,,0.4,0.4,0.4,0.45,0.4,0.45,0.45,0.95,1.95,1.95,1.95,0.45,0.45,,,,,,,,,,1.95,1.95,1.95,1.95,1.95,1.95,,,,1.95,1.95,0.95,,,3.95,3.95,,0.45,0.45,0.45,1.95,1.95,1.95,1.95,1.95,1.95,,,1.95,,,,,0.45,,,,1.95,,,,1.95,0.4,0.4,1.95,,,,0.95,1.95,,0.45,0.45,1.95
118,10254840,,3.95,,,,,0.95,0.45,,,,3.95,3.95,,3.95,7.95,7.95,,,,,,,,,3.95,,1.95,0.45,,,0.4,,1.95,1.95,,,,1.45,1.95,0.45,,,,1.95,0.95,,,,,,0.45,,0.4,0.45,,,,,1.95,0.95,,,,,0.45,0.95,0.4,,,,0.4,1.95,1.95,,1.95,,,,,,0.4,,,,,3.95,3.95,1.95,1.95,2.95,1.95,1.95,1.95,1.95,1.95,1.95,2.95,,,1.95,,,0.4,7.95,7.95,,3.95,1.95,,,,,,,0.4,1.95,,0.4,3.95,,,7.95,,0.4,0.4,0.4,0.45,0.4,0.45,0.45,0.95,1.95,1.95,1.95,0.45,0.45,,,,,,,,,,1.95,1.95,1.95,1.95,1.95,1.95,,,,1.95,1.95,0.95,,,3.95,3.95,,0.45,0.45,0.45,1.95,1.95,1.95,1.95,1.95,1.95,,,1.95,,,,,0.45,,,,1.95,,,,1.95,0.4,0.4,1.95,,,,0.95,1.95,,0.45,0.45,1.95
118,10254900,,3.95,,,,,0.95,0.45,,,,3.95,3.95,,3.95,7.95,7.95,,,,,,,,,3.95,,1.95,0.45,,,0.4,,1.95,1.95,,,,1.45,1.95,0.45,,,,1.95,0.95,,,,,,0.45,,0.4,0.45,,,,,1.95,0.95,,,,,0.45,0.95,0.4,,,,0.4,1.95,1.95,,1.95,,,,,,0.4,,,,,3.95,3.95,1.95,1.95,2.95,1.95,1.95,1.95,1.95,1.95,1.95,2.95,,,1.95,,,0.4,7.95,7.95,,3.95,1.95,,,,,,,0.4,1.95,,0.4,3.95,,,7.95,,0.4,0.4,0.4,0.45,0.4,0.45,0.45,0.95,1.95,1.95,1.95,0.45,0.45,,,,,,,,,,1.95,1.95,1.95,1.95,1.95,1.95,,,,1.95,1.95,0.95,,,3.95,3.95,,0.45,0.45,0.45,1.95,1.95,1.95,1.95,1.95,1.95,,,1.95,,,,,0.45,,,,1.95,,,,1.95,0.4,0.4,1.95,,,,0.95,1.95,,0.45,0.45,1.95
118,10254960,,3.95,,,,,0.95,0.45,,,,3.95,3.95,,3.95,7.95,7.95,,,,,,,,,3.95,,1.95,0.45,,,0.4,,1.95,1.95,,,,1.45,1.95,0.45,,,,1.95,0.95,,,,,,0.45,,0.4,0.45,,,,,1.95,0.95,,,,,0.45,0.95,0.4,,,,0.4,1.95,1.95,,1.95,,,,,,0.4,,,,,3.95,3.95,1.95,1.95,2.95,1.95,1.95,1.95,1.95,1.95,1.95,2.95,,,1.95,,,0.4,7.95,7.95,,3.95,1.95,,,,,,,0.4,1.95,,0.4,3.95,,,7.95,,0.4,0.4,0.4,0.45,0.4,0.45,0.45,0.95,1.95,1.95,1.95,0.45,0.45,,,,,,,,,,1.95,1.95,1.95,1.95,1.95,1.95,,,,1.95,1.95,0.95,,,3.95,3.95,,0.45,0.45,0.45,1.95,1.95,1.95,1.95,1.95,1.95,,,1.95,,,,,0.45,,,,1.95,,,,1.95,0.4,0.4,1.95,,,,0.95,1.95,,0.45,0.45,1.95
118,10255020,,3.95,,,,,0.95,0.45,,,,3.95,3.95,,3.95,7.95,7.95,,,,,,,,,3.95,,1.95,0.45,,,0.4,,1.95,1.95,,,,1.45,1.95,0.45,,,,1.95,0.95,,,,,,0.45,,0.4,0.45,,,,,1.95,0.95,,,,,0.45,0.95,0.4,,,,0.4,1.95,1.95,,1.95,,,,,,0.4,,,,,3.95,3.95,1.95,1.95,2.95,1.95,1.95,1.95,1.95,1.95,1.95,2.95,,,1.95,,,0.4,7.95,7.95,,3.95,1.95,,,,,,,0.4,1.95,,0.4,3.95,,,7.95,,0.4,0.4,0.4,0.45,0.4,0.45,0.45,0.95,1.95,1.95,1.95,0.45,0.45,,,,,,,,,,1.95,1.95,1.95,1.95,1.95,1.95,,,,1.95,1.95,0.95,,,3.95,3.95,,0.45,0.45,0.45,1.95,1.95,1.95,1.95,1.95,1.95,,,1.95,,,,,0.45,,,,1.95,,,,1.95,0.4,0.4,1.95,,,,0.95,1.95,,0.45,0.45,1.95
118,10255080,,3.95,,,,,0.95,0.45,,,,3.95,3.95,,3.95,7.95,7.95,,,,,,,,,3.95,,1.95,0.45,,,0.4,,1.95,1.95,,,,1.45,1.95,0.45,,,,1.95,0.95,,,,,,0.45,,0.4,0.45,,,,,1.95,0.95,,,,,0.45,0.95,0.4,,,,0.4,1.95,1.95,,1.95,,,,,,0.4,,,,,3.95,3.95,1.95,1.95,2.95,1.95,1.95,1.95,1.95,1.95,1.95,2.95,,,1.95,,,0.4,7.95,7.95,,3.95,1.95,,,,,,,0.4,1.95,,0.4,3.95,,,7.95,,0.4,0.4,0.4,0.45,0.4,0.45,0.45,0.95,1.95,1.95,1.95,0.45,0.45,,,,,,,,,,1.95,1.95,1.95,1.95,1.95,1.95,,,,1.95,1.95,0.95,,,3.95,3.95,,0.45,0.45,0.45,1.95,1.95,1.95,1.95,1.95,1.95,,,1.95,,,,,0.45,,,,1.95,,,,1.95,0.4,0.4,1.95,,,,0.95,1.95,,0.45,0.45,1.95
118,10255140,,3.95,,,,,0.95,0.45,,,,3.95,3.95,,3.95,7.95,7.95,,,,,,,,,3.95,,1.95,0.45,,,0.4,,1.95,1.95,,,,1.45,1.95,0.45,,,,1.95,0.95,,,,,,0.45,,0.4,0.45,,,,,1.95,0.95,,,,,0.45,0.95,0.4,,,,0.4,1.95,1.95,,1.95,,,,,,0.4,,,,,3.95,3.95,1.95,1.95,2.95,1.95,1.95,1.95,1.95,1.95,1.95,2.95,,,1.95,,,0.4,7.95,7.95,,3.95,1.95,,,,,,,0.4,1.95,,0.4,3.95,,,7.95,,0.4,0.4,0.4,0.45,0.4,0.45,0.45,0.95,1.95,1.95,1.95,0.45,0.45,,,,,,,,,,1.95,1.95,1.95,1.95,1.95,1.95,,,,1.95,1.95,0.95,,,3.95,3.95,,0.45,0.45,0.45,1.95,1.95,1.95,1.95,1.95,1.95,,,1.95,,,,,0.45,,,,1.95,,,,1.95,0.4,0.4,1.95,,,,0.95,1.95,,0.45,0.45,1.95
118,10255200,,3.95,,,,,0.95,0.45,,,,3.95,3.95,,3.95,7.95,7.95,,,,,,,,,3.95,,1.95,0.45,,,0.4,,1.95,1.95,,,,1.45,1.95,0.45,,,,1.95,0.95,,,,,,0.45,,0.4,0.45,,,,,1.95,0.95,,,,,0.45,0.95,0.4,,,,0.4,1.95,1.95,,1.95,,,,,,0.4,,,,,3.95,3.95,1.95,1.95,2.95,1.95,1.95,1.95,1.95,1.95,1.95,2.95,,,1.95,,,0.4,7.95,7.95,,3.95,1.95,,,,,,,0.4,1.95,,0.4,3.95,,,7.95,,0.4,0.4,0.4,0.45,0.4,0.45,0.45,0.95,1.95,1.95,1.95,0.45,0.45,,,,,,,,,,1.95,1.95,1.95,1.95,1.95,1.95,,,,1.95,1.95,0.95,,,3.95,3.95,,0.45,0.45,0.45,1.95,1.95,1.95,1.95,1.95,1.95,,,1.95,,,,,0.45,,,,1.95,,,,1.95,0.4,0.4,1.95,,,,0.95,1.95,,0.45,0.45,1.95
118,10255260,,3.95,,,,,0.95,0.45,,,,3.95,3.95,,3.95,7.95,7.95,,,,,,,,,3.95,,1.95,0.45,,,0.4,,1.95,1.95,,,,1.45,1.95,0.45,,,,1.95,0.95,,,,,,0.45,,0.4,0.45,,,,,1.95,0.95,,,,,0.45,0.95,0.4,,,,0.4,1.95,1.95,,1.95,,,,,,0.4,,,,,3.95,3.95,1.95,1.95,2.95,1.95,1.95,1.95,1.95,1.95,1.95,2.95,,,1.95,,,0.4,7.95,7.95,,3.95,1.95,,,,,,,0.4,1.95,,0.4,3.95,,,7.95,,0.4,0.4,0.4,0.45,0.4,0.45,0.45,0.95,1.95,1.95,1.95,0.45,0.45,,,,,,,,,,1.95,1.95,1.95,1.95,1.95,1.95,,,,1.95,1.95,0.95,,,3.95,3.95,,0.45,0.45,0.45,1.95,1.95,1.95,1.95,1.95,1.95,,,1.95,,,,,0.45,,,,1.95,,,,1.95,0.4,0.4,1.95,,,,0.95,1.95,,0.45,0.45,1.95
118,10255320,,3.95,,,,,0.95,0.45,,,,3.95,3.95,,3.95,7.95,7.95,,,,,,,,,3.95,,1.95,0.45,,,0.4,,1.95,1.95,,,,1.45,1.95,0.45,,,,1.95,0.95,,,,,,0.45,,0.4,0.45,,,,,1.95,0.95,,,,,0.45,0.95,0.4,,,,0.4,1.95,1.95,,1.95,,,,,,0.4,,,,,3.95,3.95,1.95,1.95,2.95,1.95,1.95,1.95,1.95,1.95,1.95,2.95,,,1.95,,,0.4,7.95,7.95,,3.95,1.95,,,,,,,0.4,1.95,,0.4,3.95,,,7.95,,0.4,0.4,0.4,0.45,0.4,0.45,0.45,0.95,1.95,1.95,1.95,0.45,0.45,,,,,,,,,,1.95,1.95,1.95,1.95,1.95,1.95,,,,1.95,1.95,0.95,,,3.95,3.95,,0.45,0.45,0.45,1.95,1.95,1.95,1.95,1.95,1.95,,,1.95,,,,,0.45,,,,1.95,,,,1.95,0.4,0.4,1.95,,,,0.95,1.95,,0.45,0.45,1.95
118,10255380,,3.95,,,,,0.95,0.45,,,,3.95,3.95,,3.95,7.95,7.95,,,,,,,,,3.95,,1.95,0.45,,,0.4,,1.95,1.95,,,,1.45,1.95,0.45,,,,1.95,0.95,,,,,,0.45,,0.4,0.45,,,,,1.95,0.95,,,,,0.45,0.95,0.4,,,,0.4,1.95,1.95,,1.95,,,,,,0.4,,,,,3.95,3.95,1.95,1.95,2.95,1.95,1.95,1.95,1.95,1.95,1.95,2.95,,,1.95,,,0.4,7.95,7.95,,3.95,1.95,,,,,,,0.4,1.95,,0.4,3.95,,,7.95,,0.4,0.4,0.4,0.45,0.4,0.45,0.45,0.95,1.95,1.95,1.95,0.45,0.45,,,,,,,,,,1.95,1.95,1.95,1.95,1.95,1.95,,,,1.95,1.95,0.95,,,3.95,3.95,,0.45,0.45,0.45,1.95,1.95,1.95,1.95,1.95,1.95,,,1.95,,,,,0.45,,,,1.95,,,,1.95,0.4,0.4,1.95,,,,0.95,1.95,,0.45,0.45,1.95
118,10255440,,3.95,,,,,0.95,0.45,,,,3.95,3.95,,3.95,7.95,7.95,,,,,,,,,3.95,,1.95,0.45,,,0.4,,1.95,1.95,,,,1.45,1.95,0.45,,,,1.95,0.95,,,,,,0.45,,0.4,0.45,,,,,1.95,0.95,,,,,0.45,0.95,0.4,,,,0.4,1.95,1.95,,1.95,,,,,,0.4,,,,,3.95,3.95,1.95,1.95,2.95,1.95,1.95,1.95,1.95,1.95,1.95,2.95,,,1.95,,,0.4,7.95,7.95,,3.95,1.95,,,,,,,0.4,1.95,,0.4,3.95,,,7.95,,0.4,0.4,0.4,0.45,0.4,0.45,0.45,0.95,1.95,1.95,1.95,0.45,0.45,,,,,,,,,,1.95,1.95,1.95,1.95,1.95,1.95,,,,1.95,1.95,0.95,,,3.95,3.95,,0.45,0.45,0.45,1.95,1.95,1.95,1.95,1.95,1.95,,,1.95,,,,,0.45,,,,1.95,,,,1.95,0.4,0.4,1.95,,,,0.95,1.95,,0.45,0.45,1.95
118,10255500,,3.95,,,,,0.95,0.45,,,,3.95,3.95,,3.95,7.95,7.95,,,,,,,,,3.95,,1.95,0.45,,,0.4,,1.95,1.95,,,,1.45,1.95,0.45,,,,1.95,0.95,,,,,,0.45,,0.4,0.45,,,,,1.95,0.95,,,,,0.45,0.95,0.4,,,,0.4,1.95,1.95,,1.95,,,,,,0.4,,,,,3.95,3.95,1.95,1.95,2.95,1.95,1.95,1.95,1.95,1.95,1.95,2.95,,,1.95,,,0.4,7.95,7.95,,3.95,1.95,,,,,,,0.4,1.95,,0.4,3.95,,,7.95,,0.4,0.4,0.4,0.45,0.4,0.45,0.45,0.95,1.95,1.95,1.95,0.45,0.45,,,,,,,,,,1.95,1.95,1.95,1.95,1.95,1.95,,,,1.95,1.95,0.95,,,3.95,3.95,,0.45,0.45,0.45,1.95,1.95,1.95,1.95,1.95,1.95,,,1.95,,,,,0.45,,,,1.95,,,,1.95,0.4,0.4,1.95,,,,0.95,1.95,,0.45,0.45,1.95
118,10255560,,3.95,,,,,0.95,0.45,,,,3.95,3.95,,3.95,7.95,7.95,,,,,,,,,3.95,,1.95,0.45,,,0.4,,1.95,1.95,,,,1.45,1.95,0.45,,,,1.95,0.95,,,,,,0.45,,0.4,0.45,,,,,1.95,0.95,,,,,0.45,0.95,0.4,,,,0.4,1.95,1.95,,1.95,,,,,,0.4,,,,,3.95,3.95,1.95,1.95,2.95,1.95,1.95,1.95,1.95,1.95,1.95,2.95,,,1.95,,,0.4,7.95,7.95,,3.95,1.95,,,,,,,0.4,1.95,,0.4,3.95,,,7.95,,0.4,0.4,0.4,0.45,0.4,0.45,0.45,0.95,1.95,1.95,1.95,0.45,0.45,,,,,,,,,,1.95,1.95,1.95,1.95,1.95,1.95,,,,1.95,1.95,0.95,,,3.95,3.95,,0.45,0.45,0.45,1.95,1.95,1.95,1.95,1.95,1.95,,,1.95,,,,,0.45,,,,1.95,,,,1.95,0.4,0.4,1.95,,,,0.95,1.95,,0.45,0.45,1.95
118,10255620,,3.95,,,,,0.95,0.45,,,,3.95,3.95,,3.95,7.95,7.95,,,,,,,,,3.95,,1.95,0.45,,,0.4,,1.95,1.95,,,,1.45,1.95,0.45,,,,1.95,0.95,,,,,,0.45,,0.4,0.45,,,,,1.95,0.95,,,,,0.45,0.95,0.4,,,,0.4,1.95,1.95,,1.95,,,,,,0.4,,,,,3.95,3.95,1.95,1.95,2.95,1.95,1.95,1.95,1.95,1.95,1.95,2.95,,,1.95,,,0.4,7.95,7.95,,3.95,1.95,,,,,,,0.4,1.95,,0.4,3.95,,,7.95,,0.4,0.4,0.4,0.45,0.4,0.45,0.45,0.95,1.95,1.95,1.95,0.45,0.45,,,,,,,,,,1.95,1.95,1.95,1.95,1.95,1.95,,,,1.95,1.95,0.95,,,3.95,3.95,,0.45,0.45,0.45,1.95,1.95,1.95,1.95,1.95,1.95,,,1.95,,,,,0.45,,,,1.95,,,,1.95,0.4,0.4,1.95,,,,0.95,1.95,,0.45,0.45,1.95
118,10255680,,3.95,,,,,0.95,0.45,,,,3.95,3.95,,3.95,7.95,7.95,,,,,,,,,3.95,,1.95,0.45,,,0.4,,1.95,1.95,,,,1.617,1.95,0.45,,,,1.95,0.95,,,,,,0.45,,0.4,0.45,,,,,1.95,0.95,,,,,0.45,0.95,0.4,,,,0.4,1.95,1.95,,1.95,,,,,,0.4,,,,,3.95,3.95,1.95,1.95,2.95,1.95,1.95,1.95,1.95,1.95,1.95,2.95,,,1.95,,,0.4,7.95,7.95,,3.95,1.95,,,,,,,0.4,1.95,,0.4,3.95,,,7.95,,0.4,0.4,0.4,0.45,0.4,0.45,0.45,0.95,1.95,1.95,1.95,0.45,0.45,,,,,,,,,,1.95,1.95,1.95,1.95,1.95,1.95,,,,1.95,1.95,0.95,,,3.95,3.95,,0.45,0.45,0.45,1.95,1.95,1.95,1.95,1.95,1.95,,,1.95,,,,,0.45,,,,1.95,,,,1.95,0.4,0.4,1.95,,,,0.95,1.95,,0.45,0.45,1.95
118,10255740,,3.95,,,,,0.95,0.45,,,,3.95,3.95,,3.95,7.95,7.95,,,,,,,,,3.95,,1.95,0.45,,,0.4,,1.95,1.95,,,,1.45,1.95,0.45,,,,1.95,0.95,,,,,,0.45,,0.4,0.45,,,,,1.95,0.95,,,,,0.45,0.95,0.4,,,,0.4,1.95,1.95,,1.95,,,,,,0.4,,,,,3.95,3.95,1.95,1.95,2.95,1.95,1.95,1.95,1.95,1.95,1.95,2.95,,,1.95,,,0.4,7.95,7.95,,3.95,1.95,,,,,,,0.4,1.95,,0.4,3.95,,,7.95,,0.4,0.4,0.4,0.45,0.4,0.45,0.45,0.95,1.95,1.95,1.95,0.45,0.45,,,,,,,,,,1.95,1.95,1.95,1.95,1.95,1.95,,,,1.95,1.95,0.95,,,3.95,3.95,,0.45,0.45,0.45,1.95,1.95,1.95,1.95,1.95,1.95,,,1.95,,,,,0.45,,,,1.95,,,,1.95,0.4,0.4,1.95,,,,0.95,1.95,,0.45,0.45,1.95
118,10255800,,3.95,,,,,0.95,0.45,,,,3.95,3.95,,3.95,7.95,7.95,,,,,,,,,3.95,,1.95,0.45,,,0.4,,1.95,1.95,,,,1.45,1.95,0.45,,,,1.95,0.95,,,,,,0.45,,0.4,0.45,,,,,1.95,0.95,,,,,0.45,0.95,0.4,,,,0.4,1.95,1.95,,1.95,,,,,,0.4,,,,,3.95,3.95,1.95,1.95,2.95,1.95,1.95,1.95,1.95,1.95,1.95,2.95,,,1.95,,,0.4,7.95,7.95,,3.95,1.95,,,,,,,0.4,1.95,,0.4,3.95,,,7.95,,0.4,0.4,0.4,0.45,0.4,0.45,0.45,0.95,1.95,1.95,1.95,0.45,0.45,,,,,,,,,,1.95,1.95,1.95,1.95,1.95,1.95,,,,1.95,1.95,0.95,,,3.95,3.95,,0.45,0.45,0.45,1.95,1.95,1.95,1.95,1.95,1.95,,,1.95,,,,,0.45,,,,1.95,,,,1.95,0.4,0.4,1.95,,,,0.95,1.95,,0.45,0.45,1.95
118,10255860,,3.95,,,,,0.95,0.45,,,,3.95,3.95,,3.95,7.95,7.95,,,,,,,,,3.95,,1.95,0.45,,,0.4,,1.95,1.95,,,,1.45,1.95,0.45,,,,1.95,0.95,,,,,,0.45,,0.4,0.45,,,,,1.95,0.95,,,,,0.45,0.95,0.4,,,,0.4,1.95,1.95,,1.95,,,,,,0.4,,,,,3.95,3.95,1.95,1.95,2.95,1.95,1.95,1.95,1.95,1.95,1.95,2.95,,,1.95,,,0.4,7.95,7.95,,3.95,1.95,,,,,,,0.4,1.95,,0.4,3.95,,,7.95,,0.4,0.4,0.4,0.45,0.4,0.45,0.45,0.95,1.95,1.95,1.95,0.45,0.45,,,,,,,,,,1.95,1.95,1.95,1.95,1.95,1.95,,,,1.95,1.95,0.95,,,3.95,3.95,,0.45,0.45,0.45,1.95,1.95,1.95,1.95,1.95,1.95,,,1.95,,,,,0.45,,,,1.95,,,,1.95,0.4,0.4,1.95,,,,0.95,1.95,,0.45,0.45,1.95
118,10255920,,3.95,,,,,0.95,0.45,,,,3.95,3.95,,3.95,7.95,7.95,,,,,,,,,3.95,,1.95,0.45,,,0.4,,1.95,1.95,,,,1.45,1.95,0.45,,,,1.95,0.95,,,,,,0.45,,0.4,0.45,,,,,1.95,0.95,,,,,0.45,0.95,0.4,,,,0.4,1.95,1.95,,1.95,,,,,,0.4,,,,,3.95,3.95,1.95,1.95,2.95,1.95,1.95,1.95,1.95,1.95,1.95,2.95,,,1.95,,,0.4,7.95,7.95,,3.95,1.95,,,,,,,0.4,1.95,,0.4,3.95,,,7.95,,0.4,0.4,0.4,0.45,0.4,0.45,0.45,0.95,1.95,1.95,1.95,0.45,0.45,,,,,,,,,,1.95,1.95,1.95,1.95,1.95,1.95,,,,1.95,1.95,0.95,,,3.95,3.95,,0.45,0.45,0.45,1.95,1.95,1.95,1.95,1.95,1.95,,,1.95,,,,,0.45,,,,1.95,,,,1.95,0.4,0.4,1.95,,,,0.95,1.95,,0.45,0.45,1.95
118,10255980,,3.95,,,,,0.95,0.45,,,,3.95,3.95,,3.95,7.95,7.95,,,,,,,,,3.95,,1.95,0.45,,,0.4,,1.95,1.95,,,,1.45,1.95,0.45,,,,1.95,0.95,,,,,,0.45,,0.4,0.45,,,,,1.95,0.95,,,,,0.45,0.95,0.4,,,,0.4,1.95,1.95,,1.95,,,,,,0.4,,,,,3.95,3.95,1.95,1.95,2.95,1.95,1.95,1.95,1.95,1.95,1.95,2.95,,,1.95,,,0.4,7.95,7.95,,3.95,1.95,,,,,,,0.4,1.95,,0.4,3.95,,,7.95,,0.4,0.4,0.4,0.45,0.4,0.45,0.45,0.95,1.95,1.95,1.95,0.45,0.45,,,,,,,,,,1.95,1.95,1.95,1.95,1.95,1.95,,,,1.95,1.95,0.95,,,3.95,3.95,,0.45,0.45,0.45,1.95,1.95,1.95,1.95,1.95,1.95,,,1.95,,,,,0.45,,,,1.95,,,,1.95,0.4,0.4,1.95,,,,0.95,1.95,,0.45,0.45,1.95
118,10256040,,3.95,,,,,0.95,0.45,,,,3.95,3.95,,3.95,7.95,7.95,,,,,,,,,3.95,,1.95,0.45,,,0.4,,1.95,1.95,,,,1.45,1.95,0.45,,,,1.95,0.95,,,,,,0.45,,0.4,0.45,,,,,1.95,0.95,,,,,0.45,0.95,0.4,,,,0.4,1.95,1.95,,1.95,,,,,,0.4,,,,,3.95,3.95,1.95,1.95,2.95,1.95,1.95,1.95,1.95,1.95,1.95,2.95,,,1.95,,,0.4,7.95,7.95,,3.95,1.95,,,,,,,0.4,1.95,,0.4,3.95,,,7.95,,0.4,0.4,0.4,0.45,0.4,0.45,0.45,0.95,1.95,1.95,1.95,0.45,0.45,,,,,,,,,,1.95,1.95,1.95,1.95,1.95,1.95,,,,1.95,1.95,0.95,,,3.95,3.95,,0.45,0.45,0.45,1.95,1.95,1.95,1.95,1.95,1.95,,,1.95,,,,,0.45,,,,1.95,,,,1.95,0.4,0.4,1.95,,,,0.95,1.95,,0.45,0.45,1.95
118,10256100,,3.95,,,,,0.95,0.45,,,,3.95,3.95,,3.95,7.95,7.95,,,,,,,,,3.95,,1.95,0.45,,,0.4,,1.95,1.95,,,,1.617,1.95,0.45,,,,1.95,0.95,,,,,,0.45,,0.4,0.45,,,,,1.95,0.95,,,,,0.45,0.95,0.4,,,,0.4,1.95,1.95,,1.95,,,,,,0.4,,,,,3.95,3.95,1.95,1.95,2.95,1.95,1.95,1.95,1.95,1.95,1.95,2.95,,,1.95,,,0.4,7.95,7.95,,3.95,1.95,,,,,,,0.4,1.95,,0.4,3.95,,,7.95,,0.4,0.4,0.4,0.45,0.4,0.45,0.45,0.95,1.95,1.95,1.95,0.45,0.45,,,,,,,,,,1.95,1.95,1.95,1.95,1.95,1.95,,,,1.95,1.95,0.95,,,3.95,3.95,,0.45,0.45,0.45,1.95,1.95,1.95,1.95,1.95,1.95,,,1.95,,,,,0.45,,,,1.95,,,,1.95,0.4,0.4,1.95,,,,0.95,1.95,,0.45,0.45,1.95
118,10256160,,3.95,,,,,0.95,0.45,,,,3.95,3.95,,3.95,7.95,7.95,,,,,,,,,3.95,,1.95,0.45,,,0.4,,1.95,1.95,,,,1.45,1.95,0.45,,,,1.95,0.95,,,,,,0.45,,0.4,0.45,,,,,1.95,0.95,,,,,0.45,0.95,0.4,,,,0.4,1.95,1.95,,1.95,,,,,,0.4,,,,,3.95,3.95,1.95,1.95,2.95,1.95,1.95,1.95,1.95,1.95,1.95,2.95,,,1.95,,,0.4,7.95,7.95,,3.95,1.95,,,,,,,0.4,1.95,,0.4,3.95,,,7.95,,0.4,0.4,0.4,0.45,0.4,0.45,0.45,0.95,1.95,1.95,1.95,0.45,0.45,,,,,,,,,,1.95,1.95,1.95,1.95,1.95,1.95,,,,1.95,1.95,0.95,,,3.95,3.95,,0.45,0.45,0.45,1.95,1.95,1.95,1.95,1.95,1.95,,,1.95,,,,,0.45,,,,1.95,,,,1.95,0.4,0.4,1.95,,,,0.95,1.95,,0.45,0.45,1.95
118,10256220,,3.95,,,,,0.95,0.45,,,,3.95,3.95,,3.95,7.95,7.95,,,,,,,,,3.95,,1.95,0.45,,,0.4,,1.95,1.95,,,,1.45,1.95,0.45,,,,1.95,0.95,,,,,,0.45,,0.4,0.45,,,,,1.95,0.95,,,,,0.45,0.95,0.4,,,,0.4,1.95,1.95,,1.95,,,,,,0.4,,,,,3.95,3.95,1.95,1.95,2.95,1.95,1.95,1.95,1.95,1.95,1.95,2.95,,,1.95,,,0.4,7.95,7.95,,3.95,1.95,,,,,,,0.4,1.95,,0.4,3.95,,,7.95,,0.4,0.4,0.4,0.45,0.4,0.45,0.45,0.95,1.95,1.95,1.95,0.45,0.45,,,,,,,,,,1.95,1.95,1.95,1.95,1.95,1.95,,,,1.95,1.95,0.95,,,3.95,3.95,,0.45,0.45,0.45,1.95,1.95,1.95,1.95,1.95,1.95,,,1.95,,,,,0.45,,,,1.95,,,,1.95,0.4,0.4,1.95,,,,0.95,1.95,,0.45,0.45,1.95
118,10256280,,3.95,,,,,0.95,0.45,,,,3.95,3.95,,3.95,7.95,7.95,,,,,,,,,3.95,,1.95,0.45,,,0.4,,1.95,1.95,,,,1.45,1.95,0.45,,,,1.95,0.95,,,,,,0.45,,0.4,0.45,,,,,1.95,0.95,,,,,0.45,0.95,0.4,,,,0.4,1.95,1.95,,1.95,,,,,,0.4,,,,,3.95,3.95,1.95,1.95,2.95,1.95,1.95,1.95,1.95,1.95,1.95,2.95,,,1.95,,,0.4,7.95,7.95,,3.95,1.95,,,,,,,0.4,1.95,,0.4,3.95,,,7.95,,0.4,0.4,0.4,0.45,0.4,0.45,0.45,0.95,1.95,1.95,1.95,0.45,0.45,,,,,,,,,,1.95,1.95,1.95,1.95,1.95,1.95,,,,1.95,1.95,0.95,,,3.95,3.95,,0.45,0.45,0.45,1.95,1.95,1.95,1.95,1.95,1.95,,,1.95,,,,,0.45,,,,1.95,,,,1.95,0.4,0.4,1.95,,,,0.95,1.95,,0.45,0.45,1.95
118,10256340,,3.95,,,,,0.95,0.45,,,,3.95,3.95,,3.95,7.95,7.95,,,,,,,,,3.95,,1.95,0.45,,,0.4,,1.95,1.95,,,,1.45,1.95,0.45,,,,1.95,0.95,,,,,,0.45,,0.4,0.45,,,,,1.95,0.95,,,,,0.45,0.95,0.4,,,,0.4,1.95,1.95,,1.95,,,,,,0.4,,,,,3.95,3.95,1.95,1.95,2.95,1.95,1.95,1.95,1.95,1.95,1.95,2.95,,,1.95,,,0.4,7.95,7.95,,3.95,1.95,,,,,,,0.4,1.95,,0.4,3.95,,,7.95,,0.4,0.4,0.4,0.45,0.4,0.45,0.45,0.95,1.95,1.95,1.95,0.45,0.45,,,,,,,,,,1.95,1.95,1.95,1.95,1.95,1.95,,,,1.95,1.95,0.95,,,3.95,3.95,,0.45,0.45,0.45,1.95,1.95,1.95,1.95,1.95,1.95,,,1.95,,,,,0.45,,,,1.95,,,,1.95,0.4,0.4,1.95,,,,0.95,1.95,,0.45,0.45,1.95
118,10256400,,3.95,,,,,0.95,0.45,,,,3.95,3.95,,3.95,7.95,7.95,,,,,,,,,3.95,,1.95,0.45,,,0.4,,1.95,1.95,,,,1.45,1.95,0.45,,,,1.95,0.95,,,,,,0.45,,0.4,0.45,,,,,1.95,0.95,,,,,0.45,0.95,0.4,,,,0.4,1.95,1.95,,1.95,,,,,,0.4,,,,,3.95,3.95,1.95,1.95,2.95,1.95,1.95,1.95,1.95,1.95,1.95,2.95,,,1.95,,,0.4,7.95,7.95,,3.95,1.95,,,,,,,0.4,1.95,,0.4,3.95,,,7.95,,0.4,0.4,0.4,0.45,0.4,0.45,0.45,0.95,1.95,1.95,1.95,0.45,0.45,,,,,,,,,,1.95,1.95,1.95,1.95,1.95,1.95,,,,1.95,1.95,0.95,,,3.95,3.95,,0.45,0.45,0.45,1.95,1.95,1.95,1.95,1.95,1.95,,,1.95,,,,,0.45,,,,1.95,,,,1.95,0.4,0.4,1.95,,,,0.95,1.95,,0.45,0.45,1.95
118,10256460,,3.95,,,,,0.95,0.45,,,,3.95,3.95,,3.95,7.95,7.95,,,,,,,,,3.95,,1.95,0.45,,,0.4,,1.95,1.95,,,,1.45,1.95,0.45,,,,1.95,0.95,,,,,,0.45,,0.4,0.45,,,,,1.95,0.95,,,,,0.45,0.95,0.4,,,,0.4,1.95,1.95,,1.95,,,,,,0.4,,,,,3.95,3.95,1.95,1.95,2.95,1.95,1.95,1.95,1.95,1.95,1.95,2.95,,,1.95,,,0.4,7.95,7.95,,3.95,1.95,,,,,,,0.4,1.95,,0.4,3.95,,,7.95,,0.4,0.4,0.4,0.45,0.4,0.45,0.45,0.95,1.95,1.95,1.95,0.45,0.45,,,,,,,,,,1.95,1.95,1.95,1.95,1.95,1.95,,,,1.95,1.95,0.95,,,3.95,3.95,,0.45,0.45,0.45,1.95,1.95,1.95,1.95,1.95,1.95,,,1.95,,,,,0.45,,,,1.95,,,,1.95,0.4,0.4,1.95,,,,0.95,1.95,,0.45,0.45,1.95
118,10256520,,3.95,,,,,0.95,0.45,,,,3.95,3.95,,3.95,7.95,7.95,,,,,,,,,3.95,,1.95,0.45,,,0.4,,1.95,1.95,,,,1.45,1.95,0.45,,,,1.95,0.95,,,,,,0.45,,0.4,0.45,,,,,1.95,0.95,,,,,0.45,0.95,0.4,,,,0.4,1.95,1.95,,1.95,,,,,,0.4,,,,,3.95,3.95,1.95,1.95,2.95,1.95,1.95,1.95,1.95,1.95,1.95,2.95,,,1.95,,,0.4,7.95,7.95,,3.95,1.95,,,,,,,0.4,1.95,,0.4,3.95,,,7.95,,0.4,0.4,0.4,0.45,0.4,0.45,0.45,0.95,1.95,1.95,1.95,0.45,0.45,,,,,,,,,,1.95,1.95,1.95,1.95,1.95,1.95,,,,1.95,1.95,0.95,,,3.95,3.95,,0.45,0.45,0.45,1.95,1.95,1.95,1.95,1.95,1.95,,,1.95,,,,,0.45,,,,1.95,,,,1.95,0.4,0.4,1.95,,,,0.95,1.95,,0.45,0.45,1.95
118,10256580,,3.95,,,,,0.95,0.45,,,,3.95,3.95,,3.95,7.95,7.95,,,,,,,,,3.95,,1.95,0.45,,,0.4,,1.95,1.95,,,,1.45,1.95,0.45,,,,1.95,0.95,,,,,,0.45,,0.4,0.45,,,,,1.95,0.95,,,,,0.45,0.95,0.4,,,,0.4,1.95,1.95,,1.95,,,,,,0.4,,,,,3.95,3.95,1.95,1.95,2.95,1.95,1.95,1.95,1.95,1.95,1.95,2.95,,,1.95,,,0.4,7.95,7.95,,3.95,1.95,,,,,,,0.4,1.95,,0.4,3.95,,,7.95,,0.4,0.4,0.4,0.45,0.4,0.45,0.45,0.95,1.95,1.95,1.95,0.45,0.45,,,,,,,,,,1.95,1.95,1.95,1.95,1.95,1.95,,,,1.95,1.95,0.95,,,3.95,3.95,,0.45,0.45,0.45,1.95,1.95,1.95,1.95,1.95,1.95,,,1.95,,,,,0.45,,,,1.95,,,,1.95,0.4,0.4,1.95,,,,0.95,1.95,,0.45,0.45,1.95
118,10256640,,3.95,,,,,0.95,0.45,,,,3.95,3.95,,3.95,7.95,7.95,,,,,,,,,3.95,,1.95,0.45,,,0.4,,1.95,1.95,,,,1.45,1.95,0.45,,,,1.95,0.95,,,,,,0.45,,0.4,0.45,,,,,1.95,0.95,,,,,0.45,0.95,0.4,,,,0.4,1.95,1.95,,1.95,,,,,,0.4,,,,,3.95,3.95,1.95,1.95,2.95,1.95,1.95,1.95,1.95,1.95,1.95,2.95,,,1.95,,,0.4,7.95,7.95,,3.95,1.95,,,,,,,0.4,1.95,,0.4,3.95,,,7.95,,0.4,0.4,0.4,0.45,0.4,0.45,0.45,0.95,1.95,1.95,1.95,0.45,0.45,,,,,,,,,,1.95,1.95,1.95,1.95,1.95,1.95,,,,1.95,1.95,0.95,,,3.95,3.95,,0.45,0.45,0.45,1.95,1.95,1.95,1.95,1.95,1.95,,,1.95,,,,,0.45,,,,1.95,,,,1.95,0.4,0.4,1.95,,,,0.95,1.95,,0.45,0.45,1.95
118,10256700,,3.95,,,,,0.95,0.45,,,,3.95,3.95,,3.95,7.95,7.95,,,,,,,,,3.95,,1.95,0.45,,,0.4,,1.95,1.95,,,,1.45,1.95,0.45,,,,1.95,0.95,,,,,,0.45,,0.4,0.45,,,,,1.95,0.95,,,,,0.45,0.95,0.4,,,,0.4,1.95,1.95,,1.95,,,,,,0.4,,,,,3.95,3.95,1.95,1.95,2.95,1.95,1.95,1.95,1.95,1.95,1.95,2.95,,,1.95,,,0.4,7.95,7.95,,3.95,1.95,,,,,,,0.4,1.95,,0.4,3.95,,,7.95,,0.4,0.4,0.4,0.45,0.4,0.45,0.45,0.95,1.95,1.95,1.95,0.45,0.45,,,,,,,,,,1.95,1.95,1.95,1.95,1.95,1.95,,,,1.95,1.95,0.95,,,3.95,3.95,,0.45,0.45,0.45,1.95,1.95,1.95,1.95,1.95,1.95,,,1.95,,,,,0.45,,,,1.95,,,,1.95,0.4,0.4,1.95,,,,0.95,1.95,,0.45,0.45,1.95
118,10256760,,3.95,,,,,0.95,0.45,,,,3.95,3.95,,3.95,7.95,7.95,,,,,,,,,3.95,,1.95,0.45,,,0.4,,1.95,1.95,,,,1.45,1.95,0.45,,,,1.95,0.95,,,,,,0.45,,0.4,0.45,,,,,1.95,0.95,,,,,0.45,0.95,0.4,,,,0.4,1.95,1.95,,1.95,,,,,,0.4,,,,,3.95,3.95,1.95,1.95,2.95,1.95,1.95,1.95,1.95,1.95,1.95,2.95,,,1.95,,,0.4,7.95,7.95,,3.95,1.95,,,,,,,0.4,1.95,,0.4,3.95,,,7.95,,0.4,0.4,0.4,0.45,0.4,0.45,0.45,0.95,1.95,1.95,1.95,0.45,0.45,,,,,,,,,,1.95,1.95,1.95,1.95,1.95,1.95,,,,1.95,1.95,0.95,,,3.95,3.95,,0.45,0.45,0.45,1.95,1.95,1.95,1.95,1.95,1.95,,,1.95,,,,,0.45,,,,1.95,,,,1.95,0.4,0.4,1.95,,,,0.95,1.95,,0.45,0.45,1.95
118,10256820,,3.95,,,,,0.95,0.45,,,,3.95,3.95,,3.95,7.95,7.95,,,,,,,,,3.95,,1.95,0.45,,,0.4,,1.95,1.95,,,,1.45,1.95,0.45,,,,1.95,0.95,,,,,,0.45,,0.4,0.45,,,,,1.95,0.95,,,,,0.45,0.95,0.4,,,,0.4,1.95,1.95,,1.95,,,,,,0.4,,,,,3.95,3.95,1.95,1.95,2.95,1.95,1.95,1.95,1.95,1.95,1.95,2.95,,,1.95,,,0.4,7.95,7.95,,3.95,1.95,,,,,,,0.4,1.95,,0.4,3.95,,,7.95,,0.4,0.4,0.4,0.45,0.4,0.45,0.45,0.95,1.95,1.95,1.95,0.45,0.45,,,,,,,,,,1.95,1.95,1.95,1.95,1.95,1.95,,,,1.95,1.95,0.95,,,3.95,3.95,,0.45,0.45,0.45,1.95,1.95,1.95,1.95,1.95,1.95,,,1.95,,,,,0.45,,,,1.95,,,,1.95,0.4,0.4,1.95,,,,0.95,1.95,,0.45,0.45,1.95
118,10256880,,3.95,,,,,0.95,0.45,,,,3.95,3.95,,3.95,7.95,7.95,,,,,,,,,3.95,,1.95,0.45,,,0.4,,1.95,1.95,,,,1.45,1.95,0.45,,,,1.95,0.95,,,,,,0.45,,0.4,0.45,,,,,1.95,0.95,,,,,0.45,0.95,0.4,,,,0.4,1.95,1.95,,1.95,,,,,,0.4,,,,,3.95,3.95,1.95,1.95,2.95,1.95,1.95,1.95,1.95,1.95,1.95,2.95,,,1.95,,,0.4,7.95,7.95,,3.95,1.95,,,,,,,0.4,1.95,,0.4,3.95,,,7.95,,0.4,0.4,0.4,0.45,0.4,0.45,0.45,0.95,1.95,1.95,1.95,0.45,0.45,,,,,,,,,,1.95,1.95,1.95,1.95,1.95,1.95,,,,1.95,1.95,0.95,,,3.95,3.95,,0.45,0.45,0.45,1.95,1.95,1.95,1.95,1.95,1.95,,,1.95,,,,,0.45,,,,1.95,,,,1.95,0.4,0.4,1.95,,,,0.95,1.95,,0.45,0.45,1.95
118,10256940,,3.95,,,,,0.95,0.45,,,,3.95,3.95,,3.95,7.95,7.95,,,,,,,,,3.95,,1.95,0.45,,,0.4,,1.95,1.95,,,,1.45,1.95,0.45,,,,1.95,0.95,,,,,,0.45,,0.4,0.45,,,,,1.95,0.95,,,,,0.45,0.95,0.4,,,,0.4,1.95,1.95,,1.95,,,,,,0.4,,,,,3.95,3.95,1.95,1.95,2.95,1.95,1.95,1.95,1.95,1.95,1.95,2.95,,,1.95,,,0.4,7.95,7.95,,3.95,1.95,,,,,,,0.4,1.95,,0.4,3.95,,,7.95,,0.4,0.4,0.4,0.45,0.4,0.45,0.45,0.95,1.95,1.95,1.95,0.45,0.45,,,,,,,,,,1.95,1.95,1.95,1.95,1.95,1.95,,,,1.95,1.95,0.95,,,3.95,3.95,,0.45,0.45,0.45,1.95,1.95,1.95,1.95,1.95,1.95,,,1.95,,,,,0.45,,,,1.95,,,,1.95,0.4,0.4,1.95,,,,0.95,1.95,,0.45,0.45,1.95
118,10257000,,3.95,,,,,0.95,0.45,,,,3.95,3.95,,3.95,7.95,7.95,,,,,,,,,3.95,,1.95,0.45,,,0.4,,1.95,1.95,,,,1.45,1.95,0.45,,,,1.95,0.95,,,,,,0.45,,0.4,0.45,,,,,1.95,0.95,,,,,0.45,0.95,0.4,,,,0.4,1.95,1.95,,1.95,,,,,,0.4,,,,,3.95,3.95,1.95,1.95,2.95,1.95,1.95,1.95,1.95,1.95,1.95,2.95,,,1.95,,,0.4,7.95,7.95,,3.95,1.95,,,,,,,0.4,1.95,,0.4,3.95,,,7.95,,0.4,0.4,0.4,0.45,0.4,0.45,0.45,0.95,1.95,1.95,1.95,0.45,0.45,,,,,,,,,,1.95,1.95,1.95,1.95,1.95,1.95,,,,1.95,1.95,0.95,,,3.95,3.95,,0.45,0.45,0.45,1.95,1.95,1.95,1.95,1.95,1.95,,,1.95,,,,,0.45,,,,1.95,,,,1.95,0.4,0.4,1.95,,,,0.95,1.95,,0.45,0.45,1.95
118,10257060,,3.95,,,,,0.95,0.45,,,,3.95,3.95,,3.95,7.95,7.95,,,,,,,,,3.95,,1.95,0.45,,,0.4,,1.95,1.95,,,,1.45,1.95,0.45,,,,1.95,0.95,,,,,,0.45,,0.4,0.45,,,,,1.95,0.95,,,,,0.45,0.95,0.4,,,,0.4,1.95,1.95,,1.95,,,,,,0.4,,,,,3.95,3.95,1.95,1.95,2.95,1.95,1.95,1.95,1.95,1.95,1.95,2.95,,,1.95,,,0.4,7.95,7.95,,3.95,1.95,,,,,,,0.4,1.95,,0.4,3.95,,,7.95,,0.4,0.4,0.4,0.45,0.4,0.45,0.45,0.95,1.95,1.95,1.95,0.45,0.45,,,,,,,,,,1.95,1.95,1.95,1.95,1.95,1.95,,,,1.95,1.95,0.95,,,3.95,3.95,,0.45,0.45,0.45,1.95,1.95,1.95,1.95,1.95,1.95,,,1.95,,,,,0.45,,,,1.95,,,,1.95,0.4,0.4,1.95,,,,0.95,1.95,,0.95,0.45,1.95
118,10257120,,3.95,,,,,0.95,0.45,,,,3.95,3.95,,3.95,7.95,7.95,,,,,,,,,3.95,,1.95,0.45,,,0.4,,1.95,1.95,,,,1.45,1.95,0.45,,,,1.95,0.95,,,,,,0.45,,0.4,0.45,,,,,1.95,0.95,,,,,0.45,0.95,0.4,,,,0.4,1.95,1.95,,1.95,,,,,,0.4,,,,,3.95,3.95,1.95,1.95,2.95,1.95,1.95,1.95,1.95,1.95,1.95,2.95,,,1.95,,,0.4,7.95,7.95,,3.95,1.95,,,,,,,0.4,1.95,,0.4,3.95,,,7.95,,0.4,0.4,0.4,0.45,0.4,0.45,0.45,0.95,1.95,1.95,1.95,0.45,0.45,,,,,,,,,,1.95,1.95,1.95,1.95,1.95,1.95,,,,1.95,1.95,0.95,,,3.95,3.95,,0.45,0.45,0.45,1.95,1.95,1.95,1.95,1.95,1.95,,,1.95,,,,,0.45,,,,1.95,,,,1.95,0.4,0.4,1.95,,,,0.95,1.95,,0.95,0.45,1.95
118,10257180,,3.95,,,,,0.95,0.45,,,,3.95,3.95,,3.95,7.95,7.95,,,,,,,,,3.95,,1.95,0.45,,,0.4,,1.95,1.95,,,,1.45,1.95,0.45,,,,1.95,0.95,,,,,,0.45,,0.4,0.45,,,,,1.95,0.95,,,,,0.45,0.95,0.4,,,,0.4,1.95,1.95,,1.95,,,,,,0.4,,,,,3.95,3.95,1.95,1.95,2.95,1.95,1.95,1.95,1.95,1.95,1.95,2.95,,,1.95,,,0.4,7.95,7.95,,3.95,1.95,,,,,,,0.4,1.95,,0.4,3.95,,,7.95,,0.4,0.4,0.4,0.45,0.4,0.45,0.45,0.95,1.95,1.95,1.95,0.45,0.45,,,,,,,,,,1.95,1.95,1.95,1.95,1.95,1.95,,,,1.95,1.95,0.95,,,3.95,3.95,,0.45,0.45,0.45,1.95,1.95,1.95,1.95,1.95,1.95,,,1.95,,,,,0.45,,,,1.95,,,,1.95,0.4,0.4,1.95,,,,0.95,1.95,,0.95,0.45,1.95
118,10257240,,3.95,,,,,0.95,0.45,,,,3.95,3.95,,3.95,7.95,7.95,,,,,,,,,3.95,,1.95,0.45,,,0.4,,1.95,1.95,,,,1.45,1.95,0.45,,,,1.95,0.95,,,,,,0.45,,0.4,0.45,,,,,1.95,0.95,,,,,0.45,0.95,0.4,,,,0.4,1.95,1.95,,1.95,,,,,,0.4,,,,,3.95,3.95,1.95,1.95,2.95,1.95,1.95,1.95,1.95,1.95,1.95,2.95,,,1.95,,,0.4,7.95,7.95,,3.95,1.95,,,,,,,0.4,1.95,,0.4,3.95,,,7.95,,0.4,0.4,0.4,0.45,0.4,0.45,0.45,0.95,1.95,1.95,1.95,0.45,0.45,,,,,,,,,,1.95,1.95,1.95,1.95,1.95,1.95,,,,1.95,1.95,0.95,,,3.95,3.95,,0.45,0.45,0.45,1.95,1.95,1.95,1.95,1.95,1.95,,,1.95,,,,,0.45,,,,1.95,,,,1.95,0.4,0.4,1.95,,,,0.95,1.95,,0.95,0.45,1.95
118,10257300,,3.95,,,,,0.95,0.45,,,,3.95,3.95,,3.95,7.95,7.95,,,,,,,,,3.95,,1.95,0.45,,,0.4,,1.95,1.95,,,,1.45,1.95,0.45,,,,1.95,0.95,,,,,,0.45,,0.4,0.45,,,,,1.95,0.95,,,,,0.45,0.95,0.4,,,,0.4,1.95,1.95,,1.95,,,,,,0.4,,,,,3.95,3.95,1.95,1.95,2.95,1.95,1.95,1.95,1.95,1.95,1.95,2.95,,,1.95,,,0.4,7.95,7.95,,3.95,1.95,,,,,,,0.4,1.95,,0.4,3.95,,,7.95,,0.4,0.4,0.4,0.45,0.4,0.45,0.45,0.95,1.95,1.95,1.95,0.45,0.45,,,,,,,,,,1.95,1.95,1.95,1.95,1.95,1.95,,,,1.95,1.95,0.95,,,3.95,3.95,,0.45,0.45,0.45,1.95,1.95,1.95,1.95,1.95,1.95,,,1.95,,,,,0.45,,,,1.95,,,,1.95,0.4,0.4,1.95,,,,0.95,1.95,,0.95,0.45,1.95
118,10257360,,3.95,,,,,0.95,0.45,,,,3.95,3.95,,3.95,7.95,7.95,,,,,,,,,3.95,,1.95,0.45,,,0.4,,1.95,1.95,,,,1.283,1.95,0.45,,,,1.95,0.95,,,,,,0.45,,0.4,0.45,,,,,1.95,0.95,,,,,0.45,0.95,,,,,0.4,1.95,1.95,,1.95,,,,,,0.4,,,,,3.95,3.95,1.95,1.95,2.95,1.95,1.95,1.95,1.95,1.95,1.95,2.95,,,1.95,,,0.4,7.95,7.95,,3.95,1.95,,,,,,,0.4,1.95,,0.4,3.95,,,7.95,,0.4,0.4,0.4,0.45,0.4,0.45,0.45,0.95,1.95,1.95,1.95,0.45,0.45,,,,,,,,,,1.95,1.95,1.95,1.95,1.95,1.95,,,,1.95,1.95,0.95,,,3.95,3.95,,0.45,0.45,0.45,1.95,1.95,1.95,1.95,1.95,1.95,,,1.95,,,,,0.45,,,,1.95,,,,1.95,0.4,0.4,1.95,,,,0.95,1.95,,1.2,0.45,1.95
118,10257420,,3.95,,,,,0.95,0.45,,,,3.95,3.95,,3.95,7.95,7.95,,,,,,,,,3.95,,1.95,0.45,,,0.4,,1.95,1.95,,,,1.45,1.95,0.45,,,,1.95,0.95,,,,,,0.45,,0.4,0.45,,,,,1.95,0.95,,,,,0.45,0.95,0.4,,,,0.4,1.95,1.95,,1.95,,,,,,0.4,,,,,3.95,3.95,1.95,1.95,2.95,1.95,1.95,1.95,1.95,1.95,1.95,2.95,,,1.95,,,0.4,7.95,7.95,,3.95,1.95,,,,,,,0.4,1.95,,0.4,3.95,,,7.95,,0.4,0.4,0.4,0.45,0.4,0.45,0.45,0.95,1.95,1.95,1.95,0.45,0.45,,,,,,,,,,1.95,1.95,1.95,1.95,1.95,1.95,,,,1.95,1.95,0.95,,,3.95,3.95,,0.45,0.45,0.45,1.95,1.95,1.95,1.95,1.95,1.95,,,1.95,,,,,0.45,,,,1.95,,,,1.95,0.4,0.4,1.95,,,,0.95,1.95,,0.45,0.45,1.95
118,10257480,,3.95,,,,,0.95,0.45,,,,3.95,3.95,,3.95,7.95,7.95,,,,,,,,,3.95,,1.95,0.45,,,0.4,,1.95,1.95,,,,1.45,1.95,0.45,,,,1.95,0.95,,,,,,0.45,,0.4,0.45,,,,,1.95,0.95,,,,,0.45,0.95,0.4,,,,0.4,1.95,1.95,,1.95,,,,,,0.4,,,,,3.95,3.95,1.95,1.95,2.95,1.95,1.95,1.95,1.95,1.95,1.95,2.95,,,1.95,,,0.4,7.95,7.95,,3.95,1.95,,,,,,,0.4,1.95,,0.4,3.95,,,7.95,,0.4,0.4,0.4,0.45,0.4,0.45,0.45,0.95,1.95,1.95,1.95,0.45,0.45,,,,,,,,,,1.95,1.95,1.95,1.95,1.95,1.95,,,,1.95,1.95,0.95,,,3.95,3.95,,0.45,0.45,0.45,1.95,1.95,1.95,1.95,1.95,1.95,,,1.95,,,,,0.45,,,,1.95,,,,1.95,0.4,0.4,1.95,,,,0.95,1.95,,0.45,0.45,1.95
118,10257540,,3.95,,,,,0.95,0.45,,,,3.95,3.95,,3.95,7.95,7.95,,,,,,,,,3.95,,1.95,0.45,,,0.4,,1.95,1.95,,,,1.45,1.95,0.45,,,,1.95,0.95,,,,,,0.45,,0.4,0.45,,,,,1.95,0.95,,,,,0.45,0.95,0.4,,,,0.4,1.95,1.95,,1.95,,,,,,0.4,,,,,3.95,3.95,1.95,1.95,2.95,1.95,1.95,1.95,1.95,1.95,1.95,2.95,,,1.95,,,0.4,7.95,7.95,,3.95,1.95,,,,,,,0.4,1.95,,0.4,3.95,,,7.95,,0.4,0.4,0.4,0.45,0.4,0.45,0.45,0.95,1.95,1.95,1.95,0.45,0.45,,,,,,,,,,1.95,1.95,1.95,1.95,1.95,1.95,,,,1.95,1.95,0.95,,,3.95,3.95,,0.45,0.45,0.45,1.95,1.95,1.95,1.95,1.95,1.95,,,1.95,,,,,0.45,,,,1.95,,,,1.95,0.4,0.4,1.95,,,,0.95,1.95,,0.45,0.45,1.95
118,10257600,,3.95,,,,,0.95,0.45,,,,3.95,3.95,,3.95,7.95,7.95,,,,,,,,,3.95,,1.95,0.45,,,0.4,,1.95,1.95,,,,1.45,1.95,0.45,,,,1.95,0.95,,,,,,0.45,,0.4,0.45,,,,,1.95,0.95,,,,,0.45,0.95,0.4,,,,0.4,1.95,1.95,,1.95,,,,,,0.4,,,,,3.95,3.95,1.95,1.95,2.95,1.95,1.95,1.95,1.95,1.95,1.95,2.95,,,1.95,,,0.4,7.95,7.95,,3.95,1.95,,,,,,,0.4,1.95,,0.4,3.95,,,7.95,,0.4,0.4,0.4,0.45,0.4,0.45,0.45,0.95,1.95,1.95,1.95,0.45,0.45,,,,,,,,,,1.95,1.95,1.95,1.95,1.95,1.95,,,,1.95,1.95,0.95,,,3.95,3.95,,0.45,0.45,0.45,1.95,1.95,1.95,1.95,1.95,1.95,,,1.95,,,,,0.45,,,,1.95,,,,1.95,0.4,0.4,1.95,,,,0.95,1.95,,0.45,0.45,1.95
118,10257660,,3.95,,,,,0.95,0.45,,,,3.95,3.95,,3.95,7.95,7.95,,,,,,,,,3.95,,1.95,0.45,,,0.4,,1.95,1.95,,,,1.45,1.95,0.45,,,,1.95,0.95,,,,,,0.45,,0.4,0.45,,,,,1.95,0.95,,,,,0.45,0.95,0.4,,,,0.4,1.95,1.95,,1.95,,,,,,0.4,,,,,3.95,3.95,1.95,1.95,2.95,1.95,1.95,1.95,1.95,1.95,1.95,2.95,,,1.95,,,0.4,7.95,7.95,,3.95,1.95,,,,,,,0.4,1.95,,0.4,3.95,,,7.95,,0.4,0.4,0.4,0.45,0.4,0.45,0.45,0.95,1.95,1.95,1.95,0.45,0.45,,,,,,,,,,1.95,1.95,1.95,1.95,1.95,1.95,,,,1.95,1.95,0.95,,,3.95,3.95,,0.45,0.45,0.45,1.95,1.95,1.95,1.95,1.95,1.95,,,1.95,,,,,0.45,,,,1.95,,,,1.95,0.4,0.4,1.95,,,,0.95,1.95,,0.45,0.45,1.95
118,10257720,,3.95,,,,,0.95,0.45,,,,3.95,3.95,,3.95,7.95,7.95,,,,,,,,,3.95,,1.95,0.45,,,0.4,,1.95,1.95,,,,1.45,1.95,0.45,,,,1.95,0.95,,,,,,0.45,,0.4,0.45,,,,,1.95,0.95,,,,,0.45,0.95,0.4,,,,0.4,1.95,1.95,,1.95,,,,,,0.4,,,,,3.95,3.95,1.95,1.95,2.95,1.95,1.95,1.95,1.95,1.95,1.95,2.95,,,1.95,,,0.4,7.95,7.95,,3.95,1.95,,,,,,,0.4,1.95,,0.4,3.95,,,7.95,,0.4,0.4,0.4,0.45,0.4,0.45,0.45,0.95,1.95,1.95,1.95,0.45,0.45,,,,,,,,,,1.95,1.95,1.95,1.95,1.95,1.95,,,,1.95,1.95,0.95,,,3.95,3.95,,0.45,0.45,0.45,1.95,1.95,1.95,1.95,1.95,1.95,,,1.95,,,,,0.45,,,,1.95,,,,1.95,0.4,0.4,1.95,,,,0.95,1.95,,0.45,0.45,1.95
118,10257780,,3.95,,,,,0.95,0.45,,,,3.95,3.95,,3.95,7.95,7.95,,,,,,,,,3.95,,1.95,0.45,,,0.4,,1.95,1.95,,,,1.45,1.95,0.45,,,,1.95,0.95,,,,,,0.45,,0.4,0.45,,,,,1.95,0.95,,,,,0.45,0.95,0.4,,,,0.4,1.95,1.95,,1.95,,,,,,0.4,,,,,3.95,3.95,1.95,1.95,2.95,1.95,1.95,1.95,1.95,1.95,1.95,2.95,,,1.95,,,0.4,7.95,7.95,,3.95,1.95,,,,,,,0.4,1.95,,0.4,3.95,,,7.95,,0.4,0.4,0.4,0.45,0.4,0.45,0.45,0.95,1.95,1.95,1.95,0.45,0.45,,,,,,,,,,1.95,1.95,1.95,1.95,1.95,1.95,,,,1.95,1.95,0.95,,,3.95,3.95,,0.45,0.45,0.45,1.95,1.95,1.95,1.95,1.95,1.95,,,1.95,,,,,0.45,,,,1.95,,,,1.95,0.4,0.4,1.95,,,,0.95,1.95,,0.45,0.45,1.95
118,10257840,,3.95,,,,,0.95,0.45,,,,3.95,3.95,,3.95,7.95,7.95,,,,,,,,,3.95,,1.95,0.45,,,0.4,,1.95,1.95,,,,1.45,1.95,0.45,,,,1.95,0.95,,,,,,0.45,,0.4,0.45,,,,,1.95,0.95,,,,,0.45,0.95,0.4,,,,0.4,1.95,1.95,,1.95,,,,,,0.4,,,,,3.95,3.95,1.95,1.95,2.95,1.95,1.95,1.95,1.95,1.95,1.95,2.95,,,1.95,,,0.4,7.95,7.95,,3.95,1.95,,,,,,,0.4,1.95,,0.4,3.95,,,7.95,,0.4,0.4,0.4,0.45,0.4,0.45,0.45,0.95,1.95,1.95,1.95,0.45,0.45,,,,,,,,,,1.95,1.95,1.95,1.95,1.95,1.95,,,,1.95,1.95,0.95,,,3.95,3.95,,0.45,0.45,0.45,1.95,1.95,1.95,1.95,1.95,1.95,,,1.95,,,,,0.45,,,,1.95,,,,1.95,0.4,0.4,1.95,,,,0.95,1.95,,0.45,0.45,1.95
118,10257900,,3.95,,,,,0.95,0.45,,,,3.95,3.95,,3.95,7.95,7.95,,,,,,,,,3.95,,1.95,0.45,,,0.4,,1.95,1.95,,,,1.45,1.95,0.45,,,,1.95,0.95,,,,,,0.45,,0.4,0.45,,,,,1.95,0.95,,,,,0.45,0.95,0.4,,,,0.4,1.95,1.95,,1.95,,,,,,0.4,,,,,3.95,3.95,1.95,1.95,2.95,1.95,1.95,1.95,1.95,1.95,1.95,2.95,,,1.95,,,0.4,7.95,7.95,,3.95,1.95,,,,,,,0.4,1.95,,0.4,3.95,,,7.95,,0.4,0.4,0.4,0.45,0.4,0.45,0.45,0.95,1.95,1.95,1.95,0.45,0.45,,,,,,,,,,1.95,1.95,1.95,1.95,1.95,1.95,,,,1.95,1.95,0.95,,,3.95,3.95,,0.45,0.45,0.45,1.95,1.95,1.95,1.95,1.95,1.95,,,1.95,,,,,0.45,,,,1.95,,,,1.95,0.4,0.4,1.95,,,,0.95,1.95,,0.45,0.45,1.95
118,10257960,,3.95,,,,,0.95,0.45,,,,3.95,3.95,,3.95,7.95,7.95,,,,,,,,,3.95,,1.95,0.45,,,0.4,,1.95,1.95,,,,1.45,1.95,0.45,,,,1.95,0.95,,,,,,0.45,,0.4,0.45,,,,,1.95,0.95,,,,,0.45,0.95,0.4,,,,0.4,1.95,1.95,,1.95,,,,,,0.4,,,,,3.95,3.95,1.95,1.95,2.95,1.95,1.95,1.95,1.95,1.95,1.95,2.95,,,1.95,,,0.4,7.95,7.95,,3.95,1.95,,,,,,,0.4,1.95,,0.4,3.95,,,7.95,,0.4,0.4,0.4,0.45,0.4,0.45,0.45,0.95,1.95,1.95,1.95,0.45,0.45,,,,,,,,,,1.95,1.95,1.95,1.95,1.95,1.95,,,,1.95,1.95,0.95,,,3.95,3.95,,0.45,0.45,0.45,1.95,1.95,1.95,1.95,1.95,1.95,,,1.95,,,,,0.45,,,,1.95,,,,1.95,0.4,0.4,1.95,,,,0.95,1.95,,0.45,0.45,1.95
118,10258020,,3.95,,,,,0.95,0.45,,,,3.95,3.95,,3.95,7.95,7.95,,,,,,,,,3.95,,1.95,0.45,,,0.4,,1.95,1.95,,,,1.45,1.95,0.45,,,,1.95,0.95,,,,,,0.45,,0.4,0.45,,,,,1.95,0.95,,,,,0.45,0.95,0.4,,,,0.4,1.95,1.95,,1.95,,,,,,0.4,,,,,3.95,3.95,1.95,1.95,2.95,1.95,1.95,1.95,1.95,1.95,1.95,2.95,,,1.95,,,0.4,7.95,7.95,,3.95,1.95,,,,,,,0.4,1.95,,0.4,3.95,,,7.95,,0.4,0.4,0.4,0.45,0.4,0.45,0.45,0.95,1.95,1.95,1.95,0.45,0.45,,,,,,,,,,1.95,1.95,1.95,1.95,1.95,1.95,,,,1.95,1.95,0.95,,,3.95,3.95,,0.45,0.45,0.45,1.95,1.95,1.95,1.95,1.95,1.95,,,1.95,,,,,0.45,,,,1.95,,,,1.95,0.4,0.4,1.95,,,,0.95,1.95,,0.45,0.45,1.95
118,10258080,,3.95,,,,,0.95,0.45,,,,3.95,3.95,,3.95,7.95,7.95,,,,,,,,,3.95,,1.95,0.45,,,0.4,,1.95,1.95,,,,1.45,1.95,0.45,,,,1.95,0.95,,,,,,0.45,,0.4,0.45,,,,,1.95,0.95,,,,,0.45,0.95,0.4,,,,0.4,1.95,1.95,,1.95,,,,,,0.4,,,,,3.95,3.95,1.95,1.95,2.95,1.95,1.95,1.95,1.95,1.95,1.95,2.95,,,1.95,,,0.4,7.95,7.95,,3.95,1.95,,,,,,,0.4,1.95,,0.4,3.95,,,7.95,,0.4,0.4,0.4,0.45,0.4,0.45,0.45,0.95,1.95,1.95,1.95,0.45,0.45,,,,,,,,,,1.95,1.95,1.95,1.95,1.95,1.95,,,,1.95,1.95,0.95,,,3.95,3.95,,0.45,0.45,0.45,1.95,1.95,1.95,1.95,1.95,1.95,,,1.95,,,,,0.45,,,,1.95,,,,1.95,0.4,0.4,1.95,,,,0.95,1.95,,0.45,0.45,1.95
118,10258140,,3.95,,,,,0.95,0.45,,,,3.95,3.95,,3.95,7.95,7.95,,,,,,,,,3.95,,1.95,0.45,,,0.4,,1.95,1.95,,,,1.45,1.95,0.45,,,,1.95,0.95,,,,,,0.45,,0.4,0.45,,,,,1.95,0.95,,,,,0.45,0.95,0.4,,,,0.4,1.95,1.95,,1.95,,,,,,0.4,,,,,3.95,3.95,1.95,1.95,2.95,1.95,1.95,1.95,1.95,1.95,1.95,2.95,,,1.95,,,0.4,7.95,7.95,,3.95,1.95,,,,,,,0.4,1.95,,0.4,3.95,,,7.95,,0.4,0.4,0.4,0.45,0.4,0.45,0.45,0.95,1.95,1.95,1.95,0.45,0.45,,,,,,,,,,1.95,1.95,1.95,1.95,1.95,1.95,,,,1.95,1.95,0.95,,,3.95,3.95,,0.45,0.45,0.45,1.95,1.95,1.95,1.95,1.95,1.95,,,1.95,,,,,0.45,,,,1.95,,,,1.95,0.4,0.4,1.95,,,,0.95,1.95,,0.45,0.45,1.95
118,10258200,,3.95,,,,,0.95,0.45,,,,3.95,3.95,,3.95,7.95,7.95,,,,,,,,,3.95,,1.95,0.45,,,0.4,,1.95,1.95,,,,1.45,1.95,0.45,,,,1.95,0.95,,,,,,0.45,,0.4,0.45,,,,,1.95,0.95,,,,,0.45,0.95,0.4,,,,0.4,1.95,1.95,,1.95,,,,,,0.4,,,,,3.95,3.95,1.95,1.95,2.95,1.95,1.95,1.95,1.95,1.95,1.95,2.95,,,1.95,,,0.4,7.95,7.95,,3.95,1.95,,,,,,,0.4,1.95,,0.4,3.95,,,7.95,,0.4,0.4,0.4,0.45,0.4,0.45,0.45,0.95,1.95,1.95,1.95,0.45,0.45,,,,,,,,,,1.95,1.95,1.95,1.95,1.95,1.95,,,,1.95,1.95,0.95,,,3.95,3.95,,0.45,0.45,0.45,1.95,1.95,1.95,1.95,1.95,1.95,,,1.95,,,,,0.45,,,,1.95,,,,1.95,0.4,0.4,1.95,,,,0.95,1.95,,0.45,0.45,1.95
118,10258260,,3.95,,,,,0.95,0.45,,,,3.95,3.95,,3.95,7.95,7.95,,,,,,,,,3.95,,1.95,0.45,,,0.4,,1.95,1.95,,,,1.45,1.95,0.45,,,,1.95,0.95,,,,,,0.45,,0.4,0.45,,,,,1.95,0.95,,,,,0.45,0.95,0.4,,,,0.4,1.95,1.95,,1.95,,,,,,0.4,,,,,3.95,3.95,1.95,1.95,2.95,1.95,1.95,1.95,1.95,1.95,1.95,2.95,,,1.95,,,0.4,7.95,7.95,,3.95,1.95,,,,,,,0.4,1.95,,0.4,3.95,,,7.95,,0.4,0.4,0.4,0.45,0.4,0.45,0.45,0.95,1.95,1.95,1.95,0.45,0.45,,,,,,,,,,1.95,1.95,1.95,1.95,1.95,1.95,,,,1.95,1.95,0.95,,,3.95,3.95,,0.45,0.45,0.45,1.95,1.95,1.95,1.95,1.95,1.95,,,1.95,,,,,0.45,,,,1.95,,,,1.95,0.4,0.4,1.95,,,,0.95,1.95,,0.45,0.45,1.95
118,10258320,,3.95,,,,,0.95,0.45,,,,3.95,3.95,,3.95,7.95,7.95,,,,,,,,,3.95,,1.95,0.45,,,0.4,,1.95,1.95,,,,1.45,1.95,0.45,,,,1.95,0.95,,,,,,0.45,,0.4,0.45,,,,,1.95,0.95,,,,,0.45,0.95,0.4,,,,0.4,1.95,1.95,,1.95,,,,,,0.4,,,,,3.95,3.95,1.95,1.95,2.95,1.95,1.95,1.95,1.95,1.95,1.95,2.95,,,1.95,,,0.4,7.95,7.95,,3.95,1.95,,,,,,,0.4,1.95,,0.4,3.95,,,7.95,,0.4,0.4,0.4,0.45,0.4,0.45,0.45,0.95,1.95,1.95,1.95,0.45,0.45,,,,,,,,,,1.95,1.95,1.95,1.95,1.95,1.95,,,,1.95,1.95,0.95,,,3.95,3.95,,0.45,0.45,0.45,1.95,1.95,1.95,1.95,1.95,1.95,,,1.95,,,,,0.45,,,,1.95,,,,1.95,0.4,0.4,1.95,,,,0.95,1.95,,0.45,0.45,1.95
118,10258380,,3.95,,,,,0.95,0.45,,,,3.95,3.95,,3.95,7.95,7.95,,,,,,,,,3.95,,1.95,0.45,,,0.4,,1.95,1.95,,,,1.45,1.95,0.45,,,,1.95,0.95,,,,,,0.45,,0.4,0.45,,,,,1.95,0.95,,,,,0.45,0.95,0.4,,,,0.4,1.95,1.95,,1.95,,,,,,0.4,,,,,3.95,3.95,1.95,1.95,2.95,1.95,1.95,1.95,1.95,1.95,1.95,2.95,,,1.95,,,0.4,7.95,7.95,,3.95,1.95,,,,,,,0.4,1.95,,0.4,3.95,,,7.95,,0.4,0.4,0.4,0.45,0.4,0.45,0.45,0.95,1.95,1.95,1.95,0.45,0.45,,,,,,,,,,1.95,1.95,1.95,1.95,1.95,1.95,,,,1.95,1.95,0.95,,,3.95,3.95,,0.45,0.45,0.45,1.95,1.95,1.95,1.95,1.95,1.95,,,1.95,,,,,0.45,,,,1.95,,,,1.95,0.4,0.4,1.95,,,,0.95,1.95,,0.45,0.45,1.95
118,10258440,,3.95,,,,,0.95,0.45,,,,3.95,3.95,,3.95,7.95,7.95,,,,,,,,,3.95,,1.95,0.45,,,0.4,,1.95,1.95,,,,1.45,1.95,0.45,,,,1.95,0.95,,,,,,0.45,,0.4,0.45,,,,,1.95,0.95,,,,,0.45,0.95,0.4,,,,0.4,1.95,1.95,,1.95,,,,,,0.4,,,,,3.95,3.95,1.95,1.95,2.95,1.95,1.95,1.95,1.95,1.95,1.95,2.95,,,1.95,,,0.4,7.95,7.95,,3.95,1.95,,,,,,,0.4,1.95,,0.4,3.95,,,7.95,,0.4,0.4,0.4,0.45,0.4,0.45,0.45,0.95,1.95,1.95,1.95,0.45,0.45,,,,,,,,,,1.95,1.95,1.95,1.95,1.95,1.95,,,,1.95,1.95,0.95,,,3.95,3.95,,0.45,0.45,0.45,1.95,1.95,1.95,1.95,1.95,1.95,,,1.95,,,,,0.45,,,,1.95,,,,1.95,0.4,0.4,1.95,,,,0.95,1.95,,0.45,0.45,1.95
118,10258500,,3.95,,,,,0.95,0.45,,,,3.95,3.95,,3.95,7.95,7.95,,,,,,,,,3.95,,1.95,0.45,,,0.4,,1.95,1.95,,,,1.45,1.95,0.45,,,,1.95,0.95,,,,,,0.45,,0.4,0.45,,,,,1.95,0.95,,,,,0.45,0.95,0.4,,,,0.4,1.95,1.95,,1.95,,,,,,0.4,,,,,3.95,3.95,1.95,1.95,2.95,1.95,1.95,1.95,1.95,1.95,1.95,2.95,,,1.95,,,0.4,7.95,7.95,,3.95,1.95,,,,,,,0.4,1.95,,0.4,3.95,,,7.95,,0.4,0.4,0.4,0.45,0.4,0.45,0.45,0.95,1.95,1.95,1.95,0.45,0.45,,,,,,,,,,1.95,1.95,1.95,1.95,1.95,1.95,,,,1.95,1.95,0.95,,,3.95,3.95,,0.45,0.45,0.45,1.95,1.95,1.95,1.95,1.95,1.95,,,1.95,,,,,0.45,,,,1.95,,,,1.95,0.4,0.4,1.95,,,,0.95,1.95,,0.45,0.45,1.95
118,10258560,,3.95,,,,,0.95,0.45,,,,3.95,3.95,,3.95,7.95,7.95,,,,,,,,,3.95,,1.95,0.45,,,0.4,,1.95,1.95,,,,1.45,1.95,0.45,,,,1.95,0.95,,,,,,0.45,,0.4,0.45,,,,,1.95,0.95,,,,,0.45,0.95,0.4,,,,0.4,1.95,1.95,,1.95,,,,,,0.4,,,,,3.95,3.95,1.95,1.95,2.95,1.95,1.95,1.95,1.95,1.95,1.95,2.95,,,1.95,,,0.4,7.95,7.95,,3.95,1.95,,,,,,,0.4,1.95,,0.4,3.95,,,7.95,,0.4,0.4,0.4,0.45,0.4,0.45,0.45,0.95,1.95,1.95,1.95,0.45,0.45,,,,,,,,,,1.95,1.95,1.95,1.95,1.95,1.95,,,,1.95,1.95,0.95,,,3.95,3.95,,0.45,0.45,0.45,1.95,1.95,1.95,1.95,1.95,1.95,,,1.95,,,,,0.45,,,,1.95,,,,1.95,0.4,0.4,1.95,,,,0.95,1.95,,0.45,0.45,1.95
118,10258620,,3.95,,,,,0.95,0.45,,,,3.95,3.95,,3.95,7.95,7.95,,,,,,,,,3.95,,1.95,0.45,,,0.4,,1.95,1.95,,,,1.45,1.95,0.45,,,,1.95,0.95,,,,,,0.45,,0.4,0.45,,,,,1.95,0.95,,,,,0.45,0.95,0.4,,,,0.4,1.95,1.95,,1.95,,,,,,0.4,,,,,3.95,3.95,1.95,1.95,2.95,1.95,1.95,1.95,1.95,1.95,1.95,2.95,,,1.95,,,0.4,7.95,7.95,,3.95,1.95,,,,,,,0.4,1.95,,0.4,3.95,,,7.95,,0.4,0.4,0.4,0.45,0.4,0.45,0.45,0.95,1.95,1.95,1.95,0.45,0.45,,,,,,,,,,1.95,1.95,1.95,1.95,1.95,1.95,,,,1.95,1.95,0.95,,,3.95,3.95,,0.45,0.45,0.45,1.95,1.95,1.95,1.95,1.95,1.95,,,1.95,,,,,0.45,,,,1.95,,,,1.95,0.4,0.4,1.95,,,,0.95,1.95,,0.45,0.45,1.95
118,10258680,,3.95,,,,,0.95,0.45,,,,3.95,3.95,,3.95,7.95,7.95,,,,,,,,,3.95,,1.95,0.45,,,0.4,,1.95,1.95,,,,1.45,1.95,0.45,,,,1.95,0.95,,,,,,0.45,,0.4,0.45,,,,,1.95,0.95,,,,,0.45,0.95,0.4,,,,0.4,1.95,1.95,,1.95,,,,,,0.4,,,,,3.95,3.95,1.95,1.95,2.95,1.95,1.95,1.95,1.95,1.95,1.95,2.95,,,1.95,,,0.4,7.95,7.95,,3.95,1.95,,,,,,,0.4,1.95,,0.4,3.95,,,7.95,,0.4,0.4,0.4,0.45,0.4,0.45,0.45,0.95,1.95,1.95,1.95,0.45,0.45,,,,,,,,,,1.95,1.95,1.95,1.95,1.95,1.95,,,,1.95,1.95,0.95,,,3.95,3.95,,0.45,0.45,0.45,1.95,1.95,1.95,1.95,1.95,1.95,,,1.95,,,,,0.45,,,,1.95,,,,1.95,0.4,0.4,1.95,,,,0.95,1.95,,0.45,0.45,1.95
118,10258740,,3.95,,,,,0.95,0.45,,,,3.95,3.95,,3.95,7.95,7.95,,,,,,,,,3.95,,1.95,0.45,,,0.4,,1.95,1.95,,,,1.45,1.95,0.45,,,,1.95,0.95,,,,,,0.45,,0.4,0.45,,,,,1.95,0.95,,,,,0.45,0.95,0.4,,,,0.4,1.95,1.95,,1.95,,,,,,0.4,,,,,3.95,3.95,1.95,1.95,2.95,1.95,1.95,1.95,1.95,1.95,1.95,2.95,,,1.95,,,0.4,7.95,7.95,,3.95,1.95,,,,,,,0.4,1.95,,0.4,3.95,,,7.95,,0.4,0.4,0.4,0.45,0.4,0.45,0.45,0.95,1.95,1.95,1.95,0.45,0.45,,,,,,,,,,1.95,1.95,1.95,1.95,1.95,1.95,,,,1.95,1.95,0.95,,,3.95,3.95,,0.45,0.45,0.45,1.95,1.95,1.95,1.95,1.95,1.95,,,1.95,,,,,0.45,,,,1.95,,,,1.95,0.4,0.4,1.95,,,,0.95,1.95,,0.45,0.45,1.95
118,10258800,,3.95,,,,,0.95,0.45,,,,3.95,3.95,,3.95,7.95,7.95,,,,,,,,,3.95,,1.95,0.45,,,0.4,,1.95,1.95,,,,1.45,1.95,0.45,,,,1.95,0.95,,,,,,0.45,,0.4,0.45,,,,,1.95,0.95,,,,,0.45,0.95,0.4,,,,0.4,1.95,1.95,,1.95,,,,,,0.4,,,,,3.95,3.95,1.95,1.95,2.95,1.95,1.95,1.95,1.95,1.95,1.95,2.95,,,1.95,,,0.4,7.95,7.95,,3.95,1.95,,,,,,,0.4,1.95,,0.4,3.95,,,7.95,,0.4,0.4,0.4,0.45,0.4,0.45,0.45,0.95,1.95,1.95,1.95,0.45,0.45,,,,,,,,,,1.95,1.95,1.95,1.95,1.95,1.95,,,,1.95,1.95,0.95,,,3.95,3.95,,0.45,0.45,0.45,1.95,1.95,1.95,1.95,1.95,1.95,,,1.95,,,,,0.45,,,,1.95,,,,1.95,0.4,0.4,1.95,,,,0.95,1.95,,0.45,0.45,1.95
118,10258860,,3.95,,,,,0.95,0.45,,,,3.95,3.95,,3.95,7.95,7.95,,,,,,,,,3.95,,1.95,0.45,,,0.4,,1.95,1.95,,,,1.45,1.95,0.45,,,,1.95,0.95,,,,,,0.45,,0.4,0.45,,,,,1.95,0.95,,,,,0.45,0.95,0.4,,,,0.4,1.95,1.95,,1.95,,,,,,0.4,,,,,3.95,3.95,1.95,1.95,2.95,1.95,1.95,1.95,1.95,1.95,1.95,2.95,,,1.95,,,0.4,7.95,7.95,,3.95,1.95,,,,,,,0.4,1.95,,0.4,3.95,,,7.95,,0.4,0.4,0.4,0.45,0.4,0.45,0.45,0.95,1.95,1.95,1.95,0.45,0.45,,,,,,,,,,1.95,1.95,1.95,1.95,1.95,1.95,,,,1.95,1.95,0.95,,,3.95,3.95,,0.45,0.45,0.45,1.95,1.95,1.95,1.95,1.95,1.95,,,1.95,,,,,0.45,,,,1.95,,,,1.95,0.4,0.4,1.95,,,,0.95,1.95,,0.45,0.45,1.95
118,10258920,,3.95,,,,,0.95,0.45,,,,3.95,3.95,,3.95,7.95,7.95,,,,,,,,,3.95,,1.95,0.45,,,0.4,,1.95,1.95,,,,1.45,1.95,0.45,,,,1.95,0.95,,,,,,0.45,,0.4,0.45,,,,,1.95,0.95,,,,,0.45,0.95,0.4,,,,0.4,1.95,1.95,,1.95,,,,,,0.4,,,,,3.95,3.95,1.95,1.95,2.95,1.95,1.95,1.95,1.95,1.95,1.95,2.95,,,1.95,,,0.4,7.95,7.95,,3.95,1.95,,,,,,,0.4,1.95,,0.4,3.95,,,7.95,,0.4,0.4,0.4,0.45,0.4,0.45,0.45,0.95,1.95,1.95,1.95,0.45,0.45,,,,,,,,,,1.95,1.95,1.95,1.95,1.95,1.95,,,,1.95,1.95,0.95,,,3.95,3.95,,0.45,0.45,0.45,1.95,1.95,1.95,1.95,1.95,1.95,,,1.95,,,,,0.45,,,,1.95,,,,1.95,0.4,0.4,1.95,,,,0.95,1.95,,0.45,0.45,1.95
118,10258980,,3.95,,,,,0.95,0.45,,,,3.95,3.95,,3.95,7.95,7.95,,,,,,,,,3.95,,1.95,0.45,,,0.4,,1.95,1.95,,,,1.45,1.95,0.45,,,,1.95,0.95,,,,,,0.45,,0.4,0.45,,,,,1.95,0.95,,,,,0.45,0.95,0.4,,,,0.4,1.95,1.95,,1.95,,,,,,0.4,,,,,3.95,3.95,1.95,1.95,2.95,1.95,1.95,1.95,1.95,1.95,1.95,2.95,,,1.95,,,0.4,7.95,7.95,,3.95,1.95,,,,,,,0.4,1.95,,0.4,3.95,,,7.95,,0.4,0.4,0.4,0.45,0.4,0.45,0.45,0.95,1.95,1.95,1.95,0.45,0.45,,,,,,,,,,1.95,1.95,1.95,1.95,1.95,1.95,,,,1.95,1.95,0.95,,,3.95,3.95,,0.45,0.45,0.45,1.95,1.95,1.95,1.95,1.95,1.95,,,1.95,,,,,0.45,,,,1.95,,,,1.95,0.4,0.4,1.95,,,,0.95,1.95,,0.45,0.45,1.95
118,10259040,,3.95,,,,,0.95,0.45,,,,3.95,3.95,,3.95,7.95,7.95,,,,,,,,,3.95,,1.95,0.45,,,0.4,,1.95,1.95,,,,1.45,1.95,0.45,,,,1.95,0.95,,,,,,0.45,,0.4,0.45,,,,,1.95,0.95,,,,,0.45,0.95,0.4,,,,0.4,1.95,1.95,,1.95,,,,,,0.4,,,,,3.95,3.95,1.95,1.95,2.95,1.95,1.95,1.95,1.95,1.95,1.95,2.95,,,1.95,,,0.4,7.95,7.95,,3.95,1.95,,,,,,,0.4,1.95,,0.4,3.95,,,7.95,,0.4,0.4,0.4,0.45,0.4,0.45,0.45,0.95,1.95,1.95,1.95,0.45,0.45,,,,,,,,,,1.95,1.95,1.95,1.95,1.95,1.95,,,,1.95,1.95,0.95,,,3.95,3.95,,0.45,0.45,0.45,1.95,1.95,1.95,1.95,1.95,1.95,,,1.95,,,,,0.45,,,,1.95,,,,1.95,0.4,0.4,1.95,,,,0.95,1.95,,0.45,0.45,1.95
118,10259100,,3.95,,,,,0.95,0.45,,,,3.95,3.95,,3.95,7.95,7.95,,,,,,,,,3.95,,1.95,0.45,,,0.4,,1.95,1.95,,,,1.45,1.95,0.45,,,,1.95,0.95,,,,,,0.45,,0.4,0.45,,,,,1.95,0.95,,,,,0.45,0.95,0.4,,,,0.4,1.95,1.95,,1.95,,,,,,0.4,,,,,3.95,3.95,1.95,1.95,2.95,1.95,1.95,1.95,1.95,1.95,1.95,2.95,,,1.95,,,0.4,7.95,7.95,,3.95,1.95,,,,,,,0.4,1.95,,0.4,3.95,,,7.95,,0.4,0.4,0.4,0.45,0.4,0.45,0.45,0.95,1.95,1.95,1.95,0.45,0.45,,,,,,,,,,1.95,1.95,1.95,1.95,1.95,1.95,,,,1.95,1.95,0.95,,,3.95,3.95,,0.45,0.45,0.45,1.95,1.95,1.95,1.95,1.95,1.95,,,1.95,,,,,0.45,,,,1.95,,,,1.95,0.4,0.4,1.95,,,,0.95,1.95,,0.45,0.45,1.95
118,10259160,,3.95,,,,,0.95,0.45,,,,3.95,3.95,,3.95,7.95,7.95,,,,,,,,,3.95,,1.95,0.45,,,0.4,,1.95,1.95,,,,1.45,1.95,0.45,,,,1.95,0.95,,,,,,0.45,,0.4,0.45,,,,,1.95,0.95,,,,,0.45,0.95,0.4,,,,0.4,1.95,1.95,,1.95,,,,,,0.4,,,,,3.95,3.95,1.95,1.95,2.95,1.95,1.95,1.95,1.95,1.95,1.95,2.95,,,1.95,,,0.4,7.95,7.95,,3.95,1.95,,,,,,,0.4,1.95,,0.4,3.95,,,7.95,,0.4,0.4,0.4,0.45,0.4,0.45,0.45,0.95,1.95,1.95,1.95,0.45,0.45,,,,,,,,,,1.95,1.95,1.95,1.95,1.95,1.95,,,,1.95,1.95,0.95,,,3.95,3.95,,0.45,0.45,0.45,1.95,1.95,1.95,1.95,1.95,1.95,,,1.95,,,,,0.45,,,,1.95,,,,1.95,0.4,0.4,1.95,,,,0.95,1.95,,0.45,0.45,1.95
118,10259220,,3.95,,,,,0.95,0.45,,,,3.95,3.95,,3.95,7.95,7.95,,,,,,,,,3.95,,1.95,0.45,,,0.4,,1.95,1.95,,,,1.45,1.95,0.45,,,,1.95,0.95,,,,,,0.45,,0.4,0.45,,,,,1.95,0.95,,,,,0.45,0.95,0.4,,,,0.4,1.95,1.95,,1.95,,,,,,0.4,,,,,3.95,3.95,1.95,1.95,2.95,1.95,1.95,1.95,1.95,1.95,1.95,2.95,,,1.95,,,0.4,7.95,7.95,,3.95,1.95,,,,,,,0.4,1.95,,0.4,3.95,,,7.95,,0.4,0.4,0.4,0.45,0.4,0.45,0.45,0.95,1.95,1.95,1.95,0.45,0.45,,,,,,,,,,1.95,1.95,1.95,1.95,1.95,1.95,,,,1.95,1.95,0.95,,,3.95,3.95,,0.45,0.45,0.45,1.95,1.95,1.95,1.95,1.95,1.95,,,1.95,,,,,0.45,,,,1.95,,,,1.95,0.4,0.4,1.95,,,,0.95,1.95,,0.45,0.45,1.95
118,10259280,,3.95,,,,,0.95,0.45,,,,3.95,3.95,,3.95,7.95,7.95,,,,,,,,,3.95,,1.95,0.45,,,0.4,,1.95,1.95,,,,1.45,1.95,0.45,,,,1.95,0.95,,,,,,0.45,,0.4,0.45,,,,,1.95,0.95,,,,,0.45,0.95,0.4,,,,0.4,1.95,1.95,,1.95,,,,,,0.4,,,,,3.95,3.95,1.95,1.95,2.95,1.95,1.95,1.95,1.95,1.95,1.95,2.95,,,1.95,,,0.4,7.95,7.95,,3.95,1.95,,,,,,,0.4,1.95,,0.4,3.95,,,7.95,,0.4,0.4,0.4,0.45,0.4,0.45,0.45,0.95,1.95,1.95,1.95,0.45,0.45,,,,,,,,,,1.95,1.95,1.95,1.95,1.95,1.95,,,,1.95,1.95,0.95,,,3.95,3.95,,0.45,0.45,0.45,1.95,1.95,1.95,1.95,1.95,1.95,,,1.95,,,,,0.45,,,,1.95,,,,1.95,0.4,0.4,1.95,,,,0.95,1.95,,0.45,0.45,1.95
118,10259340,,3.95,,,,,0.95,0.45,,,,3.95,3.95,,3.95,7.95,7.95,,,,,,,,,3.95,,1.95,0.45,,,0.4,,1.95,1.95,,,,1.45,1.95,0.45,,,,1.95,0.95,,,,,,0.45,,0.4,0.45,,,,,1.95,0.95,,,,,0.45,0.95,0.4,,,,0.4,1.95,1.95,,1.95,,,,,,0.4,,,,,3.95,3.95,1.95,1.95,2.95,1.95,1.95,1.95,1.95,1.95,1.95,2.95,,,1.95,,,0.4,7.95,7.95,,3.95,1.95,,,,,,,0.4,1.95,,0.4,3.95,,,7.95,,0.4,0.4,0.4,0.45,0.4,0.45,0.45,0.95,1.95,1.95,1.95,0.45,0.45,,,,,,,,,,1.95,1.95,1.95,1.95,1.95,1.95,,,,1.95,1.95,0.95,,,3.95,3.95,,0.45,0.45,0.45,1.95,1.95,1.95,1.95,1.95,1.95,,,1.95,,,,,0.45,,,,1.95,,,,1.95,0.4,0.4,1.95,,,,0.95,1.95,,0.45,0.45,1.95
118,10259400,,3.95,,,,,0.95,0.45,,,,3.95,3.95,,3.95,7.95,7.95,,,,,,,,,3.95,,1.95,0.45,,,0.4,,1.95,1.95,,,,1.45,1.95,0.45,,,,1.95,0.95,,,,,,0.45,,0.4,0.45,,,,,1.95,0.95,,,,,0.45,0.95,0.4,,,,0.4,1.95,1.95,,1.95,,,,,,0.4,,,,,3.95,3.95,1.95,1.95,2.95,1.95,1.95,1.95,1.95,1.95,1.95,2.95,,,1.95,,,0.4,7.95,7.95,,3.95,1.95,,,,,,,0.4,1.95,,0.4,3.95,,,7.95,,0.4,0.4,0.4,0.45,0.4,0.45,0.45,0.95,1.95,1.95,1.95,0.45,0.45,,,,,,,,,,1.95,1.95,1.95,1.95,1.95,1.95,,,,1.95,1.95,0.95,,,3.95,3.95,,0.45,0.45,0.45,1.95,1.95,1.95,1.95,1.95,1.95,,,1.95,,,,,0.45,,,,1.95,,,,1.95,0.4,0.4,1.95,,,,0.95,1.95,,0.45,0.45,1.95
118,10259460,,3.95,,,,,0.95,0.45,,,,3.95,3.95,,3.95,7.95,7.95,,,,,,,,,3.95,,1.95,0.45,,,0.4,,1.95,1.95,,,,1.45,1.95,0.45,,,,1.95,0.95,,,,,,0.45,,0.4,0.45,,,,,1.95,0.95,,,,,0.45,0.95,0.4,,,,0.4,1.95,1.95,,1.95,,,,,,0.4,,,,,3.95,3.95,1.95,1.95,2.95,1.95,1.95,1.95,1.95,1.95,1.95,2.95,,,1.95,,,0.4,7.95,7.95,,3.95,1.95,,,,,,,0.4,1.95,,0.4,3.95,,,7.95,,0.4,0.4,0.4,0.45,0.4,0.45,0.45,0.95,1.95,1.95,1.95,0.45,0.45,,,,,,,,,,1.95,1.95,1.95,1.95,1.95,1.95,,,,1.95,1.95,0.95,,,3.95,3.95,,0.45,0.45,0.45,1.95,1.95,1.95,1.95,1.95,1.95,,,1.95,,,,,0.45,,,,1.95,,,,1.95,0.4,0.4,1.95,,,,0.95,1.95,,0.45,0.45,1.95
118,10259520,,3.95,,,,,0.95,0.45,,,,3.95,3.95,,3.95,7.95,7.95,,,,,,,,,3.95,,1.95,0.45,,,0.4,,1.95,1.95,,,,1.45,1.95,0.45,,,,1.95,0.95,,,,,,0.45,,0.4,0.45,,,,,1.95,0.95,,,,,0.45,0.95,0.4,,,,0.4,1.95,1.95,,1.95,,,,,,0.4,,,,,3.95,3.95,1.95,1.95,2.95,1.95,1.95,1.95,1.95,1.95,1.95,2.95,,,1.95,,,0.4,7.95,7.95,,3.95,1.95,,,,,,,0.4,1.95,,0.4,3.95,,,7.95,,0.4,0.4,0.4,0.45,0.4,0.45,0.45,0.95,1.95,1.95,1.95,0.45,0.45,,,,,,,,,,1.95,1.95,1.95,1.95,1.95,1.95,,,,1.95,1.95,0.95,,,3.95,3.95,,0.45,0.45,0.45,1.95,1.95,1.95,1.95,1.95,1.95,,,1.95,,,,,0.45,,,,1.95,,,,1.95,0.4,0.4,1.95,,,,0.95,1.95,,0.45,0.45,1.95
118,10259580,,3.95,,,,,0.95,0.45,,,,3.95,3.95,,3.95,7.95,7.95,,,,,,,,,3.95,,1.95,0.45,,,0.4,,1.95,1.95,,,,1.45,1.95,0.45,,,,1.95,0.95,,,,,,0.45,,0.4,0.45,,,,,1.95,0.95,,,,,0.45,0.95,0.4,,,,0.4,1.95,1.95,,1.95,,,,,,0.4,,,,,3.95,3.95,1.95,1.95,2.95,1.95,1.95,1.95,1.95,1.95,1.95,2.95,,,1.95,,,0.4,7.95,7.95,,3.95,1.95,,,,,,,0.4,1.95,,0.4,3.95,,,7.95,,0.4,0.4,0.4,0.45,0.4,0.45,0.45,0.95,1.95,1.95,1.95,0.45,0.45,,,,,,,,,,1.95,1.95,1.95,1.95,1.95,1.95,,,,1.95,1.95,0.95,,,3.95,3.95,,0.45,0.45,0.45,1.95,1.95,1.95,1.95,1.95,1.95,,,1.95,,,,,0.45,,,,1.95,,,,1.95,0.4,0.4,1.95,,,,0.95,1.95,,0.45,0.45,1.95
118,10259640,,3.95,,,,,0.95,0.45,,,,3.95,3.95,,3.95,7.95,7.95,,,,,,,,,3.95,,1.95,0.45,,,0.4,,1.95,1.95,,,,1.45,1.95,0.45,,,,1.95,0.95,,,,,,0.45,,0.4,0.45,,,,,1.95,0.95,,,,,0.45,0.95,0.4,,,,0.4,1.95,1.95,,1.95,,,,,,0.4,,,,,5.95,3.95,1.95,1.95,2.95,1.95,1.95,1.95,1.95,1.95,1.95,2.95,,,1.95,,,0.4,7.95,7.95,,3.95,1.95,,,,,,,0.4,1.95,,0.4,3.95,,,7.95,,0.4,0.4,0.4,0.45,0.4,0.45,0.45,0.95,1.95,1.95,1.95,0.45,0.45,,,,,,,,,,1.95,1.95,1.95,1.95,1.95,1.95,,,,1.95,1.95,0.95,,,3.95,3.95,,0.45,0.45,0.45,1.95,1.95,1.95,1.95,1.95,1.95,,,1.95,,,,,0.45,,,,1.95,,,,1.95,0.4,0.4,1.95,,,,0.95,1.95,,0.45,0.45,1.95
118,10259700,,3.95,,,,,0.95,0.45,,,,3.95,3.95,,3.95,7.95,7.95,,,,,,,,,3.95,,1.95,0.45,,,0.4,,1.95,1.95,,,,1.45,1.95,0.45,,,,1.95,0.95,,,,,,0.45,,0.4,0.45,,,,,1.95,0.95,,,,,0.45,0.95,0.4,,,,0.4,1.95,1.95,,1.95,,,,,,0.4,,,,,5.95,3.95,1.95,1.95,2.95,1.95,1.95,1.95,1.95,1.95,1.95,2.95,,,1.95,,,0.4,7.95,7.95,,3.95,1.95,,,,,,,0.4,1.95,,0.4,3.95,,,7.95,,0.4,0.4,0.4,0.45,0.4,0.45,0.45,0.95,1.95,1.95,1.95,0.45,0.45,,,,,,,,,,1.95,1.95,1.95,1.95,1.95,1.95,,,,1.95,1.95,0.95,,,3.95,3.95,,0.45,0.45,0.45,1.95,1.95,1.95,1.95,1.95,1.95,,,1.95,,,,,0.45,,,,1.95,,,,1.95,0.4,0.4,1.95,,,,0.95,1.95,,0.45,0.45,1.95
118,10259760,,3.95,,,,,0.95,0.45,,,,3.95,3.95,,3.95,7.95,7.95,,,,,,,,,3.95,,1.95,0.45,,,0.4,,1.95,1.95,,,,1.45,1.95,0.45,,,,1.95,0.95,,,,,,0.45,,0.4,0.45,,,,,1.95,0.95,,,,,0.45,0.95,0.4,,,,0.4,1.95,1.95,,1.95,,,,,,0.4,,,,,5.95,3.95,1.95,1.95,2.95,1.95,1.95,1.95,1.95,1.95,1.95,2.95,,,1.95,,,0.4,7.95,7.95,,3.95,1.95,,,,,,,0.4,1.95,,0.4,3.95,,,7.95,,0.4,0.4,0.4,0.45,0.4,0.45,0.45,0.95,1.95,1.95,1.95,0.45,0.45,,,,,,,,,,1.95,1.95,1.95,1.95,1.95,1.95,,,,1.95,1.95,0.95,,,3.95,3.95,,0.45,0.45,0.45,1.95,1.95,1.95,1.95,1.95,1.95,,,1.95,,,,,0.45,,,,1.95,,,,1.95,0.4,0.4,1.95,,,,0.95,1.95,,0.45,0.45,1.95
118,10259820,,3.95,,,,,0.95,0.45,,,,3.95,3.95,,3.95,7.95,7.95,,,,,,,,,3.95,,1.95,0.45,,,0.4,,1.95,1.95,,,,1.45,1.95,0.45,,,,1.95,0.95,,,,,,0.45,,0.4,0.45,,,,,1.95,0.95,,,,,0.45,0.95,0.4,,,,0.4,1.95,1.95,,1.95,,,,,,0.4,,,,,5.95,3.95,1.95,1.95,2.95,1.95,1.95,1.95,1.95,1.95,1.95,2.95,,,1.95,,,0.4,7.95,7.95,,3.95,1.95,,,,,,,0.4,1.95,,0.4,3.95,,,7.95,,0.4,0.4,0.4,0.45,0.4,0.45,0.45,0.95,1.95,1.95,1.95,0.45,0.45,,,,,,,,,,1.95,1.95,1.95,1.95,1.95,1.95,,,,1.95,1.95,0.95,,,3.95,3.95,,0.45,0.45,0.45,1.95,1.95,1.95,1.95,1.95,1.95,,,1.95,,,,,0.45,,,,1.95,,,,1.95,0.4,0.4,1.95,,,,0.95,1.95,,0.45,0.45,1.95
118,10259880,,3.95,,,,,0.95,0.45,,,,3.95,3.95,,3.95,7.95,7.95,,,,,,,,,3.95,,1.95,0.45,,,0.4,,1.95,1.95,,,,1.45,1.95,0.45,,,,1.95,0.95,,,,,,0.45,,0.4,0.45,,,,,1.95,0.95,,,,,0.45,0.95,0.4,,,,0.4,1.95,1.95,,1.95,,,,,,0.4,,,,,5.95,3.95,1.95,1.95,2.95,1.95,1.95,1.95,1.95,1.95,1.95,2.95,,,1.95,,,0.4,7.95,7.95,,3.95,1.95,,,,,,,0.4,1.95,,0.4,3.95,,,7.95,,0.4,0.4,0.4,0.45,0.4,0.45,0.45,0.95,1.95,1.95,1.95,0.45,0.45,,,,,,,,,,1.95,1.95,1.95,1.95,1.95,1.95,,,,1.95,1.95,0.95,,,3.95,3.95,,0.45,0.45,0.45,1.95,1.95,1.95,1.95,1.95,1.95,,,1.95,,,,,0.45,,,,1.95,,,,1.95,0.4,0.4,1.95,,,,0.95,1.95,,0.45,0.45,1.95
118,10259940,,3.95,,,,,0.95,0.45,,,,3.95,3.95,,3.95,7.95,7.95,,,,,,,,,3.95,,1.95,0.45,,,0.4,,1.95,1.95,,,,1.45,1.95,0.45,,,,1.95,0.95,,,,,,0.45,,0.4,0.45,,,,,1.95,0.95,,,,,0.45,0.95,0.4,,,,0.4,1.95,1.95,,1.95,,,,,,0.4,,,,,4.95,3.95,1.95,1.95,2.95,1.95,1.95,1.95,1.95,1.95,1.95,2.95,,,1.95,,,0.4,7.95,7.95,,3.95,1.95,,,,,,,0.4,1.95,,0.4,3.95,,,7.95,,0.4,0.4,0.4,0.45,0.4,0.45,0.45,0.95,1.95,1.95,1.95,0.45,0.45,,,,,,,,,,1.95,1.95,1.95,1.95,1.95,1.95,,,,1.95,1.95,0.95,,,3.95,3.95,,0.45,0.45,0.45,1.95,1.95,1.95,1.95,1.95,1.95,,,1.95,,,,,0.45,,,,1.95,,,,1.95,0.4,0.4,1.95,,,,0.95,1.95,,0.45,0.45,1.95
118,10260000,,3.95,,,,,0.95,0.45,,,,3.95,3.95,,3.95,7.95,7.95,,,,,,,,,3.95,,1.95,0.45,,,0.4,,1.95,1.95,,,,1.617,1.95,0.45,,,,1.95,0.95,,,,,,0.45,,0.4,0.45,,,,,1.95,0.95,,,,,0.45,0.95,0.4,,,,0.4,1.95,1.95,,1.95,,,,,,0.4,,,,,3.95,3.95,1.95,1.95,2.95,1.95,1.95,1.95,1.95,1.95,1.95,2.95,,,1.95,,,0.4,7.95,7.95,,3.95,1.95,,,,,,,0.4,1.95,,0.4,3.95,,,7.95,,0.4,0.4,0.4,0.45,0.4,0.45,0.45,0.95,1.95,1.95,1.95,0.45,0.45,,,,,,,,,,1.95,1.95,1.95,1.95,1.95,1.95,,,,1.95,1.95,0.95,,,3.95,3.95,,0.45,0.45,0.45,1.95,1.95,1.95,1.95,1.95,1.95,,,1.95,,,,,0.45,,,,1.95,,,,1.95,0.4,0.4,1.95,,,,0.95,1.95,,0.45,0.45,1.95
118,10260060,,3.95,,,,,0.95,0.45,,,,3.95,3.95,,3.95,7.95,7.95,,,,,,,,,3.95,,1.95,0.45,,,0.4,,1.95,1.95,,,,1.45,1.95,0.45,,,,1.95,0.95,,,,,,0.45,,0.4,0.45,,,,,1.95,0.95,,,,,0.45,0.95,0.4,,,,0.4,1.95,1.95,,1.95,,,,,,0.4,,,,,3.95,3.95,1.95,1.95,2.95,1.95,1.95,1.95,1.95,1.95,1.95,2.95,,,1.95,,,0.4,7.95,7.95,,3.95,1.95,,,,,,,0.4,1.95,,0.4,3.95,,,7.95,,0.4,0.4,0.4,0.45,0.4,0.45,0.45,0.95,1.95,1.95,1.95,0.45,0.45,,,,,,,,,,1.95,1.95,1.95,1.95,1.95,1.95,,,,1.95,1.95,0.95,,,3.95,3.95,,0.45,0.45,0.45,1.95,1.95,1.95,1.95,1.95,1.95,,,1.95,,,,,0.45,,,,1.95,,,,1.95,0.4,0.4,1.95,,,,0.95,1.95,,0.95,0.45,1.95
118,10260120,,3.95,,,,,0.95,0.45,,,,3.95,3.95,,3.95,7.95,7.95,,,,,,,,,3.95,,1.95,0.45,,,0.4,,1.95,1.95,,,,1.617,1.95,0.45,,,,1.95,0.95,,,,,,0.45,,0.4,0.45,,,,,1.95,0.95,,,,,0.45,0.95,0.4,,,,0.4,1.95,1.95,,1.95,,,,,,0.4,,,,,3.95,3.95,1.95,1.95,2.95,1.95,1.95,1.95,1.95,1.95,1.95,2.95,,,1.95,,,0.4,7.95,7.95,,3.95,1.95,,,,,,,0.4,1.95,,0.4,3.95,,,7.95,,0.4,0.4,0.4,0.45,0.4,0.45,0.45,0.95,1.95,1.95,1.95,0.45,0.45,,,,,,,,,,1.95,1.95,1.95,1.95,1.95,1.95,,,,1.95,1.95,0.95,,,3.95,3.95,,0.45,0.45,0.45,1.95,1.95,1.95,1.95,1.95,1.95,,,1.95,,,,,0.45,,,,1.95,,,,1.95,0.4,0.4,1.95,,,,0.95,1.95,,0.95,0.45,1.95
118,10260180,,3.95,,,,,0.95,0.45,,,,3.95,3.95,,3.95,7.95,7.95,,,,,,,,,3.95,,1.95,0.45,,,0.4,,1.95,1.95,,,,1.283,1.95,0.45,,,,1.95,0.95,,,,,,0.45,,0.4,0.45,,,,,1.95,0.95,,,,,0.45,0.95,0.4,,,,0.4,1.95,1.95,,1.95,,,,,,0.4,,,,,3.95,3.95,1.95,1.95,2.95,1.95,1.95,1.95,1.95,1.95,1.95,2.95,,,1.95,,,0.4,7.95,7.95,,3.95,1.95,,,,,,,0.4,1.95,,0.4,3.95,,,7.95,,0.4,0.4,0.4,0.45,0.4,0.45,0.45,0.95,1.95,1.95,1.95,0.45,0.45,,,,,,,,,,1.95,1.95,1.95,1.95,1.95,1.95,,,,1.95,1.95,0.95,,,3.95,3.95,,0.45,0.45,0.45,1.95,1.95,1.95,1.95,1.95,1.95,,,1.95,,,,,0.45,,,,1.95,,,,1.95,0.4,0.4,1.95,,,,0.95,1.95,,1.2,0.45,1.95
118,10260240,,3.95,,,,,0.95,0.45,,,,3.95,3.95,,3.95,7.95,7.95,,,,,,,,,3.95,,1.95,0.45,,,0.4,,1.95,1.95,,,,1.283,1.95,0.45,,,,1.95,0.95,,,,,,0.45,,0.4,0.45,,,,,1.95,0.95,,,,,0.45,0.95,0.4,,,,0.4,1.95,1.95,,1.95,,,,,,0.4,,,,,3.95,3.95,1.95,1.95,2.95,1.95,1.95,1.95,1.95,1.95,1.95,2.95,,,1.95,,,0.4,7.95,7.95,,3.95,1.95,,,,,,,0.4,1.95,,0.4,3.95,,,7.95,,0.4,0.4,0.4,0.45,0.4,0.45,0.45,0.95,1.95,1.95,1.95,0.45,0.45,,,,,,,,,,1.95,1.95,1.95,1.95,1.95,1.95,,,,1.95,1.95,0.95,,,3.95,3.95,,0.45,0.45,0.45,1.95,1.95,1.95,1.95,1.95,1.95,,,1.95,,,,,0.45,,,,1.95,,,,1.95,0.4,0.4,1.95,,,,0.95,1.95,,1.2,0.45,1.95
118,10260300,,3.95,,,,,0.95,0.45,,,,3.95,3.95,,3.95,7.95,7.95,,,,,,,,,3.95,,1.95,0.45,,,0.4,,1.95,1.95,,,,1.45,1.95,0.45,,,,1.95,0.95,,,,,,0.45,,0.4,0.45,,,,,1.95,0.95,,,,,0.45,0.95,0.4,,,,0.4,1.95,1.95,,1.95,,,,,,0.4,,,,,3.95,3.95,1.95,1.95,2.95,1.95,1.95,1.95,1.95,1.95,1.95,2.95,,,1.95,,,0.4,7.95,7.95,,3.95,1.95,,,,,,,0.4,1.95,,0.4,3.95,,,7.95,,0.4,0.4,0.4,0.45,0.4,0.45,0.45,0.95,1.95,1.95,1.95,0.45,0.45,,,,,,,,,,1.95,1.95,1.95,1.95,1.95,1.95,,,,1.95,1.95,0.95,,,3.95,3.95,,0.45,0.45,0.45,1.95,1.95,1.95,1.95,1.95,1.95,,,1.95,,,,,0.45,,,,1.95,,,,1.95,0.4,0.4,1.95,,,,0.95,1.95,,0.95,0.45,1.95
118,10260360,,3.95,,,,,0.95,0.45,,,,3.95,3.95,,3.95,7.95,7.95,,,,,,,,,3.95,,1.95,0.45,,,0.4,,1.95,1.95,,,,1.45,1.95,0.45,,,,1.95,0.95,,,,,,0.45,,0.4,0.45,,,,,1.95,0.95,,,,,0.45,0.95,0.4,,,,0.4,1.95,1.95,,1.95,,,,,,0.4,,,,,3.95,3.95,1.95,1.95,2.95,1.95,1.95,1.95,1.95,1.95,1.95,2.95,,,1.95,,,0.4,7.95,7.95,,3.95,1.95,,,,,,,0.4,1.95,,0.4,3.95,,,7.95,,0.4,0.4,0.4,0.45,0.4,0.45,0.45,0.95,1.95,1.95,1.95,0.45,0.45,,,,,,,,,,1.95,1.95,1.95,1.95,1.95,1.95,,,,1.95,1.95,0.95,,,3.95,3.95,,0.45,0.45,0.45,1.95,1.95,1.95,1.95,1.95,1.95,,,1.95,,,,,0.45,,,,1.95,,,,1.95,0.4,0.4,1.95,,,,0.95,1.95,,0.95,0.45,1.95
118,10260420,,3.95,,,,,0.95,0.45,,,,3.95,3.95,,3.95,7.95,7.95,,,,,,,,,3.95,,1.95,0.45,,,0.4,,1.95,1.95,,,,1.283,1.95,0.45,,,,1.95,0.95,,,,,,0.45,,0.4,0.45,,,,,1.95,0.95,,,,,0.45,0.95,0.4,,,,0.4,1.95,1.95,,1.95,,,,,,0.4,,,,,3.95,3.95,1.95,1.95,2.95,1.95,1.95,1.95,1.95,1.95,1.95,2.95,,,1.95,,,0.4,7.95,7.95,,3.95,1.95,,,,,,,0.4,1.95,,0.4,3.95,,,7.95,,0.4,0.4,0.4,0.45,0.4,0.45,0.45,0.95,1.95,1.95,1.95,0.45,0.45,,,,,,,,,,1.95,1.95,1.95,1.95,1.95,1.95,,,,1.95,1.95,0.95,,,3.95,3.95,,0.45,0.45,0.45,1.95,1.95,1.95,1.95,1.95,1.95,,,1.95,,,,,0.45,,,,1.95,,,,1.95,0.4,0.4,1.95,,,,0.95,1.95,,0.95,0.45,1.95
118,10260480,,3.95,,,,,0.95,0.45,,,,3.95,3.95,,3.95,7.95,7.95,,,,,,,,,3.95,,1.95,0.45,,,0.4,,1.95,1.95,,,,1.45,1.95,0.45,,,,1.95,0.95,,,,,,0.45,,0.4,0.45,,,,,1.95,0.95,,,,,0.45,0.95,0.4,,,,0.4,1.95,1.95,,1.95,,,,,,0.4,,,,,3.95,3.95,1.95,1.95,2.95,1.95,1.95,1.95,1.95,1.95,1.95,2.95,,,1.95,,,0.4,7.95,7.95,,3.95,1.95,,,,,,,0.4,1.95,,0.4,3.95,,,7.95,,0.4,0.4,0.4,0.45,0.4,0.45,0.45,0.95,1.95,1.95,1.95,0.45,0.45,,,,,,,,,,1.95,1.95,1.95,1.95,1.95,1.95,,,,1.95,1.95,0.95,,,3.95,3.95,,0.45,0.45,0.45,1.95,1.95,1.95,1.95,1.95,1.95,,,1.95,,,,,0.45,,,,1.95,,,,1.95,0.4,0.4,1.95,,,,0.95,1.95,,0.95,0.45,1.95
118,10260540,,3.95,,,,,0.95,0.45,,,,3.95,3.95,,3.95,7.95,7.95,,,,,,,,,3.95,,1.95,0.45,,,0.4,,1.95,1.95,,,,1.45,1.95,0.45,,,,1.95,0.95,,,,,,0.45,,0.4,0.45,,,,,1.95,0.95,,,,,0.45,0.95,0.4,,,,0.4,1.95,1.95,,1.95,,,,,,0.4,,,,,3.95,3.95,1.95,1.95,2.95,1.95,1.95,1.95,1.95,1.95,1.95,2.95,,,1.95,,,0.4,7.95,7.95,,3.95,1.95,,,,,,,0.4,1.95,,0.4,3.95,,,7.95,,0.4,0.4,0.4,0.45,0.4,0.45,0.45,0.95,1.95,1.95,1.95,0.45,0.45,,,,,,,,,,1.95,1.95,1.95,1.95,1.95,1.95,,,,1.95,1.95,0.95,,,3.95,3.95,,0.45,0.45,0.45,1.95,1.95,1.95,1.95,1.95,1.95,,,1.95,,,,,0.45,,,,1.95,,,,1.95,0.4,0.4,1.95,,,,0.95,1.95,,0.95,0.45,1.95
118,10260600,,3.95,,,,,0.95,0.45,,,,3.95,3.95,,3.95,7.95,7.95,,,,,,,,,3.95,,1.95,0.45,,,0.4,,1.95,1.95,,,,1.45,1.95,0.45,,,,1.95,0.95,,,,,,0.45,,0.4,0.45,,,,,1.95,0.95,,,,,0.45,0.95,0.4,,,,0.4,1.95,1.95,,1.95,,,,,,0.4,,,,,3.95,3.95,1.95,1.95,2.95,1.95,1.95,1.95,1.95,1.95,1.95,2.95,,,1.95,,,0.4,7.95,7.95,,3.95,1.95,,,,,,,0.4,1.95,,0.4,3.95,,,7.95,,0.4,0.4,0.4,0.45,0.4,0.45,0.45,0.95,1.95,1.95,1.95,0.45,0.45,,,,,,,,,,1.95,1.95,1.95,1.95,1.95,1.95,,,,1.95,1.95,0.95,,,3.95,3.95,,0.45,0.45,0.45,1.95,1.95,1.95,1.95,1.95,1.95,,,1.95,,,,,0.45,,,,1.95,,,,1.95,0.4,0.4,1.95,,,,0.95,1.95,,0.95,0.45,1.95
118,10260660,,3.95,,,,,0.95,0.45,,,,3.95,3.95,,3.95,7.95,7.95,,,,,,,,,3.95,,1.95,0.45,,,0.4,,1.95,1.95,,,,1.45,1.95,0.45,,,,1.95,0.95,,,,,,0.45,,0.4,0.45,,,,,1.95,0.95,,,,,0.45,0.95,0.4,,,,0.4,1.95,1.95,,1.95,,,,,,0.4,,,,,3.95,3.95,1.95,1.95,2.95,1.95,1.95,1.95,1.95,1.95,1.95,2.95,,,1.95,,,0.4,7.95,7.95,,3.95,1.95,,,,,,,0.4,1.95,,0.4,3.95,,,7.95,,0.4,0.4,0.4,0.45,0.4,0.45,0.45,0.95,1.95,1.95,1.95,0.45,0.45,,,,,,,,,,1.95,1.95,1.95,1.95,1.95,1.95,,,,1.95,1.95,0.95,,,3.95,3.95,,0.45,0.45,0.45,1.95,1.95,1.95,1.95,1.95,1.95,,,1.95,,,,,0.45,,,,1.95,,,,1.95,0.4,0.4,1.95,,,,0.95,1.95,,1.2,0.45,1.95
118,10260720,,3.95,,,,,0.95,0.45,,,,3.95,3.95,,3.95,7.95,7.95,,,,,,,,,3.95,,1.95,0.45,,,0.4,,1.95,1.95,,,,1.45,1.95,0.45,,,,1.95,0.95,,,,,,0.45,,0.4,0.45,,,,,1.95,0.95,,,,,0.45,0.95,0.4,,,,0.4,1.95,1.95,,1.95,,,,,,0.4,,,,,3.95,3.95,1.95,1.95,2.95,1.95,1.95,1.95,1.95,1.95,1.95,2.95,,,1.95,,,0.4,7.95,7.95,,3.95,1.95,,,,,,,0.4,1.95,,0.4,3.95,,,7.95,,0.4,0.4,0.4,0.45,0.4,0.45,0.45,0.95,1.95,1.95,1.95,0.45,0.45,,,,,,,,,,1.95,1.95,1.95,1.95,1.95,1.95,,,,1.95,1.95,0.95,,,3.95,3.95,,0.45,0.45,0.45,1.95,1.95,1.95,1.95,1.95,1.95,,,1.95,,,,,0.45,,,,1.95,,,,1.95,0.4,0.4,1.95,,,,0.95,1.95,,0.95,0.45,1.95
118,10260780,,3.95,,,,,0.95,0.45,,,,3.95,3.95,,3.95,7.95,7.95,,,,,,,,,3.95,,1.95,0.45,,,0.4,,1.95,1.95,,,,1.45,1.95,0.45,,,,1.95,0.95,,,,,,0.45,,0.4,0.45,,,,,1.95,0.95,,,,,0.45,0.95,0.4,,,,0.4,1.95,1.95,,1.95,,,,,,0.4,,,,,3.95,3.95,1.95,1.95,2.95,1.95,1.95,1.95,1.95,1.95,1.95,2.95,,,1.95,,,0.4,7.95,7.95,,3.95,1.95,,,,,,,0.4,1.95,,0.4,3.95,,,7.95,,0.4,0.4,0.4,0.45,0.4,0.45,0.45,0.95,1.95,1.95,1.95,0.45,0.45,,,,,,,,,,1.95,1.95,1.95,1.95,1.95,1.95,,,,1.95,1.95,0.95,,,3.95,3.95,,0.45,0.45,0.45,1.95,1.95,1.95,1.95,1.95,1.95,,,1.95,,,,,0.45,,,,1.95,,,,1.95,0.4,0.4,1.95,,,,0.95,1.95,,0.95,0.45,1.95
118,10260840,,3.95,,,,,0.95,0.45,,,,3.95,3.95,,3.95,7.95,7.95,,,,,,,,,3.95,,1.95,0.45,,,0.4,,1.95,1.95,,,,1.45,1.95,0.45,,,,1.95,0.95,,,,,,0.45,,0.4,0.45,,,,,1.95,0.95,,,,,0.45,0.95,0.4,,,,0.4,1.95,1.95,,1.95,,,,,,0.4,,,,,3.95,3.95,1.95,1.95,2.95,1.95,1.95,1.95,1.95,1.95,1.95,2.95,,,1.95,,,0.4,7.95,7.95,,3.95,1.95,,,,,,,0.4,1.95,,0.4,3.95,,,7.95,,0.4,0.4,0.4,0.45,0.4,0.45,0.45,0.95,1.95,1.95,1.95,0.45,0.45,,,,,,,,,,1.95,1.95,1.95,1.95,1.95,1.95,,,,1.95,1.95,0.95,,,3.95,3.95,,0.45,0.45,0.45,1.95,1.95,1.95,1.95,1.95,1.95,,,1.95,,,,,0.45,,,,1.95,,,,1.95,0.4,0.4,1.95,,,,0.95,1.95,,1.2,0.45,1.95
118,10260900,,3.95,,,,,0.95,0.45,,,,3.95,3.95,,3.95,7.95,7.95,,,,,,,,,3.95,,1.95,0.45,,,0.4,,1.95,1.95,,,,1.45,1.95,0.45,,,,1.95,0.95,,,,,,0.45,,0.4,0.45,,,,,1.95,0.95,,,,,0.45,0.95,0.4,,,,0.4,1.95,1.95,,1.95,,,,,,0.4,,,,,3.95,3.95,1.95,1.95,2.95,1.95,1.95,1.95,1.95,1.95,1.95,2.95,,,1.95,,,0.4,7.95,7.95,,3.95,1.95,,,,,,,0.4,1.95,,0.4,3.95,,,7.95,,0.4,0.4,0.4,0.45,0.4,0.45,0.45,0.95,1.95,1.95,1.95,0.45,0.45,,,,,,,,,,1.95,1.95,1.95,1.95,1.95,1.95,,,,1.95,1.95,0.95,,,3.95,3.95,,0.45,0.45,0.45,1.95,1.95,1.95,1.95,1.95,1.95,,,1.95,,,,,0.45,,,,1.95,,,,1.95,0.4,0.4,1.95,,,,0.95,1.95,,1.2,0.45,1.95
118,10260960,,3.95,,,,,0.95,0.45,,,,3.95,3.95,,3.95,7.95,7.95,,,,,,,,,3.95,,1.95,0.45,,,0.4,,1.95,1.95,,,,1.617,1.95,0.45,,,,1.95,0.95,,,,,,0.45,,0.4,0.45,,,,,1.95,0.95,,,,,0.45,0.95,0.4,,,,0.4,1.95,1.95,,1.95,,,,,,0.4,,,,,3.95,3.95,1.95,1.95,2.95,1.95,1.95,1.95,1.95,1.95,1.95,2.95,,,1.95,,,0.4,7.95,7.95,,3.95,1.95,,,,,,,0.4,1.95,,0.4,3.95,,,7.95,,0.4,0.4,0.4,0.45,0.4,0.45,0.45,0.95,1.95,1.95,1.95,0.45,0.45,,,,,,,,,,1.95,1.95,1.95,1.95,1.95,1.95,,,,1.95,1.95,0.95,,,3.95,3.95,,0.45,0.45,0.45,1.95,1.95,1.95,1.95,1.95,1.95,,,1.95,,,,,0.45,,,,1.95,,,,1.95,0.4,0.4,1.95,,,,0.95,1.95,,0.95,0.45,1.95
118,10261020,,3.95,,,,,0.95,0.45,,,,3.95,3.95,,3.95,7.95,7.95,,,,,,,,,3.95,,1.95,0.45,,,0.4,,1.95,1.95,,,,1.617,1.95,0.45,,,,1.95,0.95,,,,,,0.45,,0.4,0.45,,,,,1.95,0.95,,,,,0.45,0.95,0.4,,,,0.4,1.95,1.95,,1.95,,,,,,0.4,,,,,3.95,3.95,1.95,1.95,2.95,1.95,1.95,1.95,1.95,1.95,1.95,2.95,,,1.95,,,0.4,7.95,7.95,,3.95,1.95,,,,,,,0.4,1.95,,0.4,3.95,,,7.95,,0.4,0.4,0.4,0.45,0.4,0.45,0.45,0.95,1.95,1.95,1.95,0.45,0.45,,,,,,,,,,1.95,1.95,1.95,1.95,1.95,1.95,,,,1.95,1.95,0.95,,,3.95,3.95,,0.45,0.45,0.45,1.95,1.95,1.95,1.95,1.95,1.95,,,1.95,,,,,0.45,,,,1.95,,,,1.95,0.4,0.4,1.95,,,,0.95,1.95,,1.2,0.45,1.95
118,10261080,,3.95,,,,,0.95,0.45,,,,3.95,3.95,,3.95,7.95,7.95,,,,,,,,,3.95,,1.95,0.45,,,0.4,,1.95,1.95,,,,1.45,1.95,0.45,,,,1.95,0.95,,,,,,0.45,,0.4,0.45,,,,,1.95,0.95,,,,,0.45,0.95,0.4,,,,0.4,1.95,1.95,,1.95,,,,,,0.4,,,,,3.95,3.95,1.95,1.95,2.95,1.95,1.95,1.95,1.95,1.95,1.95,2.95,,,1.95,,,0.4,7.95,7.95,,3.95,1.95,,,,,,,0.4,1.95,,0.4,3.95,,,7.95,,0.4,0.4,0.4,0.45,0.4,0.45,0.45,0.95,1.95,1.95,1.95,0.45,0.45,,,,,,,,,,1.95,1.95,1.95,1.95,1.95,1.95,,,,1.95,1.95,0.95,,,3.95,3.95,,0.45,0.45,0.45,1.95,1.95,1.95,1.95,1.95,1.95,,,1.95,,,,,0.45,,,,1.95,,,,1.95,0.4,0.4,1.95,,,,0.95,1.95,,0.95,0.45,1.95
118,10261140,,3.95,,,,,0.95,0.45,,,,3.95,3.95,,3.95,7.95,7.95,,,,,,,,,3.95,,1.95,0.45,,,0.4,,1.95,1.95,,,,1.45,1.95,0.45,,,,1.95,0.95,,,,,,0.45,,0.4,0.45,,,,,1.95,0.95,,,,,0.45,0.95,0.4,,,,0.4,1.95,1.95,,1.95,,,,,,0.4,,,,,3.95,3.95,1.95,1.95,2.95,1.95,1.95,1.95,1.95,1.95,1.95,2.95,,,1.95,,,0.4,7.95,7.95,,3.95,1.95,,,,,,,0.4,1.95,,0.4,3.95,,,7.95,,0.4,0.4,0.4,0.45,0.4,0.45,0.45,0.95,1.95,1.95,1.95,0.45,0.45,,,,,,,,,,1.95,1.95,1.95,1.95,1.95,1.95,,,,1.95,1.95,0.95,,,3.95,3.95,,0.45,0.45,0.45,1.95,1.95,1.95,1.95,1.95,1.95,,,1.95,,,,,0.45,,,,1.95,,,,1.95,0.4,0.4,1.95,,,,0.95,1.95,,0.95,0.45,1.95
118,10261200,,3.95,,,,,0.95,0.45,,,,3.95,3.95,,3.95,7.95,7.95,,,,,,,,,3.95,,1.95,0.45,,,0.4,,1.95,1.95,,,,1.45,1.95,0.45,,,,1.95,0.95,,,,,,0.45,,0.4,0.45,,,,,1.95,0.95,,,,,0.45,0.95,0.4,,,,0.4,1.95,1.95,,1.95,,,,,,0.4,,,,,3.95,3.95,1.95,1.95,2.95,1.95,1.95,1.95,1.95,1.95,1.95,2.95,,,1.95,,,0.4,7.95,7.95,,3.95,1.95,,,,,,,0.4,1.95,,0.4,3.95,,,7.95,,0.4,0.4,0.4,0.45,0.4,0.45,0.45,0.95,1.95,1.95,1.95,0.45,0.45,,,,,,,,,,1.95,1.95,1.95,1.95,1.95,1.95,,,,1.95,1.95,0.95,,,3.95,3.95,,0.45,0.45,0.45,1.95,1.95,1.95,1.95,1.95,1.95,,,1.95,,,,,0.45,,,,1.95,,,,1.95,0.4,0.4,1.95,,,,0.95,1.95,,0.95,0.45,1.95
118,10261260,,3.95,,,,,0.95,0.45,,,,3.95,3.95,,3.95,7.95,7.95,,,,,,,,,3.95,,1.95,0.45,,,0.4,,1.95,1.95,,,,1.45,1.95,0.45,,,,1.95,0.95,,,,,,0.45,,0.4,0.45,,,,,1.95,0.95,,,,,0.45,0.95,0.4,,,,0.4,1.95,1.95,,1.95,,,,,,0.4,,,,,3.95,3.95,1.95,1.95,2.95,1.95,1.95,1.95,1.95,1.95,1.95,2.95,,,1.95,,,0.4,7.95,7.95,,3.95,1.95,,,,,,,0.4,1.95,,0.4,3.95,,,7.95,,0.4,0.4,0.4,0.45,0.4,0.45,0.45,0.95,1.95,1.95,1.95,0.45,0.45,,,,,,,,,,1.95,1.95,1.95,1.95,1.95,1.95,,,,1.95,1.95,0.95,,,3.95,3.95,,0.45,0.45,0.45,1.95,1.95,1.95,1.95,1.95,1.95,,,1.95,,,,,0.45,,,,1.95,,,,1.95,0.4,0.4,1.95,,,,0.95,1.95,,0.95,0.45,1.95
118,10261320,,3.95,,,,,0.95,0.45,,,,3.95,3.95,,3.95,7.95,7.95,,,,,,,,,3.95,,1.95,0.45,,,0.4,,1.95,1.95,,,,1.45,1.95,0.45,,,,1.95,0.95,,,,,,0.45,,0.4,0.45,,,,,1.95,0.95,,,,,0.45,0.95,0.4,,,,0.4,1.95,1.95,,1.95,,,,,,0.4,,,,,3.95,3.95,1.95,1.95,2.95,1.95,1.95,1.95,1.95,1.95,1.95,2.95,,,1.95,,,0.4,7.95,7.95,,3.95,1.95,,,,,,,0.4,1.95,,0.4,3.95,,,7.95,,0.4,0.4,0.4,0.45,0.4,0.45,0.45,0.95,1.95,1.95,1.95,0.45,0.45,,,,,,,,,,1.95,1.95,1.95,1.95,1.95,1.95,,,,1.95,1.95,0.95,,,3.95,3.95,,0.45,0.45,0.45,1.95,1.95,1.95,1.95,1.95,1.95,,,1.95,,,,,0.45,,,,1.95,,,,1.95,0.4,0.4,1.95,,,,0.95,1.95,,0.95,0.45,1.95
118,10261380,,3.95,,,,,0.95,0.45,,,,3.95,3.95,,3.95,7.95,7.95,,,,,,,,,3.95,,1.95,0.45,,,0.4,,1.95,1.95,,,,1.45,1.95,0.45,,,,1.95,0.95,,,,,,0.45,,0.4,0.45,,,,,1.95,0.95,,,,,0.45,0.95,0.4,,,,0.4,1.95,1.95,,1.95,,,,,,0.4,,,,,3.95,3.95,1.95,1.95,2.95,1.95,1.95,1.95,1.95,1.95,1.95,2.95,,,1.95,,,0.4,7.95,7.95,,3.95,1.95,,,,,,,0.4,1.95,,0.4,3.95,,,7.95,,0.4,0.4,0.4,0.45,0.4,0.45,0.45,0.95,1.95,1.95,1.95,0.45,0.45,,,,,,,,,,1.95,1.95,1.95,1.95,1.95,1.95,,,,1.95,1.95,0.95,,,3.95,3.95,,0.45,0.45,0.45,1.95,1.95,1.95,1.95,1.95,1.95,,,1.95,,,,,0.45,,,,1.95,,,,1.95,0.4,0.4,1.95,,,,0.95,1.95,,0.45,0.45,1.95
118,10261440,,3.95,,,,,0.95,0.45,,,,3.95,3.95,,3.95,7.95,7.95,,,,,,,,,3.95,,1.95,0.45,,,0.4,,1.95,1.95,,,,1.617,1.95,0.45,,,,1.95,0.95,,,,,,0.45,,0.4,0.45,,,,,1.95,0.95,,,,,0.45,0.95,0.4,,,,0.4,1.95,1.95,,1.95,,,,,,0.4,,,,,3.95,3.95,1.95,1.95,2.95,1.95,1.95,1.95,1.95,1.95,1.95,2.95,,,1.95,,,0.4,7.95,,,3.95,1.95,,,,,,,0.4,1.95,,0.4,3.95,,,7.95,,0.4,0.4,0.4,0.45,0.4,0.45,0.45,0.95,1.95,1.95,1.95,0.45,0.45,,,,,,,,,,1.95,1.95,1.95,1.95,1.95,1.95,,,,1.95,1.95,0.95,,,3.95,3.95,,0.45,0.45,0.45,1.95,1.95,1.95,1.95,1.95,1.95,,,1.95,,,,,0.45,,,,1.95,,,,1.95,0.4,0.4,1.95,,,,0.95,1.95,,0.45,0.45,1.95
118,10261500,,3.95,,,,,0.95,0.45,,,,3.95,3.95,,3.95,7.95,7.95,,,,,,,,,3.95,,1.95,0.45,,,0.4,,1.95,1.95,,,,1.45,1.95,0.45,,,,1.95,0.95,,,,,,0.45,,0.4,0.45,,,,,1.95,0.95,,,,,0.45,0.95,0.4,,,,0.4,1.95,1.95,,1.95,,,,,,0.4,,,,,3.95,3.95,1.95,1.95,2.95,1.95,1.95,1.95,1.95,1.95,1.95,2.95,,,1.95,,,0.4,7.95,7.95,,3.95,1.95,,,,,,,0.4,1.95,,0.4,3.95,,,7.95,,0.4,0.4,0.4,0.45,0.4,0.45,0.45,0.95,1.95,1.95,1.95,0.45,0.45,,,,,,,,,,1.95,1.95,1.95,1.95,1.95,1.95,,,,1.95,1.95,0.95,,,3.95,3.95,,0.45,0.45,0.45,1.95,1.95,1.95,1.95,1.95,1.95,,,1.95,,,,,0.45,,,,1.95,,,,1.95,0.4,0.4,1.95,,,,0.95,1.95,,0.45,0.45,1.95
118,10261560,,3.95,,,,,0.95,0.45,,,,3.95,3.95,,3.95,7.95,7.95,,,,,,,,,3.95,,1.95,0.45,,,0.4,,1.95,1.95,,,,1.45,1.95,0.45,,,,1.95,0.95,,,,,,0.45,,0.4,0.45,,,,,1.95,0.95,,,,,0.45,0.95,0.4,,,,0.4,1.95,1.95,,1.95,,,,,,0.4,,,,,3.95,3.95,1.95,1.95,2.95,1.95,1.95,1.95,1.95,1.95,1.95,2.95,,,1.95,,,0.4,7.95,7.95,,3.95,1.95,,,,,,,0.4,1.95,,0.4,3.95,,,7.95,,0.4,0.4,0.4,0.45,0.4,0.45,0.45,0.95,1.95,1.95,1.95,0.45,0.45,,,,,,,,,,1.95,1.95,1.95,1.95,1.95,1.95,,,,1.95,1.95,0.95,,,3.95,3.95,,0.45,0.45,0.45,1.95,1.95,1.95,1.95,1.95,1.95,,,1.95,,,,,0.45,,,,1.95,,,,1.95,0.4,0.4,1.95,,,,0.95,1.95,,0.45,0.45,1.95
118,10261620,,3.95,,,,,0.95,0.45,,,,3.95,3.95,,3.95,7.95,7.95,,,,,,,,,3.95,,1.95,0.45,,,0.4,,1.95,1.95,,,,1.283,1.95,0.45,,,,1.95,0.95,,,,,,0.45,,0.4,0.45,,,,,1.95,0.95,,,,,0.45,0.95,0.4,,,,0.4,1.95,1.95,,1.95,,,,,,0.4,,,,,3.95,3.95,1.95,1.95,2.95,1.95,1.95,1.95,1.95,1.95,1.95,2.95,,,1.95,,,0.4,7.95,7.95,,3.95,1.95,,,,,,,0.4,1.95,,0.4,3.95,,,7.95,,0.4,0.4,0.4,0.45,0.4,0.45,0.45,0.95,1.95,1.95,1.95,0.45,0.45,,,,,,,,,,1.95,1.95,1.95,1.95,1.95,1.95,,,,1.95,1.95,0.95,,,3.95,3.95,,0.45,0.45,0.45,1.95,1.95,1.95,1.95,1.95,1.95,,,1.95,,,,,0.45,,,,1.95,,,,1.95,0.4,0.4,1.95,,,,0.95,1.95,,0.45,0.45,1.95
118,10261680,,3.95,,,,,0.95,0.45,,,,3.95,3.95,,3.95,7.95,7.95,,,,,,,,,3.95,,1.95,0.45,,,0.4,,1.95,1.95,,,,1.45,1.95,0.45,,,,1.95,0.95,,,,,,0.45,,0.4,0.45,,,,,1.95,0.95,,,,,0.45,0.95,0.4,,,,0.4,1.95,1.95,,1.95,,,,,,0.4,,,,,3.95,3.95,1.95,1.95,2.95,1.95,1.95,1.95,1.95,1.95,1.95,2.95,,,1.95,,,0.4,7.95,7.95,,3.95,1.95,,,,,,,0.4,1.95,,0.4,3.95,,,7.95,,0.4,0.4,0.4,0.45,0.4,0.45,0.45,0.95,1.95,1.95,1.95,0.45,0.45,,,,,,,,,,1.95,1.95,1.95,1.95,1.95,1.95,,,,1.95,1.95,0.95,,,3.95,3.95,,0.45,0.45,0.45,1.95,1.95,1.95,1.95,1.95,1.95,,,1.95,,,,,0.45,,,,1.95,,,,1.95,0.4,0.4,1.95,,,,0.95,1.95,,0.45,0.45,1.95
118,10261740,,3.95,,,,,0.95,0.45,,,,3.95,3.95,,3.95,7.95,7.95,,,,,,,,,3.95,,1.95,0.45,,,0.4,,1.95,1.95,,,,1.45,1.95,0.45,,,,1.95,0.95,,,,,,0.45,,0.4,0.45,,,,,1.95,0.95,,,,,0.45,0.95,0.4,,,,0.4,1.95,1.95,,1.95,,,,,,0.4,,,,,3.95,3.95,1.95,1.95,2.95,1.95,1.95,1.95,1.95,1.95,1.95,2.95,,,1.95,,,0.4,7.95,7.95,,3.95,1.95,,,,,,,0.4,1.95,,0.4,3.95,,,7.95,,0.4,0.4,0.4,0.45,0.4,0.45,0.45,0.95,1.95,1.95,1.95,0.45,0.45,,,,,,,,,,1.95,1.95,1.95,1.95,1.95,1.95,,,,1.95,1.95,0.95,,,3.95,3.95,,0.45,0.45,0.45,1.95,1.95,1.95,1.95,1.95,1.95,,,1.95,,,,,0.45,,,,1.95,,,,1.95,0.4,0.4,1.95,,,,0.95,1.95,,0.45,0.45,1.95
118,10261800,,3.95,,,,,0.95,0.45,,,,3.95,3.95,,3.95,7.95,7.95,,,,,,,,,3.95,,1.95,0.45,,,0.4,,1.95,1.95,,,,1.45,1.95,0.45,,,,1.95,0.95,,,,,,0.45,,0.4,0.45,,,,,1.95,0.95,,,,,0.45,0.95,0.4,,,,0.4,1.95,1.95,,1.95,,,,,,0.4,,,,,3.95,3.95,1.95,1.95,2.95,1.95,1.95,1.95,1.95,1.95,1.95,2.95,,,1.95,,,0.4,7.95,7.95,,3.95,1.95,,,,,,,0.4,1.95,,0.4,3.95,,,7.95,,0.4,0.4,0.4,0.45,0.4,0.45,0.45,0.95,1.95,1.95,1.95,0.45,0.45,,,,,,,,,,1.95,1.95,1.95,1.95,1.95,1.95,,,,1.95,1.95,0.95,,,3.95,3.95,,0.45,0.45,0.45,1.95,1.95,1.95,1.95,1.95,1.95,,,1.95,,,,,0.45,,,,1.95,,,,1.95,0.4,0.4,1.95,,,,0.95,1.95,,0.45,0.45,1.95
118,10261860,,3.95,,,,,0.95,0.45,,,,3.95,3.95,,3.95,7.95,7.95,,,,,,,,,3.95,,1.95,0.45,,,0.4,,1.95,1.95,,,,1.45,1.95,0.45,,,,1.95,0.95,,,,,,0.45,,0.4,0.45,,,,,1.95,0.95,,,,,0.45,0.95,0.4,,,,0.4,1.95,1.95,,1.95,,,,,,0.4,,,,,3.95,3.95,1.95,1.95,2.95,1.95,1.95,1.95,1.95,1.95,1.95,2.95,,,1.95,,,0.4,7.95,7.95,,3.95,1.95,,,,,,,0.4,1.95,,0.4,3.95,,,7.95,,0.4,0.4,0.4,0.45,0.4,0.45,0.45,0.95,1.95,1.95,1.95,0.45,0.45,,,,,,,,,,1.95,1.95,1.95,1.95,1.95,1.95,,,,1.95,1.95,0.95,,,3.95,3.95,,0.45,0.45,0.45,1.95,1.95,1.95,1.95,1.95,1.95,,,1.95,,,,,0.45,,,,1.95,,,,1.95,0.4,0.4,1.95,,,,0.95,1.95,,0.45,0.45,1.95
118,10261920,,3.95,,,,,0.95,0.45,,,,3.95,3.95,,3.95,7.95,7.95,,,,,,,,,3.95,,1.95,0.45,,,0.4,,1.95,1.95,,,,1.45,1.95,0.45,,,,1.95,0.95,,,,,,0.45,,0.4,0.45,,,,,1.95,0.95,,,,,0.45,0.95,0.4,,,,0.4,1.95,1.95,,1.95,,,,,,0.4,,,,,3.95,3.95,1.95,1.95,2.95,1.95,1.95,1.95,1.95,1.95,1.95,2.95,,,1.95,,,0.4,7.95,7.95,,3.95,1.95,,,,,,,0.4,1.95,,0.4,3.95,,,7.95,,0.4,0.4,0.4,0.45,0.4,0.45,0.45,0.95,1.95,1.95,1.95,0.45,0.45,,,,,,,,,,1.95,1.95,1.95,1.95,1.95,1.95,,,,1.95,1.95,0.95,,,3.95,3.95,,0.45,0.45,0.45,1.95,1.95,1.95,1.95,1.95,1.95,,,1.95,,,,,0.45,,,,1.95,,,,1.95,0.4,0.4,1.95,,,,0.95,1.95,,0.45,0.45,1.95
118,10261980,,3.95,,,,,0.95,0.45,,,,3.95,3.95,,3.95,7.95,7.95,,,,,,,,,3.95,,1.95,0.45,,,0.4,,1.95,1.95,,,,1.45,1.95,0.45,,,,1.95,0.95,,,,,,0.45,,0.4,0.45,,,,,1.95,0.95,,,,,0.45,0.95,0.4,,,,0.4,1.95,1.95,,1.95,,,,,,0.4,,,,,3.95,3.95,1.95,1.95,2.95,1.95,1.95,1.95,1.95,1.95,1.95,2.95,,,1.95,,,0.4,7.95,7.95,,3.95,1.95,,,,,,,0.4,1.95,,0.4,3.95,,,7.95,,0.4,0.4,0.4,0.45,0.4,0.45,0.45,0.95,1.95,1.95,1.95,0.45,0.45,,,,,,,,,,1.95,1.95,1.95,1.95,1.95,1.95,,,,1.95,1.95,0.95,,,3.95,3.95,,0.45,0.45,0.45,1.95,1.95,1.95,1.95,1.95,1.95,,,1.95,,,,,0.45,,,,1.95,,,,1.95,0.4,0.4,1.95,,,,0.95,1.95,,0.45,0.45,1.95
118,10262040,,3.95,,,,,0.95,0.45,,,,3.95,3.95,,3.95,7.95,7.95,,,,,,,,,3.95,,1.95,0.45,,,0.4,,1.95,1.95,,,,1.45,1.95,0.45,,,,1.95,0.95,,,,,,0.45,,0.4,0.45,,,,,1.95,0.95,,,,,0.45,0.95,0.4,,,,0.4,1.95,1.95,,1.95,,,,,,0.4,,,,,3.95,3.95,1.95,1.95,2.95,1.95,1.95,1.95,1.95,1.95,1.95,2.95,,,1.95,,,0.4,7.95,7.95,,3.95,1.95,,,,,,,0.4,1.95,,0.4,3.95,,,7.95,,0.4,0.4,0.4,0.45,0.4,0.45,0.45,0.95,1.95,1.95,1.95,0.45,0.45,,,,,,,,,,1.95,1.95,1.95,1.95,1.95,1.95,,,,1.95,1.95,0.95,,,3.95,3.95,,0.45,0.45,0.45,1.95,1.95,1.95,1.95,1.95,1.95,,,1.95,,,,,0.45,,,,1.95,,,,1.95,0.4,0.4,1.95,,,,0.95,1.95,,0.45,0.45,1.95
118,10262100,,3.95,,,,,0.95,0.45,,,,3.95,3.95,,3.95,7.95,7.95,,,,,,,,,3.95,,1.95,0.45,,,0.4,,1.95,1.95,,,,1.45,1.95,0.45,,,,1.95,0.95,,,,,,0.45,,0.4,0.45,,,,,1.95,0.95,,,,,0.45,0.95,0.4,,,,0.4,1.95,1.95,,1.95,,,,,,0.4,,,,,3.95,3.95,1.95,1.95,2.95,1.95,1.95,1.95,1.95,1.95,1.95,2.95,,,1.95,,,0.4,7.95,7.95,,3.95,1.95,,,,,,,0.4,1.95,,0.4,3.95,,,7.95,,0.4,0.4,0.4,0.45,0.4,0.45,0.45,0.95,1.95,1.95,1.95,0.45,0.45,,,,,,,,,,1.95,1.95,1.95,1.95,1.95,1.95,,,,1.95,1.95,0.95,,,3.95,3.95,,0.45,0.45,0.45,1.95,1.95,1.95,1.95,1.95,1.95,,,1.95,,,,,0.45,,,,1.95,,,,1.95,0.4,0.4,1.95,,,,0.95,1.95,,0.45,0.45,1.95
118,10262160,,3.95,,,,,0.95,0.45,,,,3.95,3.95,,3.95,7.95,7.95,,,,,,,,,3.95,,1.95,0.45,,,0.4,,1.95,1.95,,,,1.45,1.95,0.45,,,,1.95,0.95,,,,,,0.45,,0.4,0.45,,,,,1.95,0.95,,,,,0.45,0.95,0.4,,,,0.4,1.95,1.95,,1.95,,,,,,0.4,,,,,3.95,3.95,1.95,1.95,2.95,1.95,1.95,1.95,1.95,1.95,1.95,2.95,,,1.95,,,0.4,7.95,7.95,,3.95,1.95,,,,,,,0.4,1.95,,0.4,3.95,,,7.95,,0.4,0.4,0.4,0.45,0.4,0.45,0.45,0.95,1.95,1.95,1.95,0.45,0.45,,,,,,,,,,1.95,1.95,1.95,1.95,1.95,1.95,,,,1.95,1.95,0.95,,,3.95,3.95,,0.45,0.45,0.45,1.95,1.95,1.95,1.95,1.95,1.95,,,1.95,,,,,0.45,,,,1.95,,,,1.95,0.4,0.4,1.95,,,,0.95,1.95,,0.45,0.45,1.95
118,10262220,,3.95,,,,,0.95,0.45,,,,3.95,3.95,,3.95,7.95,7.95,,,,,,,,,3.95,,1.95,0.45,,,0.4,,1.95,1.95,,,,1.45,1.95,0.45,,,,1.95,0.95,,,,,,0.45,,0.4,0.45,,,,,1.95,0.95,,,,,0.45,0.95,0.4,,,,0.4,1.95,1.95,,1.95,,,,,,0.4,,,,,3.95,3.95,1.95,1.95,2.95,1.95,1.95,1.95,1.95,1.95,1.95,2.95,,,1.95,,,0.4,7.95,7.95,,3.95,1.95,,,,,,,0.4,1.95,,0.4,3.95,,,7.95,,0.4,0.4,0.4,0.45,0.4,0.45,0.45,0.95,1.95,1.95,1.95,0.45,0.45,,,,,,,,,,1.95,1.95,1.95,1.95,1.95,1.95,,,,1.95,1.95,0.95,,,3.95,3.95,,0.45,0.45,0.45,1.95,1.95,1.95,1.95,1.95,1.95,,,1.95,,,,,0.45,,,,1.95,,,,1.95,0.4,0.4,1.95,,,,0.95,1.95,,0.45,0.45,1.95
118,10262280,,3.95,,,,,0.95,0.45,,,,3.95,3.95,,3.95,7.95,7.95,,,,,,,,,3.95,,1.95,0.45,,,0.4,,1.95,1.95,,,,1.45,1.95,0.45,,,,1.95,0.95,,,,,,0.45,,0.4,0.45,,,,,1.95,0.95,,,,,0.45,0.95,0.4,,,,0.4,1.95,1.95,,1.95,,,,,,0.4,,,,,3.95,3.95,1.95,1.95,2.95,1.95,1.95,1.95,1.95,1.95,1.95,2.95,,,1.95,,,0.4,7.95,7.95,,3.95,1.95,,,,,,,0.4,1.95,,0.4,3.95,,,7.95,,0.4,0.4,0.4,0.45,0.4,0.45,0.45,0.95,1.95,1.95,1.95,0.45,0.45,,,,,,,,,,1.95,1.95,1.95,1.95,1.95,1.95,,,,1.95,1.95,0.95,,,3.95,3.95,,0.45,0.45,0.45,1.95,1.95,1.95,1.95,1.95,1.95,,,1.95,,,,,0.45,,,,1.95,,,,1.95,0.4,0.4,1.95,,,,0.95,1.95,,0.45,0.45,1.95
118,10262340,,3.95,,,,,0.95,0.45,,,,3.95,3.95,,3.95,7.95,7.95,,,,,,,,,3.95,,1.95,0.45,,,0.4,,1.95,1.95,,,,1.617,1.95,0.45,,,,1.95,0.95,,,,,,0.45,,0.4,0.45,,,,,1.95,0.95,,,,,0.45,0.95,0.4,,,,0.4,1.95,1.95,,1.95,,,,,,0.4,,,,,3.95,3.95,1.95,1.95,2.95,1.95,1.95,1.95,1.95,1.95,1.95,2.95,,,1.95,,,0.4,7.95,7.95,,3.95,1.95,,,,,,,0.4,1.95,,0.4,3.95,,,7.95,,0.4,0.4,0.4,0.45,0.4,0.45,0.45,0.95,1.95,1.95,1.95,0.45,0.45,,,,,,,,,,1.95,1.95,1.95,1.95,1.95,1.95,,,,1.95,1.95,0.95,,,3.95,3.95,,0.45,0.45,0.45,1.95,1.95,1.95,1.95,1.95,1.95,,,1.95,,,,,0.45,,,,1.95,,,,1.95,0.4,0.4,1.95,,,,0.95,1.95,,0.45,0.45,1.95
118,10262400,,3.95,,,,,0.95,0.45,,,,3.95,3.95,,3.95,7.95,7.95,,,,,,,,,3.95,,1.95,0.45,,,0.4,,1.95,1.95,,,,1.45,1.95,0.45,,,,1.95,0.95,,,,,,0.45,,0.4,0.45,,,,,1.95,0.95,,,,,0.45,0.95,0.4,,,,0.4,1.95,1.95,,1.95,,,,,,0.4,,,,,3.95,3.95,1.95,1.95,2.95,1.95,1.95,1.95,1.95,1.95,1.95,2.95,,,1.95,,,0.4,7.95,7.95,,3.95,1.95,,,,,,,0.4,1.95,,0.4,3.95,,,7.95,,0.4,0.4,0.4,0.45,0.4,0.45,0.45,0.95,1.95,1.95,1.95,0.45,0.45,,,,,,,,,,1.95,1.95,1.95,1.95,1.95,1.95,,,,1.95,1.95,0.95,,,3.95,3.95,,0.45,0.45,0.45,1.95,1.95,1.95,1.95,1.95,1.95,,,1.95,,,,,0.45,,,,1.95,,,,1.95,0.4,0.4,1.95,,,,0.95,1.95,,0.45,0.45,1.95
118,10262460,,3.95,,,,,0.95,0.45,,,,3.95,3.95,,3.95,7.95,7.95,,,,,,,,,3.95,,1.95,0.45,,,0.4,,1.95,1.95,,,,1.45,1.95,0.45,,,,1.95,0.95,,,,,,0.45,,0.4,0.45,,,,,1.95,0.95,,,,,0.45,0.95,0.4,,,,0.4,1.95,1.95,,1.95,,,,,,0.4,,,,,3.95,3.95,1.95,1.95,2.95,1.95,1.95,1.95,1.95,1.95,1.95,2.95,,,1.95,,,0.4,7.95,7.95,,3.95,1.95,,,,,,,0.4,1.95,,0.4,3.95,,,7.95,,0.4,0.4,0.4,0.45,0.4,0.45,0.45,0.95,1.95,1.95,1.95,0.45,0.45,,,,,,,,,,1.95,1.95,1.95,1.95,1.95,1.95,,,,1.95,1.95,0.95,,,3.95,3.95,,0.45,0.45,0.45,1.95,1.95,1.95,1.95,1.95,1.95,,,1.95,,,,,0.45,,,,1.95,,,,1.95,0.4,0.4,1.95,,,,0.95,1.95,,0.45,0.45,1.95
118,10262520,,3.95,,,,,0.95,0.45,,,,3.95,3.95,,3.95,7.95,7.95,,,,,,,,,3.95,,1.95,0.45,,,0.4,,1.95,1.95,,,,1.45,1.95,0.45,,,,1.95,0.95,,,,,,0.45,,0.4,0.45,,,,,1.95,0.95,,,,,0.45,0.95,0.4,,,,0.4,1.95,1.95,,1.95,,,,,,0.4,,,,,3.95,3.95,1.95,1.95,2.95,1.95,1.95,1.95,1.95,1.95,1.95,2.95,,,1.95,,,0.4,7.95,7.95,,3.95,1.95,,,,,,,0.4,1.95,,0.4,3.95,,,7.95,,0.4,0.4,0.4,0.45,0.4,0.45,0.45,0.95,1.95,1.95,1.95,0.45,0.45,,,,,,,,,,1.95,1.95,1.95,1.95,1.95,1.95,,,,1.95,1.95,0.95,,,3.95,3.95,,0.45,0.45,0.45,1.95,1.95,1.95,1.95,1.95,1.95,,,1.95,,,,,0.45,,,,1.95,,,,1.95,0.4,0.4,1.95,,,,0.95,1.95,,0.45,0.45,1.95
118,10262580,,3.95,,,,,0.95,0.45,,,,3.95,3.95,,3.95,7.95,7.95,,,,,,,,,3.95,,1.95,0.45,,,0.4,,1.95,1.95,,,,1.45,1.95,0.45,,,,1.95,0.95,,,,,,0.45,,0.4,0.45,,,,,1.95,0.95,,,,,0.45,0.95,0.4,,,,0.4,1.95,1.95,,1.95,,,,,,0.4,,,,,3.95,3.95,1.95,1.95,2.95,1.95,1.95,1.95,1.95,1.95,1.95,2.95,,,1.95,,,0.4,7.95,7.95,,3.95,1.95,,,,,,,0.4,1.95,,0.4,3.95,,,7.95,,0.4,0.4,0.4,0.45,0.4,0.45,0.45,0.95,1.95,1.95,1.95,0.45,0.45,,,,,,,,,,1.95,1.95,1.95,1.95,1.95,1.95,,,,1.95,1.95,0.95,,,3.95,3.95,,0.45,0.45,0.45,1.95,1.95,1.95,1.95,1.95,1.95,,,1.95,,,,,0.45,,,,1.95,,,,1.95,0.4,0.4,1.95,,,,0.95,1.95,,0.45,0.45,1.95
118,10262640,,3.95,,,,,0.95,0.45,,,,3.95,3.95,,3.95,7.95,7.95,,,,,,,,,3.95,,1.95,0.45,,,0.4,,1.95,1.95,,,,1.45,1.95,0.45,,,,1.95,0.95,,,,,,0.45,,0.4,0.45,,,,,1.95,0.95,,,,,0.45,0.95,0.4,,,,0.4,1.95,1.95,,1.95,,,,,,0.4,,,,,3.95,3.95,1.95,1.95,2.95,1.95,1.95,1.95,1.95,1.95,1.95,2.95,,,1.95,,,0.4,7.95,7.95,,3.95,1.95,,,,,,,0.4,1.95,,0.4,3.95,,,7.95,,0.4,0.4,0.4,0.45,0.4,0.45,0.45,0.95,1.95,1.95,1.95,0.45,0.45,,,,,,,,,,1.95,1.95,1.95,1.95,1.95,1.95,,,,1.95,1.95,0.95,,,3.95,3.95,,0.45,0.45,0.45,1.95,1.95,1.95,1.95,1.95,1.95,,,1.95,,,,,0.45,,,,1.95,,,,1.95,0.4,0.4,1.95,,,,0.95,1.95,,0.45,0.45,1.95
118,10262700,,3.95,,,,,0.95,0.45,,,,3.95,3.95,,3.95,7.95,7.95,,,,,,,,,3.95,,1.95,0.45,,,0.4,,1.95,1.95,,,,1.45,1.95,0.45,,,,1.95,0.95,,,,,,0.45,,0.4,0.45,,,,,1.95,0.95,,,,,0.45,0.95,0.4,,,,0.4,1.95,1.95,,1.95,,,,,,0.4,,,,,3.95,3.95,1.95,1.95,2.95,1.95,1.95,1.95,1.95,1.95,1.95,2.95,,,1.95,,,0.4,7.95,7.95,,3.95,1.95,,,,,,,0.4,1.95,,0.4,3.95,,,7.95,,0.4,0.4,0.4,0.45,0.4,0.45,0.45,0.95,1.95,1.95,1.95,0.45,0.45,,,,,,,,,,1.95,1.95,1.95,1.95,1.95,1.95,,,,1.95,1.95,0.95,,,3.95,3.95,,0.45,0.45,0.45,1.95,1.95,1.95,1.95,1.95,1.95,,,1.95,,,,,0.45,,,,1.95,,,,1.95,0.4,0.4,1.95,,,,0.95,1.95,,0.45,0.45,1.95
118,10262760,,3.95,,,,,0.95,0.45,,,,3.95,3.95,,3.95,7.95,7.95,,,,,,,,,3.95,,1.95,0.45,,,0.4,,1.95,1.95,,,,1.45,1.95,0.45,,,,1.95,0.95,,,,,,0.45,,0.4,0.45,,,,,1.95,0.95,,,,,0.45,0.95,0.4,,,,0.4,1.95,1.95,,1.95,,,,,,0.4,,,,,3.95,3.95,1.95,1.95,2.95,1.95,1.95,1.95,1.95,1.95,1.95,2.95,,,1.95,,,0.4,7.95,7.95,,3.95,1.95,,,,,,,0.4,1.95,,0.4,3.95,,,7.95,,0.4,0.4,0.4,0.45,0.4,0.45,0.45,0.95,1.95,1.95,1.95,0.45,0.45,,,,,,,,,,1.95,1.95,1.95,1.95,1.95,1.95,,,,1.95,1.95,0.95,,,3.95,3.95,,0.45,0.45,0.45,1.95,1.95,1.95,1.95,1.95,1.95,,,1.95,,,,,0.45,,,,1.95,,,,1.95,0.4,0.4,1.95,,,,0.95,1.95,,0.45,0.45,1.95
118,10262820,,3.95,,,,,0.95,0.45,,,,3.95,3.95,,3.95,7.95,7.95,,,,,,,,,3.95,,1.95,0.45,,,0.4,,1.95,1.95,,,,1.45,1.95,0.45,,,,1.95,0.95,,,,,,0.45,,0.4,0.45,,,,,1.95,0.95,,,,,0.45,0.95,0.4,,,,0.4,1.95,1.95,,1.95,,,,,,0.4,,,,,3.95,3.95,1.95,1.95,2.95,1.95,1.95,1.95,1.95,1.95,1.95,2.95,,,1.95,,,0.4,7.95,7.95,,3.95,1.95,,,,,,,0.4,1.95,,0.4,3.95,,,7.95,,0.4,0.4,0.4,0.45,0.4,0.45,0.45,0.95,1.95,1.95,1.95,0.45,0.45,,,,,,,,,,1.95,1.95,1.95,1.95,1.95,1.95,,,,1.95,1.95,0.95,,,3.95,3.95,,0.45,0.45,0.45,1.95,1.95,1.95,1.95,1.95,1.95,,,1.95,,,,,0.45,,,,1.95,,,,1.95,0.4,0.4,1.95,,,,0.95,1.95,,0.45,0.45,1.95
118,10262880,,3.95,,,,,0.95,0.45,,,,3.95,3.95,,3.95,7.95,7.95,,,,,,,,,3.95,,1.95,0.45,,,0.4,,1.95,1.95,,,,1.45,1.95,0.45,,,,1.95,0.95,,,,,,0.45,,0.4,0.45,,,,,1.95,0.95,,,,,0.45,0.95,0.4,,,,0.4,1.95,1.95,,1.95,,,,,,0.4,,,,,3.95,3.95,1.95,1.95,2.95,1.95,1.95,1.95,1.95,1.95,1.95,2.95,,,1.95,,,0.4,7.95,7.95,,3.95,1.95,,,,,,,0.4,1.95,,0.4,3.95,,,7.95,,0.4,0.4,0.4,0.45,0.4,0.45,0.45,0.95,1.95,1.95,1.95,0.45,0.45,,,,,,,,,,1.95,1.95,1.95,1.95,1.95,1.95,,,,1.95,1.95,0.95,,,3.95,3.95,,0.45,0.45,0.45,1.95,1.95,1.95,1.95,1.95,1.95,,,1.95,,,,,0.45,,,,1.95,,,,1.95,0.4,0.4,1.95,,,,0.95,1.95,,0.45,0.45,1.95
118,10262940,,3.95,,,,,0.95,0.45,,,,3.95,3.95,,3.95,7.95,7.95,,,,,,,,,3.95,,1.95,0.45,,,0.4,,1.95,1.95,,,,1.45,1.95,0.45,,,,1.95,0.95,,,,,,0.45,,0.4,0.45,,,,,1.95,0.95,,,,,0.45,0.95,0.4,,,,0.4,1.95,1.95,,1.95,,,,,,0.4,,,,,3.95,3.95,1.95,1.95,2.95,1.95,1.95,1.95,1.95,1.95,1.95,2.95,,,1.95,,,0.4,7.95,7.95,,3.95,1.95,,,,,,,0.4,1.95,,0.4,3.95,,,7.95,,0.4,0.4,0.4,0.45,0.4,0.45,0.45,0.95,1.95,1.95,1.95,0.45,0.45,,,,,,,,,,1.95,1.95,1.95,1.95,1.95,1.95,,,,1.95,1.95,0.95,,,3.95,3.95,,0.45,0.45,0.45,1.95,1.95,1.95,1.95,1.95,1.95,,,1.95,,,,,0.45,,,,1.95,,,,1.95,0.4,0.4,1.95,,,,0.95,1.95,,0.45,0.45,1.95
118,10263000,,3.95,,,,,0.95,0.45,,,,3.95,3.95,,3.95,7.95,7.95,,,,,,,,,3.95,,1.95,0.45,,,0.4,,1.95,1.95,,,,1.45,1.95,0.45,,,,1.95,0.95,,,,,,0.45,,0.4,0.45,,,,,1.95,0.95,,,,,0.45,0.95,0.4,,,,0.4,1.95,1.95,,1.95,,,,,,0.4,,,,,3.95,3.95,1.95,1.95,2.95,1.95,1.95,1.95,1.95,1.95,1.95,2.95,,,1.95,,,0.4,7.95,7.95,,3.95,1.95,,,,,,,0.4,1.95,,0.4,3.95,,,7.95,,0.4,0.4,0.4,0.45,0.4,0.45,0.45,0.95,1.95,1.95,1.95,0.45,0.45,,,,,,,,,,1.95,1.95,1.95,1.95,1.95,1.95,,,,1.95,1.95,0.95,,,3.95,3.95,,0.45,0.45,0.45,1.95,1.95,1.95,1.95,1.95,1.95,,,1.95,,,,,0.45,,,,1.95,,,,3.45,0.4,0.4,1.95,,,,0.95,1.95,,0.45,0.45,1.95
118,10263060,,3.95,,,,,0.95,0.45,,,,3.95,3.95,,3.95,7.95,7.95,,,,,,,,,3.95,,1.95,0.45,,,0.4,,1.95,1.95,,,,1.45,1.95,0.45,,,,1.95,0.95,,,,,,0.45,,0.4,0.45,,,,,1.95,0.95,,,,,0.45,0.95,0.4,,,,0.4,1.95,1.95,,1.95,,,,,,0.4,,,,,3.95,3.95,1.95,1.95,2.95,1.95,1.95,1.95,1.95,1.95,1.95,2.95,,,1.95,,,0.4,7.95,7.95,,3.95,1.95,,,,,,,0.4,1.95,,0.4,3.95,,,7.95,,0.4,0.4,0.4,0.45,0.4,0.45,0.45,0.95,1.95,1.95,1.95,0.45,0.45,,,,,,,,,,1.95,1.95,1.95,1.95,1.95,1.95,,,,1.95,1.95,0.95,,,3.95,3.95,,0.45,0.45,0.45,1.95,1.95,1.95,1.95,1.95,1.95,,,1.95,,,,,0.45,,,,1.95,,,,3.45,0.4,0.4,1.95,,,,0.95,1.95,,0.45,0.45,1.95
118,10263120,,3.95,,,,,0.95,0.45,,,,3.95,3.95,,3.95,7.95,7.95,,,,,,,,,3.95,,1.95,0.45,,,0.4,,1.95,1.95,,,,1.45,1.95,0.45,,,,1.95,0.95,,,,,,0.45,,0.4,0.45,,,,,1.95,0.95,,,,,0.45,0.95,0.4,,,,0.4,1.95,1.95,,1.95,,,,,,0.4,,,,,3.95,3.95,1.95,1.95,2.95,1.95,1.95,1.95,1.95,1.95,1.95,2.95,,,1.95,,,0.4,7.95,7.95,,3.95,1.95,,,,,,,0.4,1.95,,0.4,3.95,,,7.95,,0.4,0.4,0.4,0.45,0.4,0.45,0.45,0.95,1.95,1.95,1.95,0.45,0.45,,,,,,,,,,1.95,1.95,1.95,1.95,1.95,1.95,,,,1.95,1.95,0.95,,,3.95,3.95,,0.45,0.45,0.45,1.95,1.95,1.95,1.95,1.95,1.95,,,1.95,,,,,0.45,,,,1.95,,,,3.45,0.4,0.4,1.95,,,,0.95,1.95,,0.45,0.45,1.95
118,10263180,,3.95,,,,,0.95,0.45,,,,3.95,3.95,,3.95,7.95,7.95,,,,,,,,,3.95,,1.95,0.45,,,0.4,,1.95,1.95,,,,1.45,1.95,0.45,,,,1.95,0.95,,,,,,0.45,,0.4,0.45,,,,,1.95,0.95,,,,,0.45,0.95,0.4,,,,0.4,1.95,1.95,,1.95,,,,,,0.4,,,,,3.95,3.95,1.95,1.95,2.95,1.95,1.95,1.95,1.95,1.95,1.95,2.95,,,1.95,,,0.4,7.95,7.95,,3.95,1.95,,,,,,,0.4,1.95,,0.4,3.95,,,7.95,,0.4,0.4,0.4,0.45,0.4,0.45,0.45,0.95,1.95,1.95,1.95,0.45,0.45,,,,,,,,,,1.95,1.95,1.95,1.95,1.95,1.95,,,,1.95,1.95,0.95,,,3.95,3.95,,0.45,0.45,0.45,1.95,1.95,1.95,1.95,1.95,1.95,,,1.95,,,,,0.45,,,,1.95,,,,3.45,0.4,0.4,1.95,,,,0.95,1.95,,0.45,0.45,1.95
118,10263240,,3.95,,,,,0.95,0.45,,,,3.95,3.95,,3.95,7.95,7.95,,,,,,,,,3.95,,1.95,0.45,,,0.4,,1.95,1.95,,,,1.617,1.95,0.45,,,,1.95,0.95,,,,,,0.45,,0.4,0.45,,,,,1.95,0.95,,,,,0.45,0.95,0.4,,,,0.4,1.95,1.95,,1.95,,,,,,0.4,,,,,3.95,3.95,1.95,1.95,2.95,1.95,1.95,1.95,1.95,1.95,1.95,2.95,,,1.95,,,0.4,7.95,7.95,,3.95,1.95,,,,,,,0.4,1.95,,0.4,3.95,,,7.95,,0.4,0.4,0.4,0.45,0.4,0.45,0.45,0.95,1.95,1.95,1.95,0.45,0.45,,,,,,,,,,1.95,1.95,1.95,1.95,1.95,1.95,,,,1.95,1.95,0.95,,,3.95,3.95,,0.45,0.45,0.45,1.95,1.95,1.95,1.95,1.95,1.95,,,1.95,,,,,0.45,,,,1.95,,,,3.45,0.4,0.4,1.95,,,,0.95,1.95,,0.45,0.45,1.95
118,10263300,,3.95,,,,,0.95,0.45,,,,3.95,3.95,,3.95,7.95,7.95,,,,,,,,,3.95,,1.95,0.45,,,0.4,,1.95,1.95,,,,1.45,1.95,0.45,,,,1.95,0.95,,,,,,0.45,,0.4,0.45,,,,,1.95,0.95,,,,,0.45,0.95,0.4,,,,0.4,1.95,1.95,,1.95,,,,,,0.4,,,,,3.95,3.95,1.95,1.95,2.95,1.95,1.95,1.95,1.95,1.95,1.95,2.95,,,1.95,,,0.4,7.95,7.95,,3.95,1.95,,,,,,,0.4,1.95,,0.4,3.95,,,7.95,,0.4,0.4,0.4,0.45,0.4,0.45,0.45,0.95,1.95,1.95,1.95,0.45,0.45,,,,,,,,,,1.95,1.95,1.95,1.95,1.95,1.95,,,,1.95,1.95,0.95,,,3.95,3.95,,0.45,0.45,0.45,1.95,1.95,1.95,1.95,1.95,1.95,,,1.95,,,,,0.45,,,,1.95,,,,3.95,0.4,0.4,1.95,,,,0.95,1.95,,0.45,0.45,1.95
118,10263360,,3.95,,,,,0.95,0.45,,,,3.95,3.95,,3.95,7.95,7.95,,,,,,,,,3.95,,1.95,0.45,,,0.4,,1.95,1.95,,,,1.45,1.95,0.45,,,,1.95,0.95,,,,,,0.45,,0.4,0.45,,,,,1.95,0.95,,,,,0.45,0.95,0.4,,,,0.4,1.95,1.95,,1.95,,,,,,0.4,,,,,3.95,3.95,1.95,1.95,2.95,1.95,1.95,1.95,1.95,1.95,1.95,2.95,,,1.95,,,0.4,7.95,7.95,,3.95,1.95,,,,,,,0.4,1.95,,0.4,3.95,,,7.95,,0.4,0.4,0.4,0.45,0.4,0.45,0.45,0.95,1.95,1.95,1.95,0.45,0.45,,,,,,,,,,1.95,1.95,1.95,1.95,1.95,1.95,,,,1.95,1.95,0.95,,,3.95,3.95,,0.45,0.45,0.45,1.95,1.95,1.95,1.95,1.95,1.95,,,1.95,,,,,0.45,,,,1.95,,,,3.45,0.4,0.4,1.95,,,,0.95,1.95,,0.45,0.45,1.95
118,10263420,,3.95,,,,,0.95,0.45,,,,3.95,3.95,,3.95,7.95,7.95,,,,,,,,,3.95,,1.95,0.45,,,0.4,,1.95,1.95,,,,1.45,1.95,0.45,,,,1.95,0.95,,,,,,0.45,,0.4,0.45,,,,,1.95,0.95,,,,,0.45,0.95,0.4,,,,0.4,1.95,1.95,,1.95,,,,,,0.4,,,,,3.95,3.95,1.95,1.95,2.95,1.95,1.95,1.95,1.95,1.95,1.95,2.95,,,1.95,,,0.4,7.95,7.95,,3.95,1.95,,,,,,,0.4,1.95,,0.4,3.95,,,7.95,,0.4,0.4,0.4,0.45,0.4,0.45,0.45,0.95,1.95,1.95,1.95,0.45,0.45,,,,,,,,,,1.95,1.95,1.95,1.95,1.95,1.95,,,,1.95,1.95,0.95,,,3.95,3.95,,0.45,0.45,0.45,1.95,1.95,1.95,1.95,1.95,1.95,,,1.95,,,,,0.45,,,,1.95,,,,1.95,0.4,0.4,1.95,,,,0.95,1.95,,0.45,0.45,1.95
118,10263480,,3.95,,,,,0.95,0.45,,,,3.95,3.95,,3.95,7.95,7.95,,,,,,,,,3.95,,1.95,0.45,,,0.4,,1.95,1.95,,,,1.45,1.95,0.45,,,,1.95,0.95,,,,,,0.45,,0.4,0.45,,,,,1.95,0.95,,,,,0.45,0.95,0.4,,,,0.4,1.95,1.95,,1.95,,,,,,0.4,,,,,3.95,3.95,1.95,1.95,2.95,1.95,1.95,1.95,1.95,1.95,1.95,2.95,,,1.95,,,0.4,7.95,7.95,,3.95,1.95,,,,,,,0.4,1.95,,0.4,3.95,,,7.95,,0.4,0.4,0.4,0.45,0.4,0.45,0.45,0.95,1.95,1.95,1.95,0.45,0.45,,,,,,,,,,1.95,1.95,1.95,1.95,1.95,1.95,,,,1.95,1.95,0.95,,,3.95,3.95,,0.45,0.45,0.45,1.95,1.95,1.95,1.95,1.95,1.95,,,1.95,,,,,0.45,,,,1.95,,,,1.95,0.4,0.4,1.95,,,,0.95,1.95,,0.45,0.45,1.95
118,10263540,,3.95,,,,,0.95,0.45,,,,3.95,3.95,,3.95,7.95,7.95,,,,,,,,,3.95,,1.95,0.45,,,0.4,,1.95,1.95,,,,1.45,1.95,0.45,,,,1.95,0.95,,,,,,0.45,,0.4,0.45,,,,,1.95,0.95,,,,,0.45,0.95,0.4,,,,0.4,1.95,1.95,,1.95,,,,,,0.4,,,,,3.95,3.95,1.95,1.95,2.95,1.95,1.95,1.95,1.95,1.95,1.95,2.95,,,1.95,,,0.4,7.95,7.95,,3.95,1.95,,,,,,,0.4,1.95,,0.4,3.95,,,7.95,,0.4,0.4,0.4,0.45,0.4,0.45,0.45,0.95,1.95,1.95,1.95,0.45,0.45,,,,,,,,,,1.95,1.95,1.95,1.95,1.95,1.95,,,,1.95,1.95,0.95,,,3.95,3.95,,0.45,0.45,0.45,1.95,1.95,1.95,1.95,1.95,1.95,,,1.95,,,,,0.45,,,,1.95,,,,1.95,0.4,0.4,1.95,,,,0.95,1.95,,0.45,0.45,1.95
118,10263600,,3.95,,,,,0.95,0.45,,,,3.95,3.95,,3.95,7.95,7.95,,,,,,,,,3.95,,1.95,0.45,,,0.4,,1.95,1.95,,,,1.45,1.95,0.45,,,,1.95,0.95,,,,,,0.45,,0.4,0.45,,,,,1.95,0.95,,,,,0.45,0.95,0.4,,,,0.4,1.95,1.95,,1.95,,,,,,0.4,,,,,3.95,3.95,1.95,1.95,2.95,1.95,1.95,1.95,1.95,1.95,1.95,2.95,,,1.95,,,0.4,7.95,7.95,,3.95,1.95,,,,,,,0.4,1.95,,0.4,3.95,,,7.95,,0.4,0.4,0.4,0.45,0.4,0.45,0.45,0.95,1.95,1.95,1.95,0.45,0.45,,,,,,,,,,1.95,1.95,1.95,1.95,1.95,1.95,,,,1.95,1.95,0.95,,,3.95,3.95,,0.45,0.45,0.45,1.95,1.95,1.95,1.95,1.95,1.95,,,1.95,,,,,0.45,,,,1.95,,,,1.95,0.4,0.4,1.95,,,,0.95,1.95,,0.45,0.45,1.95
118,10263660,,3.95,,,,,0.95,0.45,,,,3.95,3.95,,3.95,7.95,7.95,,,,,,,,,3.95,,1.95,0.45,,,0.4,,1.95,1.95,,,,1.45,1.95,0.45,,,,1.95,0.95,,,,,,0.45,,0.4,0.45,,,,,1.95,0.95,,,,,0.45,0.95,0.4,,,,0.4,1.95,1.95,,1.95,,,,,,0.4,,,,,3.95,3.95,1.95,1.95,2.95,1.95,1.95,1.95,1.95,1.95,1.95,2.95,,,1.95,,,0.4,7.95,7.95,,3.95,1.95,,,,,,,0.4,1.95,,0.4,3.95,,,7.95,,0.4,0.4,0.4,0.45,0.4,0.45,0.45,0.95,1.95,1.95,1.95,0.45,0.45,,,,,,,,,,1.95,1.95,1.95,1.95,1.95,1.95,,,,1.95,1.95,0.95,,,3.95,3.95,,0.45,0.45,0.45,1.95,1.95,1.95,1.95,1.95,1.95,,,1.95,,,,,0.45,,,,1.95,,,,1.95,0.4,0.4,1.95,,,,0.95,1.95,,0.45,0.45,1.95
118,10263720,,3.95,,,,,0.95,0.45,,,,3.95,3.95,,3.95,7.95,7.95,,,,,,,,,3.95,,1.95,0.45,,,0.4,,1.95,1.95,,,,1.45,1.95,0.45,,,,1.95,0.95,,,,,,0.45,,0.4,0.45,,,,,1.95,0.95,,,,,0.45,0.95,0.4,,,,0.4,1.95,1.95,,1.95,,,,,,0.4,,,,,3.95,3.95,1.95,1.95,2.95,1.95,1.95,1.95,1.95,1.95,1.95,2.95,,,1.95,,,0.4,7.95,7.95,,3.95,1.95,,,,,,,0.4,1.95,,0.4,3.95,,,7.95,,0.4,0.4,0.4,0.45,0.4,0.45,0.45,0.95,1.95,1.95,1.95,0.45,0.45,,,,,,,,,,1.95,1.95,1.95,1.95,1.95,1.95,,,,1.95,1.95,0.95,,,3.95,3.95,,0.45,0.45,0.45,1.95,1.95,1.95,1.95,1.95,1.95,,,1.95,,,,,0.45,,,,1.95,,,,1.95,0.4,0.4,1.95,,,,0.95,1.95,,0.45,0.45,1.95
118,10263780,,3.95,,,,,0.95,0.45,,,,3.95,3.95,,3.95,7.95,7.95,,,,,,,,,3.95,,1.95,0.45,,,0.4,,1.95,1.95,,,,1.45,1.95,0.45,,,,1.95,0.95,,,,,,0.45,,0.4,0.45,,,,,1.95,0.95,,,,,0.45,0.95,0.4,,,,0.4,1.95,1.95,,1.95,,,,,,0.4,,,,,3.95,3.95,1.95,1.95,2.95,1.95,1.95,1.95,1.95,1.95,1.95,2.95,,,1.95,,,0.4,7.95,7.95,,3.95,1.95,,,,,,,0.4,1.95,,0.4,3.95,,,7.95,,0.4,0.4,0.4,0.45,0.4,0.45,0.45,0.95,1.95,1.95,1.95,0.45,0.45,,,,,,,,,,1.95,1.95,1.95,1.95,1.95,1.95,,,,1.95,1.95,0.95,,,3.95,3.95,,0.45,0.45,0.45,1.95,1.95,1.95,1.95,1.95,1.95,,,1.95,,,,,0.45,,,,1.95,,,,1.95,0.4,0.4,1.95,,,,0.95,1.95,,0.45,0.45,1.95
118,10263840,,3.95,,,,,0.95,0.45,,,,3.95,3.95,,3.95,7.95,7.95,,,,,,,,,3.95,,1.95,0.45,,,0.4,,1.95,1.95,,,,1.283,1.95,0.45,,,,1.95,0.95,,,,,,0.45,,0.4,0.45,,,,,1.95,0.95,,,,,0.45,0.95,0.4,,,,0.4,1.95,1.95,,1.95,,,,,,0.4,,,,,3.95,3.95,1.95,1.95,2.95,1.95,1.95,1.95,1.95,1.95,1.95,2.95,,,1.95,,,0.4,7.95,7.95,,3.95,1.95,,,,,,,0.4,1.95,,0.4,3.95,,,7.95,,0.4,0.4,0.4,0.45,0.4,0.45,0.45,0.95,1.95,1.95,1.95,0.45,0.45,,,,,,,,,,1.95,1.95,1.95,1.95,1.95,1.95,,,,1.95,1.95,0.95,,,3.95,3.95,,0.45,0.45,0.45,1.95,1.95,1.95,1.95,1.95,1.95,,,1.95,,,,,0.45,,,,1.95,,,,1.95,0.4,0.4,1.95,,,,0.95,1.95,,0.45,0.45,1.95
118,10263900,,3.95,,,,,0.95,0.45,,,,3.95,3.95,,3.95,7.95,7.95,,,,,,,,,3.95,,1.95,0.45,,,0.4,,1.95,1.95,,,,1.45,1.95,0.45,,,,1.95,0.95,,,,,,0.45,,0.4,0.45,,,,,1.95,0.95,,,,,0.45,0.95,0.4,,,,0.4,1.95,1.95,,1.95,,,,,,0.4,,,,,3.95,3.95,1.95,1.95,2.95,1.95,1.95,1.95,1.95,1.95,1.95,2.95,,,1.95,,,0.4,7.95,7.95,,3.95,1.95,,,,,,,0.4,1.95,,0.4,3.95,,,7.95,,0.4,0.4,0.4,0.45,0.4,0.45,0.45,0.95,1.95,1.95,1.95,0.45,0.45,,,,,,,,,,1.95,1.95,1.95,1.95,1.95,1.95,,,,1.95,1.95,0.95,,,3.95,3.95,,0.45,0.45,0.45,1.95,1.95,1.95,1.95,1.95,1.95,,,1.95,,,,,0.45,,,,1.95,,,,1.95,0.4,0.4,1.95,,,,0.95,1.95,,0.45,0.45,1.95
118,10263960,,3.95,,,,,0.95,0.45,,,,3.95,3.95,,3.95,7.95,7.95,,,,,,,,,3.95,,1.95,0.45,,,0.4,,1.95,1.95,,,,1.45,1.95,0.45,,,,1.95,0.95,,,,,,0.45,,0.4,0.45,,,,,1.95,0.95,,,,,0.45,0.95,0.4,,,,0.4,1.95,1.95,,1.95,,,,,,0.4,,,,,3.95,3.95,1.95,1.95,2.95,1.95,1.95,1.95,1.95,1.95,1.95,2.95,,,1.95,,,0.4,7.95,7.95,,3.95,1.95,,,,,,,0.4,1.95,,0.4,3.95,,,7.95,,0.4,0.4,0.4,0.45,0.4,0.45,0.45,0.95,1.95,1.95,1.95,0.45,0.45,,,,,,,,,,1.95,1.95,1.95,1.95,1.95,1.95,,,,1.95,1.95,0.95,,,3.95,3.95,,0.45,0.45,0.45,1.95,1.95,1.95,1.95,1.95,1.95,,,1.95,,,,,0.45,,,,1.95,,,,1.95,0.4,0.4,1.95,,,,0.95,1.95,,0.45,0.45,1.95
118,10264020,,3.95,,,,,0.95,0.45,,,,3.95,3.95,,3.95,7.95,7.95,,,,,,,,,3.95,,1.95,0.45,,,0.4,,1.95,1.95,,,,1.45,1.95,0.45,,,,1.95,0.95,,,,,,0.45,,0.4,0.45,,,,,1.95,0.95,,,,,0.45,0.95,0.4,,,,0.4,1.95,1.95,,1.95,,,,,,0.4,,,,,3.95,3.95,1.95,1.95,2.95,1.95,1.95,1.95,1.95,1.95,1.95,2.95,,,1.95,,,0.4,7.95,7.95,,3.95,1.95,,,,,,,0.4,1.95,,0.4,3.95,,,7.95,,0.4,0.4,0.4,0.45,0.4,0.45,0.45,0.95,1.95,1.95,1.95,0.45,0.45,,,,,,,,,,1.95,1.95,1.95,1.95,1.95,1.95,,,,1.95,1.95,0.95,,,3.95,3.95,,0.45,0.45,0.45,1.95,1.95,1.95,1.95,1.95,1.95,,,1.95,,,,,0.45,,,,1.95,,,,1.95,0.4,0.4,1.95,,,,0.95,1.95,,0.45,0.45,1.95
118,10264080,,3.95,,,,,0.95,0.45,,,,3.95,3.95,,3.95,7.95,7.95,,,,,,,,,3.95,,1.95,0.45,,,0.4,,1.95,1.95,,,,1.45,1.95,0.45,,,,1.95,0.95,,,,,,0.45,,0.4,0.45,,,,,1.95,0.95,,,,,0.45,0.95,0.4,,,,0.4,1.95,1.95,,1.95,,,,,,0.4,,,,,3.95,3.95,1.95,1.95,2.95,1.95,1.95,1.95,1.95,1.95,1.95,2.95,,,1.95,,,0.4,7.95,7.95,,3.95,1.95,,,,,,,0.4,1.95,,0.4,3.95,,,7.95,,0.4,0.4,0.4,0.45,0.4,0.45,0.45,0.95,1.95,1.95,1.95,0.45,0.45,,,,,,,,,,1.95,1.95,1.95,1.95,1.95,1.95,,,,1.95,1.95,0.95,,,3.95,3.95,,0.45,0.45,0.45,1.95,1.95,1.95,1.95,1.95,1.95,,,1.95,,,,,0.45,,,,1.95,,,,1.95,0.4,0.4,1.95,,,,0.95,1.95,,0.45,0.45,1.95
118,10264140,,3.95,,,,,0.95,0.45,,,,3.95,3.95,,3.95,7.95,7.95,,,,,,,,,3.95,,1.95,0.45,,,0.4,,1.95,1.95,,,,1.45,1.95,0.45,,,,1.95,0.95,,,,,,0.45,,0.4,0.45,,,,,1.95,0.95,,,,,0.45,0.95,0.4,,,,0.4,1.95,1.95,,1.95,,,,,,0.4,,,,,3.95,3.95,1.95,1.95,2.95,1.95,1.95,1.95,1.95,1.95,1.95,2.95,,,1.95,,,0.4,7.95,7.95,,3.95,1.95,,,,,,,0.4,1.95,,0.4,3.95,,,7.95,,0.4,0.4,0.4,0.45,0.4,0.45,0.45,0.95,1.95,1.95,1.95,0.45,0.45,,,,,,,,,,1.95,1.95,1.95,1.95,1.95,1.95,,,,1.95,1.95,0.95,,,3.95,3.95,,0.45,0.45,0.45,1.95,1.95,1.95,1.95,1.95,1.95,,,1.95,,,,,0.45,,,,1.95,,,,1.95,0.4,0.4,1.95,,,,0.95,1.95,,0.45,0.45,1.95
118,10264200,,3.95,,,,,0.95,0.45,,,,3.95,3.95,,3.95,7.95,7.95,,,,,,,,,3.95,,1.95,0.45,,,0.4,,1.95,1.95,,,,1.45,1.95,0.45,,,,1.95,0.95,,,,,,0.45,,0.4,0.45,,,,,1.95,0.95,,,,,0.45,0.95,0.4,,,,0.4,1.95,1.95,,1.95,,,,,,0.4,,,,,3.95,3.95,1.95,1.95,2.95,1.95,1.95,1.95,1.95,1.95,1.95,2.95,,,1.95,,,0.4,7.95,7.95,,3.95,1.95,,,,,,,0.4,1.95,,0.4,3.95,,,7.95,,0.4,0.4,0.4,0.45,0.4,0.45,0.45,0.95,1.95,1.95,1.95,0.45,0.45,,,,,,,,,,1.95,1.95,1.95,1.95,1.95,1.95,,,,1.95,1.95,0.95,,,3.95,3.95,,0.45,0.45,0.45,1.95,1.95,1.95,1.95,1.95,1.95,,,1.95,,,,,0.45,,,,1.95,,,,1.95,0.4,0.4,1.95,,,,0.95,1.95,,0.45,0.45,1.95
118,10264260,,3.95,,,,,0.95,0.45,,,,3.95,3.95,,3.95,7.95,7.95,,,,,,,,,3.95,,1.95,0.45,,,0.4,,1.95,1.95,,,,1.45,1.95,0.45,,,,1.95,0.95,,,,,,0.45,,0.4,0.45,,,,,1.95,0.95,,,,,0.45,0.95,0.4,,,,0.4,1.95,1.95,,1.95,,,,,,0.4,,,,,3.95,3.95,1.95,1.95,2.95,1.95,1.95,1.95,1.95,1.95,1.95,2.95,,,1.95,,,0.4,7.95,7.95,,3.95,1.95,,,,,,,0.4,1.95,,0.4,3.95,,,7.95,,0.4,0.4,0.4,0.45,0.4,0.45,0.45,0.95,1.95,1.95,1.95,0.45,0.45,,,,,,,,,,1.95,1.95,1.95,1.95,1.95,1.95,,,,1.95,1.95,0.95,,,3.95,3.95,,0.45,0.45,0.45,1.95,1.95,1.95,1.95,1.95,1.95,,,1.95,,,,,0.45,,,,1.95,,,,1.95,0.4,0.4,1.95,,,,0.95,1.95,,0.45,0.45,1.95
118,10264320,,3.95,,,,,0.95,0.45,,,,3.95,3.95,,3.95,7.95,7.95,,,,,,,,,3.95,,1.95,0.45,,,0.4,,1.95,1.95,,,,1.45,1.95,0.45,,,,1.95,0.95,,,,,,0.45,,0.4,0.45,,,,,1.95,0.95,,,,,0.45,0.95,0.4,,,,0.4,1.95,1.95,,1.95,,,,,,0.4,,,,,3.95,3.95,1.95,1.95,2.95,1.95,1.95,1.95,1.95,1.95,1.95,2.95,,,1.95,,,0.4,7.95,7.95,,3.95,1.95,,,,,,,0.4,1.95,,0.4,3.95,,,7.95,,0.4,0.4,0.4,0.45,0.4,0.45,0.45,0.95,1.95,1.95,1.95,0.45,0.45,,,,,,,,,,1.95,1.95,1.95,1.95,1.95,1.95,,,,1.95,1.95,0.95,,,3.95,3.95,,0.45,0.45,0.45,1.95,1.95,1.95,1.95,1.95,1.95,,,1.95,,,,,0.45,,,,1.95,,,,1.95,0.4,0.4,1.95,,,,0.95,1.95,,0.45,0.45,1.95
118,10264380,,3.95,,,,,0.95,0.45,,,,3.95,3.95,,3.95,7.95,7.95,,,,,,,,,3.95,,1.95,0.45,,,0.4,,1.95,1.95,,,,1.45,1.95,0.45,,,,1.95,0.95,,,,,,0.45,,0.4,0.45,,,,,1.95,0.95,,,,,0.45,0.95,0.4,,,,0.4,1.95,1.95,,1.95,,,,,,0.4,,,,,3.95,3.95,1.95,1.95,2.95,1.95,1.95,1.95,1.95,1.95,1.95,2.95,,,1.95,,,0.4,7.95,7.95,,3.95,1.95,,,,,,,0.4,1.95,,0.4,3.95,,,7.95,,0.4,0.4,0.4,0.45,0.4,0.45,0.45,0.95,1.95,1.95,1.95,0.45,0.45,,,,,,,,,,1.95,1.95,1.95,1.95,1.95,1.95,,,,1.95,1.95,0.95,,,3.95,3.95,,0.45,0.45,0.45,1.95,1.95,1.95,1.95,1.95,1.95,,,1.95,,,,,0.45,,,,1.95,,,,1.95,0.4,0.4,1.95,,,,0.95,1.95,,0.45,0.45,1.95
118,10264440,,3.95,,,,,0.95,0.45,,,,3.95,3.95,,3.95,7.95,7.95,,,,,,,,,3.95,,1.95,0.45,,,0.4,,1.95,1.95,,,,1.45,1.95,0.45,,,,1.95,0.95,,,,,,0.45,,0.4,0.45,,,,,1.95,0.95,,,,,0.45,0.95,0.4,,,,0.4,1.95,1.95,,1.95,,,,,,0.4,,,,,3.95,3.95,1.95,1.95,2.95,1.95,1.95,1.95,1.95,1.95,1.95,2.95,,,1.95,,,0.4,7.95,7.95,,3.95,1.95,,,,,,,0.4,1.95,,0.4,3.95,,,7.95,,0.4,0.4,0.4,0.45,0.4,0.45,0.45,0.95,1.95,1.95,1.95,0.45,0.45,,,,,,,,,,1.95,1.95,1.95,1.95,1.95,1.95,,,,1.95,1.95,0.95,,,3.95,3.95,,0.45,0.45,0.45,1.95,1.95,1.95,1.95,1.95,1.95,,,1.95,,,,,0.45,,,,1.95,,,,1.95,0.4,0.4,1.95,,,,0.95,1.95,,0.45,0.45,1.95
118,10264500,,3.95,,,,,0.95,0.45,,,,3.95,3.95,,3.95,7.95,7.95,,,,,,,,,3.95,,1.95,0.45,,,0.4,,1.95,1.95,,,,1.45,1.95,0.45,,,,1.95,0.95,,,,,,0.45,,0.4,0.45,,,,,1.95,0.95,,,,,0.45,0.95,0.4,,,,0.4,1.95,1.95,,1.95,,,,,,0.4,,,,,3.95,3.95,1.95,1.95,2.95,1.95,1.95,1.95,1.95,1.95,1.95,2.95,,,1.95,,,0.4,7.95,7.95,,3.95,1.95,,,,,,,0.4,1.95,,0.4,3.95,,,7.95,,0.4,0.4,0.4,0.45,0.4,0.45,0.45,0.95,1.95,1.95,1.95,0.45,0.45,,,,,,,,,,1.95,1.95,1.95,1.95,1.95,1.95,,,,1.95,1.95,0.95,,,3.95,3.95,,0.45,0.45,0.45,1.95,1.95,1.95,1.95,1.95,1.95,,,1.95,,,,,0.45,,,,1.95,,,,1.95,0.4,0.4,1.95,,,,0.95,1.95,,0.45,0.45,1.95
118,10264560,,3.95,,,,,0.95,0.45,,,,3.95,3.95,,3.95,7.95,7.95,,,,,,,,,3.95,,1.95,0.45,,,0.4,,1.95,1.95,,,,1.45,1.95,0.45,,,,1.95,0.95,,,,,,0.45,,0.4,0.45,,,,,1.95,0.95,,,,,0.45,0.95,0.4,,,,0.4,1.95,1.95,,1.95,,,,,,0.4,,,,,3.95,3.95,1.95,1.95,2.95,1.95,1.95,1.95,1.95,1.95,1.95,2.95,,,1.95,,,0.4,7.95,7.95,,3.95,1.95,,,,,,,0.4,1.95,,0.4,3.95,,,7.95,,0.4,0.4,0.4,0.45,0.4,0.45,0.45,0.95,1.95,1.95,1.95,0.45,0.45,,,,,,,,,,1.95,1.95,1.95,1.95,1.95,1.95,,,,1.95,1.95,0.95,,,3.95,3.95,,0.45,0.45,0.45,1.95,1.95,1.95,1.95,1.95,1.95,,,1.95,,,,,0.45,,,,1.95,,,,1.95,0.4,0.4,1.95,,,,0.95,1.95,,0.45,0.45,1.95
118,10264620,,3.95,,,,,0.95,0.45,,,,3.95,3.95,,3.95,7.95,7.95,,,,,,,,,3.95,,1.95,0.45,,,0.4,,1.95,1.95,,,,1.45,1.95,0.45,,,,1.95,0.95,,,,,,0.45,,0.4,0.45,,,,,1.95,0.95,,,,,0.45,0.95,0.4,,,,0.4,1.95,1.95,,1.95,,,,,,0.4,,,,,3.95,3.95,1.95,1.95,2.95,1.95,1.95,1.95,1.95,1.95,1.95,2.95,,,1.95,,,0.4,7.95,7.95,,3.95,1.95,,,,,,,0.4,1.95,,0.4,3.95,,,7.95,,0.4,0.4,0.4,0.45,0.4,0.45,0.45,0.95,1.95,1.95,1.95,0.45,0.45,,,,,,,,,,1.95,1.95,1.95,1.95,1.95,1.95,,,,1.95,1.95,0.95,,,3.95,3.95,,0.45,0.45,0.45,1.95,1.95,1.95,1.95,1.95,1.95,,,1.95,,,,,0.45,,,,1.95,,,,1.95,0.4,0.4,1.95,,,,0.95,1.95,,0.45,0.45,1.95
118,10264680,,3.95,,,,,0.95,0.45,,,,3.95,3.95,,3.95,7.95,7.95,,,,,,,,,3.95,,1.95,0.45,,,0.4,,1.95,1.95,,,,1.45,1.95,0.45,,,,1.95,0.95,,,,,,0.45,,0.4,0.45,,,,,1.95,0.95,,,,,0.45,0.95,0.4,,,,0.4,1.95,1.95,,1.95,,,,,,0.4,,,,,3.95,3.95,1.95,1.95,2.95,1.95,1.95,1.95,1.95,1.95,1.95,2.95,,,1.95,,,0.4,7.95,7.95,,3.95,1.95,,,,,,,0.4,1.95,,0.4,3.95,,,7.95,,0.4,0.4,0.4,0.45,0.4,0.45,0.45,0.95,1.95,1.95,1.95,0.45,0.45,,,,,,,,,,1.95,1.95,1.95,1.95,1.95,1.95,,,,1.95,1.95,0.95,,,3.95,3.95,,0.45,0.45,0.45,1.95,1.95,1.95,1.95,1.95,1.95,,,1.95,,,,,0.45,,,,1.95,,,,1.95,0.4,0.4,1.95,,,,0.95,1.95,,0.45,0.45,1.95
118,10264740,,3.95,,,,,0.95,0.45,,,,3.95,3.95,,3.95,7.95,7.95,,,,,,,,,3.95,,1.95,0.45,,,0.4,,1.95,1.95,,,,1.45,1.95,0.45,,,,1.95,0.95,,,,,,0.45,,0.4,0.45,,,,,1.95,0.95,,,,,0.45,0.95,0.4,,,,0.4,1.95,1.95,,1.95,,,,,,0.4,,,,,3.95,3.95,1.95,1.95,2.95,1.95,1.95,1.95,1.95,1.95,1.95,2.95,,,1.95,,,0.4,7.95,7.95,,3.95,1.95,,,,,,,0.4,1.95,,0.4,3.95,,,7.95,,0.4,0.4,0.4,0.45,0.4,0.45,0.45,0.95,1.95,1.95,1.95,0.45,0.45,,,,,,,,,,1.95,1.95,1.95,1.95,1.95,1.95,,,,1.95,1.95,0.95,,,3.95,3.95,,0.45,0.45,0.45,1.95,1.95,1.95,1.95,1.95,1.95,,,1.95,,,,,0.45,,,,1.95,,,,1.95,0.4,0.4,1.95,,,,0.95,1.95,,0.45,0.45,1.95
118,10264800,,3.95,,,,,0.95,0.45,,,,3.95,3.95,,3.95,7.95,7.95,,,,,,,,,3.95,,1.95,0.45,,,0.4,,1.95,1.95,,,,1.45,1.95,0.45,,,,1.95,0.95,,,,,,0.45,,0.4,0.45,,,,,1.95,0.95,,,,,0.45,0.95,0.4,,,,0.4,1.95,1.95,,1.95,,,,,,0.4,,,,,3.95,3.95,1.95,1.95,2.95,1.95,1.95,1.95,1.95,1.95,1.95,2.95,,,1.95,,,0.4,7.95,7.95,,3.95,1.95,,,,,,,0.4,1.95,,0.4,3.95,,,7.95,,0.4,0.4,0.4,0.45,0.4,0.45,0.45,0.95,1.95,1.95,1.95,0.45,0.45,,,,,,,,,,1.95,1.95,1.95,1.95,1.95,1.95,,,,1.95,1.95,0.95,,,3.95,3.95,,0.45,0.45,0.45,1.95,1.95,1.95,1.95,1.95,1.95,,,1.95,,,,,0.45,,,,1.95,,,,1.95,0.4,0.4,1.95,,,,0.95,1.95,,0.45,0.45,1.95
118,10264860,,3.95,,,,,0.95,0.45,,,,3.95,3.95,,3.95,7.95,7.95,,,,,,,,,3.95,,1.95,0.45,,,0.4,,1.95,1.95,,,,1.45,1.95,0.45,,,,1.95,0.95,,,,,,0.45,,0.4,0.45,,,,,1.95,0.95,,,,,0.45,0.95,0.4,,,,0.4,1.95,1.95,,1.95,,,,,,0.4,,,,,3.95,3.95,1.95,1.95,2.95,1.95,1.95,1.95,1.95,1.95,1.95,2.95,,,1.95,,,0.4,7.95,7.95,,3.95,1.95,,,,,,,0.4,1.95,,0.4,3.95,,,7.95,,0.4,0.4,0.4,0.45,0.4,0.45,0.45,0.95,1.95,1.95,1.95,0.45,0.45,,,,,,,,,,1.95,1.95,1.95,1.95,1.95,1.95,,,,1.95,1.95,0.95,,,3.95,3.95,,0.45,0.45,0.45,1.95,1.95,1.95,1.95,1.95,1.95,,,1.95,,,,,0.45,,,,1.95,,,,1.95,0.4,0.4,1.95,,,,0.95,1.95,,0.45,0.45,1.95
118,10264920,,3.95,,,,,0.95,0.45,,,,3.95,3.95,,3.95,7.95,7.95,,,,,,,,,3.95,,1.95,0.45,,,0.4,,1.95,1.95,,,,1.45,1.95,0.45,,,,1.95,0.95,,,,,,0.45,,0.4,0.45,,,,,1.95,0.95,,,,,0.45,0.95,0.4,,,,0.4,1.95,1.95,,1.95,,,,,,0.4,,,,,3.95,3.95,1.95,1.95,2.95,1.95,1.95,1.95,1.95,1.95,1.95,2.95,,,1.95,,,0.4,7.95,7.95,,3.95,1.95,,,,,,,0.4,1.95,,0.4,3.95,,,7.95,,0.4,0.4,0.4,0.45,0.4,0.45,0.45,0.95,1.95,1.95,1.95,0.45,0.45,,,,,,,,,,1.95,1.95,1.95,1.95,1.95,1.95,,,,1.95,1.95,0.95,,,3.95,3.95,,0.45,0.45,0.45,1.95,1.95,1.95,1.95,1.95,1.95,,,1.95,,,,,0.45,,,,1.95,,,,1.95,0.4,0.4,1.95,,,,0.95,1.95,,0.45,0.45,1.95
118,10264980,,3.95,,,,,0.95,0.45,,,,3.95,3.95,,3.95,7.95,7.95,,,,,,,,,3.95,,1.95,0.45,,,0.4,,1.95,1.95,,,,1.45,1.95,0.45,,,,1.95,0.95,,,,,,0.45,,0.4,0.45,,,,,1.95,0.95,,,,,0.45,0.95,0.4,,,,0.4,1.95,1.95,,1.95,,,,,,0.4,,,,,3.95,3.95,1.95,1.95,2.95,1.95,1.95,1.95,1.95,1.95,1.95,2.95,,,1.95,,,0.4,7.95,7.95,,3.95,1.95,,,,,,,0.4,1.95,,0.4,3.95,,,7.95,,0.4,0.4,0.4,0.45,0.4,0.45,0.45,0.95,1.95,1.95,1.95,0.45,0.45,,,,,,,,,,1.95,1.95,1.95,1.95,1.95,1.95,,,,1.95,1.95,0.95,,,3.95,3.95,,0.45,0.45,0.45,1.95,1.95,1.95,1.95,1.95,1.95,,,1.95,,,,,0.45,,,,1.95,,,,1.95,0.4,0.4,1.95,,,,0.95,1.95,,0.45,0.45,1.95
118,10265040,,3.95,,,,,0.95,0.45,,,,3.95,3.95,,3.95,7.95,7.95,,,,,,,,,3.95,,1.95,0.45,,,0.4,,1.95,1.95,,,,1.45,1.95,0.45,,,,1.95,0.95,,,,,,0.45,,0.4,0.45,,,,,1.95,0.95,,,,,0.45,0.95,0.4,,,,0.4,1.95,1.95,,1.95,,,,,,0.4,,,,,3.95,3.95,1.95,1.95,2.95,1.95,1.95,1.95,1.95,1.95,1.95,2.95,,,1.95,,,0.4,7.95,7.95,,3.95,1.95,,,,,,,0.4,1.95,,0.4,3.95,,,7.95,,0.4,0.4,0.4,0.45,0.4,0.45,0.45,0.95,1.95,1.95,1.95,0.45,0.45,,,,,,,,,,1.95,1.95,1.95,1.95,1.95,1.95,,,,1.95,1.95,0.95,,,3.95,3.95,,0.45,0.45,0.45,1.95,1.95,1.95,1.95,1.95,1.95,,,1.95,,,,,0.45,,,,1.95,,,,1.95,0.4,0.4,1.95,,,,0.95,1.95,,0.45,0.45,1.95
118,10265100,,3.95,,,,,0.95,0.45,,,,3.95,3.95,,3.95,7.95,7.95,,,,,,,,,3.95,,1.95,0.45,,,0.4,,1.95,1.95,,,,1.45,1.95,0.45,,,,1.95,0.95,,,,,,0.45,,0.4,0.45,,,,,1.95,0.95,,,,,0.45,0.95,0.4,,,,0.4,1.95,1.95,,1.95,,,,,,0.4,,,,,3.95,3.95,1.95,1.95,2.95,1.95,1.95,1.95,1.95,1.95,1.95,2.95,,,1.95,,,0.4,7.95,7.95,,3.95,1.95,,,,,,,0.4,1.95,,0.4,3.95,,,7.95,,0.4,0.4,0.4,0.45,0.4,0.45,0.45,0.95,1.95,1.95,1.95,0.45,0.45,,,,,,,,,,1.95,1.95,1.95,1.95,1.95,1.95,,,,1.95,1.95,0.95,,,3.95,3.95,,0.45,0.45,0.45,1.95,1.95,1.95,1.95,1.95,1.95,,,1.95,,,,,0.45,,,,1.95,,,,1.95,0.4,0.4,1.95,,,,0.95,1.95,,0.45,0.45,1.95
118,10265160,,3.95,,,,,0.95,0.45,,,,3.95,3.95,,3.95,7.95,7.95,,,,,,,,,3.95,,1.95,0.45,,,0.4,,1.95,1.95,,,,1.45,1.95,0.45,,,,1.95,0.95,,,,,,0.45,,0.4,0.45,,,,,1.95,0.95,,,,,0.45,0.95,0.4,,,,0.4,1.95,1.95,,1.95,,,,,,0.4,,,,,3.95,3.95,1.95,1.95,2.95,1.95,1.95,1.95,1.95,1.95,1.95,2.95,,,1.95,,,0.4,7.95,7.95,,3.95,1.95,,,,,,,0.4,1.95,,0.4,3.95,,,7.95,,0.4,0.4,0.4,0.45,0.4,0.45,0.45,0.95,1.95,1.95,1.95,0.45,0.45,,,,,,,,,,1.95,1.95,1.95,1.95,1.95,1.95,,,,1.95,1.95,0.95,,,3.95,3.95,,0.45,0.45,0.45,1.95,1.95,1.95,1.95,1.95,1.95,,,1.95,,,,,0.45,,,,1.95,,,,1.95,0.4,0.4,1.95,,,,0.95,1.95,,0.45,0.45,1.95
118,10265220,,3.95,,,,,0.95,0.45,,,,3.95,3.95,,3.95,7.95,7.95,,,,,,,,,3.95,,1.95,0.45,,,0.4,,1.95,1.95,,,,1.45,1.95,0.45,,,,1.95,0.95,,,,,,0.45,,0.4,0.45,,,,,1.95,0.95,,,,,0.45,0.95,0.4,,,,0.4,1.95,1.95,,1.95,,,,,,0.4,,,,,3.95,3.95,1.95,1.95,2.95,1.95,1.95,1.95,1.95,1.95,1.95,2.95,,,1.95,,,0.4,7.95,7.95,,3.95,1.95,,,,,,,0.4,1.95,,0.4,3.95,,,7.95,,0.4,0.4,0.4,0.45,0.4,0.45,0.45,0.95,1.95,1.95,1.95,0.45,0.45,,,,,,,,,,1.95,1.95,1.95,1.95,1.95,1.95,,,,1.95,1.95,0.95,,,3.95,3.95,,0.45,0.45,0.45,1.95,1.95,1.95,1.95,1.95,1.95,,,1.95,,,,,0.45,,,,1.95,,,,1.95,0.4,0.4,1.95,,,,0.95,1.95,,0.45,0.45,1.95
118,10265280,,3.95,,,,,0.95,0.45,,,,3.95,3.95,,3.95,7.95,7.95,,,,,,,,,3.95,,1.95,0.45,,,0.4,,1.95,1.95,,,,1.617,1.95,0.45,,,,1.95,0.95,,,,,,0.45,,0.4,0.45,,,,,1.95,0.95,,,,,0.45,0.95,0.4,,,,0.4,1.95,1.95,,1.95,,,,,,0.4,,,,,3.95,3.95,1.95,1.95,2.95,1.95,1.95,1.95,1.95,1.95,1.95,2.95,,,1.95,,,0.4,7.95,7.95,,3.95,1.95,,,,,,,0.4,1.95,,0.4,3.95,,,7.95,,0.4,0.4,0.4,0.45,0.4,0.45,0.45,0.95,1.95,1.95,1.95,0.45,0.45,,,,,,,,,,1.95,1.95,1.95,1.95,1.95,1.95,,,,1.95,1.95,0.95,,,3.95,3.95,,0.45,0.45,0.45,1.95,1.95,1.95,1.95,1.95,1.95,,,1.95,,,,,0.45,,,,1.95,,,,1.95,0.4,0.4,1.95,,,,0.95,1.95,,0.45,0.45,1.95
118,10265340,,3.95,,,,,0.95,0.45,,,,3.95,3.95,,3.95,7.95,7.95,,,,,,,,,3.95,,1.95,0.45,,,0.4,,1.95,1.95,,,,1.45,1.95,0.45,,,,1.95,0.95,,,,,,0.45,,0.4,0.45,,,,,1.95,0.95,,,,,0.45,0.95,0.4,,,,0.4,1.95,1.95,,1.95,,,,,,0.4,,,,,3.95,3.95,1.95,1.95,2.95,1.95,1.95,1.95,1.95,1.95,1.95,2.95,,,1.95,,,0.4,7.95,7.95,,3.95,1.95,,,,,,,0.4,1.95,,0.4,3.95,,,7.95,,0.4,0.4,0.4,0.45,0.4,0.45,0.45,0.95,1.95,1.95,1.95,0.45,0.45,,,,,,,,,,1.95,1.95,1.95,1.95,1.95,1.95,,,,1.95,1.95,0.95,,,3.95,3.95,,0.45,0.45,0.45,1.95,1.95,1.95,1.95,1.95,1.95,,,1.95,,,,,0.45,,,,1.95,,,,1.95,0.4,0.4,1.95,,,,0.95,1.95,,0.45,0.45,1.95
118,10265400,,3.95,,,,,0.95,0.45,,,,3.95,3.95,,3.95,7.95,7.95,,,,,,,,,3.95,,1.95,0.45,,,0.4,,1.95,1.95,,,,1.45,1.95,0.45,,,,1.95,0.95,,,,,,0.45,,0.4,0.45,,,,,1.95,0.95,,,,,0.45,0.95,0.4,,,,0.4,1.95,1.95,,1.95,,,,,,0.4,,,,,3.95,3.95,1.95,1.95,2.95,1.95,1.95,1.95,1.95,1.95,1.95,2.95,,,1.95,,,0.4,7.95,7.95,,3.95,1.95,,,,,,,0.4,1.95,,0.4,3.95,,,7.95,,0.4,0.4,0.4,0.45,0.4,0.45,0.45,0.95,1.95,1.95,1.95,0.45,0.45,,,,,,,,,,1.95,1.95,1.95,1.95,1.95,1.95,,,,1.95,1.95,0.95,,,3.95,3.95,,0.45,0.45,0.45,1.95,1.95,1.95,1.95,1.95,1.95,,,1.95,,,,,0.45,,,,1.95,,,,1.95,0.4,0.4,1.95,,,,0.95,1.95,,0.45,0.45,1.95
118,10265460,,3.95,,,,,0.95,0.45,,,,3.95,3.95,,3.95,7.95,7.95,,,,,,,,,3.95,,1.95,0.45,,,0.4,,1.95,1.95,,,,1.45,1.95,0.45,,,,1.95,0.95,,,,,,0.45,,0.4,0.45,,,,,1.95,0.95,,,,,0.45,0.95,0.4,,,,0.4,1.95,1.95,,1.95,,,,,,0.4,,,,,3.95,3.95,1.95,1.95,2.95,1.95,1.95,1.95,1.95,1.95,1.95,2.95,,,1.95,,,0.4,7.95,7.95,,3.95,1.95,,,,,,,0.4,1.95,,0.4,3.95,,,7.95,,0.4,0.4,0.4,0.45,0.4,0.45,0.45,0.95,1.95,1.95,1.95,0.45,0.45,,,,,,,,,,1.95,1.95,1.95,1.95,1.95,1.95,,,,1.95,1.95,0.95,,,3.95,3.95,,0.45,0.45,0.45,1.95,1.95,1.95,1.95,1.95,1.95,,,1.95,,,,,0.45,,,,1.95,,,,1.95,0.4,0.4,1.95,,,,0.95,1.95,,0.45,0.45,1.95
118,10265520,,3.95,,,,,0.95,0.45,,,,3.95,3.95,,3.95,7.95,7.95,,,,,,,,,3.95,,1.95,0.45,,,0.4,,1.95,1.95,,,,1.45,1.95,0.45,,,,1.95,0.95,,,,,,0.45,,0.4,0.45,,,,,1.95,0.95,,,,,0.45,0.95,0.4,,,,0.4,1.95,1.95,,1.95,,,,,,0.4,,,,,3.95,3.95,1.95,1.95,2.95,1.95,1.95,1.95,1.95,1.95,1.95,2.95,,,1.95,,,0.4,7.95,7.95,,3.95,1.95,,,,,,,0.4,1.95,,0.4,3.95,,,7.95,,0.4,0.4,0.4,0.45,0.4,0.45,0.45,0.95,1.95,1.95,1.95,0.45,0.45,,,,,,,,,,1.95,1.95,1.95,1.95,1.95,1.95,,,,1.95,1.95,0.95,,,3.95,3.95,,0.45,0.45,0.45,1.95,1.95,1.95,1.95,1.95,1.95,,,1.95,,,,,0.45,,,,1.95,,,,1.95,0.4,0.4,1.95,,,,0.95,1.95,,0.45,0.45,1.95
118,10265580,,3.95,,,,,0.95,0.45,,,,3.95,3.95,,3.95,7.95,7.95,,,,,,,,,3.95,,1.95,0.45,,,0.4,,1.95,1.95,,,,1.45,1.95,0.45,,,,1.95,0.95,,,,,,0.45,,0.4,0.45,,,,,1.95,0.95,,,,,0.45,0.95,0.4,,,,0.4,1.95,1.95,,1.95,,,,,,0.4,,,,,3.95,3.95,1.95,1.95,2.95,1.95,1.95,1.95,1.95,1.95,1.95,2.95,,,1.95,,,0.4,7.95,7.95,,3.95,1.95,,,,,,,0.4,1.95,,0.4,3.95,,,7.95,,0.4,0.4,0.4,0.45,0.4,0.45,0.45,0.95,1.95,1.95,1.95,0.45,0.45,,,,,,,,,,1.95,1.95,1.95,1.95,1.95,1.95,,,,1.95,1.95,0.95,,,3.95,3.95,,0.45,0.45,0.45,1.95,1.95,1.95,1.95,1.95,1.95,,,1.95,,,,,0.45,,,,1.95,,,,1.95,0.4,0.4,1.95,,,,0.95,1.95,,0.45,0.45,1.95
118,10265640,,3.95,,,,,0.95,0.45,,,,3.95,3.95,,3.95,7.95,7.95,,,,,,,,,3.95,,1.95,0.45,,,0.4,,1.95,1.95,,,,1.45,1.95,0.45,,,,1.95,0.95,,,,,,0.45,,0.4,0.45,,,,,1.95,0.95,,,,,0.45,0.95,0.4,,,,0.4,1.95,1.95,,1.95,,,,,,0.4,,,,,3.95,3.95,1.95,1.95,2.95,1.95,1.95,1.95,1.95,1.95,1.95,2.95,,,1.95,,,0.4,7.95,7.95,,3.95,1.95,,,,,,,0.4,1.95,,0.4,3.95,,,7.95,,0.4,0.4,0.4,0.45,0.4,0.45,0.45,0.95,1.95,1.95,1.95,0.45,0.45,,,,,,,,,,1.95,1.95,1.95,1.95,1.95,1.95,,,,1.95,1.95,0.95,,,3.95,3.95,,0.45,0.45,0.45,1.95,1.95,1.95,1.95,1.95,1.95,,,1.95,,,,,0.45,,,,1.95,,,,1.95,0.4,0.4,1.95,,,,0.95,1.95,,0.45,0.45,1.95
118,10265700,,3.95,,,,,0.95,0.45,,,,3.95,3.95,,3.95,7.95,7.95,,,,,,,,,3.95,,1.95,0.45,,,0.4,,1.95,1.95,,,,1.45,1.95,0.45,,,,1.95,0.95,,,,,,0.45,,0.4,0.45,,,,,1.95,0.95,,,,,0.45,0.95,0.4,,,,0.4,1.95,1.95,,1.95,,,,,,0.4,,,,,3.95,3.95,1.95,1.95,2.95,1.95,1.95,1.95,1.95,1.95,1.95,2.95,,,1.95,,,0.4,7.95,7.95,,3.95,1.95,,,,,,,0.4,1.95,,0.4,3.95,,,7.95,,0.4,0.4,0.4,0.45,0.4,0.45,0.45,0.95,1.95,1.95,1.95,0.45,0.45,,,,,,,,,,1.95,1.95,1.95,1.95,1.95,1.95,,,,1.95,1.95,0.95,,,3.95,3.95,,0.45,0.45,0.45,1.95,1.95,1.95,1.95,1.95,1.95,,,1.95,,,,,0.45,,,,1.95,,,,1.95,0.4,0.4,1.95,,,,0.95,1.95,,0.45,0.45,1.95
118,10265760,,3.95,,,,,0.95,0.45,,,,3.95,3.95,,3.95,7.95,7.95,,,,,,,,,3.95,,1.95,0.45,,,0.4,,1.95,1.95,,,,1.45,1.95,0.45,,,,1.95,0.95,,,,,,0.45,,0.4,0.45,,,,,1.95,0.95,,,,,0.45,0.95,0.4,,,,0.4,1.95,1.95,,1.95,,,,,,0.4,,,,,3.95,3.95,1.95,1.95,2.95,1.95,1.95,1.95,1.95,1.95,1.95,2.95,,,1.95,,,0.4,7.95,7.95,,3.95,1.95,,,,,,,0.4,1.95,,0.4,3.95,,,7.95,,0.4,0.4,0.4,0.45,0.4,0.45,0.45,0.95,1.95,1.95,1.95,0.45,0.45,,,,,,,,,,1.95,1.95,1.95,1.95,1.95,1.95,,,,1.95,1.95,0.95,,,3.95,3.95,,0.45,0.45,0.45,1.95,1.95,1.95,1.95,1.95,1.95,,,1.95,,,,,0.45,,,,1.95,,,,1.95,0.4,0.4,1.95,,,,0.95,1.95,,0.45,0.45,1.95
118,10265820,,3.95,,,,,0.95,0.45,,,,3.95,3.95,,3.95,7.95,7.95,,,,,,,,,3.95,,1.95,0.45,,,0.4,,1.95,1.95,,,,1.45,1.95,0.45,,,,1.95,0.95,,,,,,0.45,,0.4,0.45,,,,,1.95,0.95,,,,,0.45,0.95,0.4,,,,0.4,1.95,1.95,,1.95,,,,,,0.4,,,,,3.95,3.95,1.95,1.95,2.95,1.95,1.95,1.95,1.95,1.95,1.95,2.95,,,1.95,,,0.4,7.95,7.95,,3.95,1.95,,,,,,,0.4,1.95,,0.4,3.95,,,7.95,,0.4,0.4,0.4,0.45,0.4,0.45,0.45,0.95,1.95,1.95,1.95,0.45,0.45,,,,,,,,,,1.95,1.95,1.95,1.95,1.95,1.95,,,,1.95,1.95,0.95,,,3.95,3.95,,0.45,0.45,0.45,1.95,1.95,1.95,1.95,1.95,1.95,,,1.95,,,,,0.45,,,,1.95,,,,1.95,0.4,0.4,1.95,,,,0.95,1.95,,0.45,0.45,1.95
118,10265880,,3.95,,,,,0.95,0.45,,,,3.95,3.95,,3.95,7.95,7.95,,,,,,,,,3.95,,1.95,0.45,,,0.4,,1.95,1.95,,,,1.45,1.95,0.45,,,,1.95,0.95,,,,,,0.45,,0.4,0.45,,,,,1.95,0.95,,,,,0.45,0.95,0.4,,,,0.4,1.95,1.95,,1.95,,,,,,0.4,,,,,3.95,3.95,1.95,1.95,2.95,1.95,1.95,1.95,1.95,1.95,1.95,2.95,,,1.95,,,0.4,7.95,7.95,,3.95,1.95,,,,,,,0.4,1.95,,0.4,3.95,,,7.95,,0.4,0.4,0.4,0.45,0.4,0.45,0.45,0.95,1.95,1.95,1.95,0.45,0.45,,,,,,,,,,1.95,1.95,1.95,1.95,1.95,1.95,,,,1.95,1.95,0.95,,,3.95,3.95,,0.45,0.45,0.45,1.95,1.95,1.95,1.95,1.95,1.95,,,1.95,,,,,0.45,,,,1.95,,,,1.95,0.4,0.4,1.95,,,,0.95,1.95,,0.45,0.45,1.95
118,10265940,,3.95,,,,,0.95,0.45,,,,3.95,3.95,,3.95,7.95,7.95,,,,,,,,,3.95,,1.95,0.45,,,0.4,,1.95,1.95,,,,1.45,1.95,0.45,,,,1.95,0.95,,,,,,0.45,,0.4,0.45,,,,,1.95,0.95,,,,,0.45,0.95,0.4,,,,0.4,1.95,1.95,,1.95,,,,,,0.4,,,,,3.95,3.95,1.95,1.95,2.95,1.95,1.95,1.95,1.95,1.95,1.95,2.95,,,1.95,,,0.4,7.95,7.95,,3.95,1.95,,,,,,,0.4,1.95,,0.4,3.95,,,7.95,,0.4,0.4,0.4,0.45,0.4,0.45,0.45,0.95,1.95,1.95,1.95,0.45,0.45,,,,,,,,,,1.95,1.95,1.95,1.95,1.95,1.95,,,,1.95,1.95,0.95,,,3.95,3.95,,0.45,0.45,0.45,1.95,1.95,1.95,1.95,1.95,1.95,,,1.95,,,,,0.45,,,,1.95,,,,1.95,0.4,0.4,1.95,,,,0.95,1.95,,0.45,0.45,1.95
118,10266000,,3.95,,,,,0.95,0.45,,,,3.95,3.95,,3.95,7.95,7.95,,,,,,,,,3.95,,1.95,0.45,,,0.4,,1.95,1.95,,,,1.45,1.95,0.45,,,,1.95,0.95,,,,,,0.45,,0.4,0.45,,,,,1.95,0.95,,,,,0.45,0.95,0.4,,,,0.4,1.95,1.95,,1.95,,,,,,0.4,,,,,3.95,3.95,1.95,1.95,2.95,1.95,1.95,1.95,1.95,1.95,1.95,2.95,,,1.95,,,0.4,7.95,7.95,,3.95,1.95,,,,,,,0.4,1.95,,0.4,3.95,,,7.95,,0.4,0.4,0.4,0.45,0.4,0.45,0.45,0.95,1.95,1.95,1.95,0.45,0.45,,,,,,,,,,1.95,1.95,1.95,1.95,1.95,1.95,,,,1.95,1.95,0.95,,,3.95,3.95,,0.45,0.45,0.45,1.95,1.95,1.95,1.95,1.95,1.95,,,1.95,,,,,0.45,,,,1.95,,,,1.95,0.4,0.4,1.95,,,,0.95,1.95,,0.45,0.45,1.95
118,10266060,,3.95,,,,,0.95,0.45,,,,3.95,3.95,,3.95,7.95,7.95,,,,,,,,,3.95,,1.95,0.45,,,0.4,,1.95,1.95,,,,1.45,1.95,0.45,,,,1.95,0.95,,,,,,0.45,,0.4,0.45,,,,,1.95,0.95,,,,,0.45,0.95,0.4,,,,0.4,1.95,1.95,,1.95,,,,,,0.4,,,,,3.95,3.95,1.95,1.95,2.95,1.95,1.95,1.95,1.95,1.95,1.95,2.95,,,1.95,,,0.4,7.95,7.95,,3.95,1.95,,,,,,,0.4,1.95,,0.4,3.95,,,7.95,,0.4,0.4,0.4,0.45,0.4,0.45,0.45,0.95,1.95,1.95,1.95,0.45,0.45,,,,,,,,,,1.95,1.95,1.95,1.95,1.95,1.95,,,,1.95,1.95,0.95,,,3.95,3.95,,0.45,0.45,0.45,1.95,1.95,1.95,1.95,1.95,1.95,,,1.95,,,,,0.45,,,,1.95,,,,1.95,0.4,0.4,1.95,,,,0.95,1.95,,0.45,0.45,1.95
118,10266120,,3.95,,,,,0.95,0.45,,,,3.95,3.95,,3.95,7.95,7.95,,,,,,,,,3.95,,1.95,0.45,,,0.4,,1.95,1.95,,,,1.45,1.95,0.45,,,,1.95,0.95,,,,,,0.45,,0.4,0.45,,,,,1.95,0.95,,,,,0.45,0.95,0.4,,,,0.4,1.95,1.95,,1.95,,,,,,0.4,,,,,3.95,3.95,1.95,1.95,2.95,1.95,1.95,1.95,1.95,1.95,1.95,2.95,,,1.95,,,0.4,7.95,7.95,,3.95,1.95,,,,,,,0.4,1.95,,0.4,3.95,,,7.95,,0.4,0.4,0.4,0.45,0.4,0.45,0.45,0.95,1.95,1.95,1.95,0.45,0.45,,,,,,,,,,1.95,1.95,1.95,1.95,1.95,1.95,,,,1.95,1.95,0.95,,,3.95,3.95,,0.45,0.45,0.45,1.95,1.95,1.95,1.95,1.95,1.95,,,1.95,,,,,0.45,,,,1.95,,,,1.95,0.4,0.4,1.95,,,,0.95,1.95,,0.45,0.45,1.95
118,10266180,,3.95,,,,,0.95,0.45,,,,3.95,3.95,,3.95,7.95,7.95,,,,,,,,,3.95,,1.95,0.45,,,0.4,,1.95,1.95,,,,1.45,1.95,0.45,,,,1.95,0.95,,,,,,0.45,,0.4,0.45,,,,,1.95,0.95,,,,,0.45,0.95,0.4,,,,0.4,1.95,1.95,,1.95,,,,,,0.4,,,,,3.95,3.95,1.95,1.95,2.95,1.95,1.95,1.95,1.95,1.95,1.95,2.95,,,1.95,,,0.4,7.95,7.95,,3.95,1.95,,,,,,,0.4,1.95,,0.4,3.95,,,7.95,,0.4,0.4,0.4,0.45,0.4,0.45,0.45,0.95,1.95,1.95,1.95,0.45,0.45,,,,,,,,,,1.95,1.95,1.95,1.95,1.95,1.95,,,,1.95,1.95,0.95,,,3.95,3.95,,0.45,0.45,0.45,1.95,1.95,1.95,1.95,1.95,1.95,,,1.95,,,,,0.45,,,,1.95,,,,1.95,0.4,0.4,1.95,,,,0.95,1.95,,0.45,0.45,1.95
118,10266240,,3.95,,,,,0.95,0.45,,,,3.95,3.95,,3.95,7.95,7.95,,,,,,,,,3.95,,1.95,0.45,,,0.4,,1.95,1.95,,,,1.45,1.95,0.45,,,,1.95,0.95,,,,,,0.45,,0.4,0.45,,,,,1.95,0.95,,,,,0.45,0.95,0.4,,,,0.4,1.95,1.95,,1.95,,,,,,0.4,,,,,3.95,3.95,1.95,1.95,2.95,1.95,1.95,1.95,1.95,1.95,1.95,2.95,,,1.95,,,0.4,7.95,7.95,,3.95,1.95,,,,,,,0.4,1.95,,0.4,3.95,,,7.95,,0.4,0.4,0.4,0.45,0.4,0.45,0.45,0.95,1.95,1.95,1.95,0.45,0.45,,,,,,,,,,1.95,1.95,1.95,1.95,1.95,1.95,,,,1.95,1.95,0.95,,,3.95,3.95,,0.45,0.45,0.45,1.95,1.95,1.95,1.95,1.95,1.95,,,1.95,,,,,0.45,,,,1.95,,,,1.95,0.4,0.4,1.95,,,,0.95,1.95,,0.45,0.45,1.95
118,10266300,,3.95,,,,,0.95,0.45,,,,3.95,3.95,,3.95,7.95,7.95,,,,,,,,,3.95,,1.95,0.45,,,0.4,,1.95,1.95,,,,1.45,1.95,0.45,,,,1.95,0.95,,,,,,0.45,,0.4,0.45,,,,,1.95,0.95,,,,,0.45,0.95,0.4,,,,0.4,1.95,1.95,,1.95,,,,,,0.4,,,,,3.95,3.95,1.95,1.95,2.95,1.95,1.95,1.95,1.95,1.95,1.95,2.95,,,1.95,,,0.4,7.95,7.95,,3.95,1.95,,,,,,,0.4,1.95,,0.4,3.95,,,7.95,,0.4,0.4,0.4,0.45,0.4,0.45,0.45,0.95,1.95,1.95,1.95,0.45,0.45,,,,,,,,,,1.95,1.95,1.95,1.95,1.95,1.95,,,,1.95,1.95,0.95,,,3.95,3.95,,0.45,0.45,0.45,1.95,1.95,1.95,1.95,1.95,1.95,,,1.95,,,,,0.45,,,,1.95,,,,1.95,0.4,0.4,1.95,,,,0.95,1.95,,0.45,0.45,1.95
118,10266360,,3.95,,,,,0.95,0.45,,,,3.95,3.95,,3.95,7.95,7.95,,,,,,,,,3.95,,1.95,0.45,,,0.4,,1.95,1.95,,,,1.45,1.95,0.45,,,,1.95,0.95,,,,,,0.45,,0.4,0.45,,,,,1.95,0.95,,,,,0.45,0.95,0.4,,,,0.4,1.95,1.95,,1.95,,,,,,0.4,,,,,3.95,3.95,1.95,1.95,2.95,1.95,1.95,1.95,1.95,1.95,1.95,2.95,,,1.95,,,0.4,7.95,7.95,,3.95,1.95,,,,,,,0.4,1.95,,0.4,3.95,,,7.95,,0.4,0.4,0.4,0.45,0.4,0.45,0.45,0.95,1.95,1.95,1.95,0.45,0.45,,,,,,,,,,1.95,1.95,1.95,1.95,1.95,1.95,,,,1.95,1.95,0.95,,,3.95,3.95,,0.45,0.45,0.45,1.95,1.95,1.95,1.95,1.95,1.95,,,1.95,,,,,0.45,,,,1.95,,,,1.95,0.4,0.4,1.95,,,,0.95,1.95,,0.45,0.45,1.95
118,10266420,,3.95,,,,,0.95,0.45,,,,3.95,3.95,,3.95,7.95,7.95,,,,,,,,,3.95,,1.95,0.45,,,0.4,,1.95,1.95,,,,1.45,1.95,0.45,,,,1.95,0.95,,,,,,0.45,,0.4,0.45,,,,,1.95,0.95,,,,,0.45,0.95,0.4,,,,0.4,1.95,1.95,,1.95,,,,,,0.4,,,,,3.95,3.95,1.95,1.95,2.95,1.95,1.95,1.95,1.95,1.95,1.95,2.95,,,1.95,,,0.4,7.95,7.95,,3.95,1.95,,,,,,,0.4,1.95,,0.4,3.95,,,7.95,,0.4,0.4,0.4,0.45,0.4,0.45,0.45,0.95,1.95,1.95,1.95,0.45,0.45,,,,,,,,,,1.95,1.95,1.95,1.95,1.95,1.95,,,,1.95,1.95,0.95,,,3.95,3.95,,0.45,0.45,0.45,1.95,1.95,1.95,1.95,1.95,1.95,,,1.95,,,,,0.45,,,,1.95,,,,1.95,0.4,0.4,1.95,,,,0.95,1.95,,0.45,0.45,1.95
118,10266480,,3.95,,,,,0.95,0.45,,,,3.95,3.95,,3.95,7.95,7.95,,,,,,,,,3.95,,1.95,0.45,,,0.4,,1.95,1.95,,,,1.45,1.95,0.45,,,,1.95,0.95,,,,,,0.45,,0.4,0.45,,,,,1.95,0.95,,,,,0.45,0.95,0.4,,,,0.4,1.95,1.95,,1.95,,,,,,0.4,,,,,3.95,3.95,1.95,1.95,2.95,1.95,1.95,1.95,1.95,1.95,1.95,2.95,,,1.95,,,0.4,7.95,7.95,,3.95,1.95,,,,,,,0.4,1.95,,0.4,3.95,,,7.95,,0.4,0.4,0.4,0.45,0.4,0.45,0.45,0.95,1.95,1.95,1.95,0.45,0.45,,,,,,,,,,1.95,1.95,1.95,1.95,1.95,1.95,,,,1.95,1.95,0.95,,,3.95,3.95,,0.45,0.45,0.45,1.95,1.95,1.95,1.95,1.95,1.95,,,1.95,,,,,0.45,,,,1.95,,,,1.95,0.4,0.4,1.95,,,,0.95,1.95,,0.45,0.45,1.95
118,10266540,,3.95,,,,,0.95,0.45,,,,3.95,3.95,,3.95,7.95,7.95,,,,,,,,,3.95,,1.95,0.45,,,0.4,,1.95,1.95,,,,1.45,1.95,0.45,,,,1.95,0.95,,,,,,0.45,,0.4,0.45,,,,,1.95,0.95,,,,,0.45,0.95,0.4,,,,0.4,1.95,1.95,,1.95,,,,,,0.4,,,,,3.95,3.95,1.95,1.95,2.95,1.95,1.95,1.95,1.95,1.95,1.95,2.95,,,1.95,,,0.4,7.95,7.95,,3.95,1.95,,,,,,,0.4,1.95,,0.4,3.95,,,7.95,,0.4,0.4,0.4,0.45,0.4,0.45,0.45,0.95,1.95,1.95,1.95,0.45,0.45,,,,,,,,,,1.95,1.95,1.95,1.95,1.95,1.95,,,,1.95,1.95,0.95,,,3.95,3.95,,0.45,0.45,0.45,1.95,1.95,1.95,1.95,1.95,1.95,,,1.95,,,,,0.45,,,,1.95,,,,1.95,0.4,0.4,1.95,,,,0.95,1.95,,0.45,0.45,1.95
118,10266600,,3.95,,,,,0.95,0.45,,,,3.95,3.95,,3.95,7.95,7.95,,,,,,,,,3.95,,1.95,0.45,,,0.4,,1.95,1.95,,,,1.45,1.95,0.45,,,,1.95,0.95,,,,,,0.45,,0.4,0.45,,,,,1.95,0.95,,,,,0.45,0.95,0.4,,,,0.4,1.95,1.95,,1.95,,,,,,0.4,,,,,3.95,3.95,1.95,1.95,2.95,1.95,1.95,1.95,1.95,1.95,1.95,2.95,,,1.95,,,0.4,7.95,7.95,,3.95,1.95,,,,,,,0.4,1.95,,0.4,3.95,,,7.95,,0.4,0.4,0.4,0.45,0.4,0.45,0.45,0.95,1.95,1.95,1.95,0.45,0.45,,,,,,,,,,1.95,1.95,1.95,1.95,1.95,1.95,,,,1.95,1.95,0.95,,,3.95,3.95,,0.45,0.45,0.45,1.95,1.95,1.95,1.95,1.95,1.95,,,1.95,,,,,0.45,,,,1.95,,,,1.95,0.4,0.4,1.95,,,,0.95,1.95,,0.45,0.45,1.95
118,10266660,,3.95,,,,,0.95,0.45,,,,3.95,3.95,,3.95,7.95,7.95,,,,,,,,,3.95,,1.95,0.45,,,0.4,,1.95,1.95,,,,1.45,1.95,0.45,,,,1.95,0.95,,,,,,0.45,,0.4,0.45,,,,,1.95,0.95,,,,,0.45,0.95,0.4,,,,0.4,1.95,1.95,,1.95,,,,,,0.4,,,,,3.95,3.95,1.95,1.95,2.95,1.95,1.95,1.95,1.95,1.95,1.95,2.95,,,1.95,,,0.4,7.95,7.95,,3.95,1.95,,,,,,,0.4,1.95,,0.4,3.95,,,7.95,,0.4,0.4,0.4,0.45,0.4,0.45,0.45,0.95,1.95,1.95,1.95,0.45,0.45,,,,,,,,,,1.95,1.95,1.95,1.95,1.95,1.95,,,,1.95,1.95,0.95,,,3.95,3.95,,0.45,0.45,0.45,1.95,1.95,1.95,1.95,1.95,1.95,,,1.95,,,,,0.45,,,,1.95,,,,1.95,0.4,0.4,1.95,,,,0.95,1.95,,0.45,0.45,1.95
118,10266720,,3.95,,,,,0.95,0.45,,,,3.95,3.95,,3.95,7.95,7.95,,,,,,,,,3.95,,1.95,0.45,,,0.4,,1.95,1.95,,,,1.45,1.95,0.45,,,,1.95,0.95,,,,,,0.45,,0.4,0.45,,,,,1.95,0.95,,,,,0.45,0.95,0.4,,,,0.4,1.95,1.95,,1.95,,,,,,0.4,,,,,3.95,3.95,1.95,1.95,2.95,1.95,1.95,1.95,1.95,1.95,1.95,2.95,,,1.95,,,0.4,7.95,7.95,,3.95,1.95,,,,,,,0.4,1.95,,0.4,3.95,,,7.95,,0.4,0.4,0.4,0.45,0.4,0.45,0.45,0.95,1.95,1.95,1.95,0.45,0.45,,,,,,,,,,1.95,1.95,1.95,1.95,1.95,1.95,,,,1.95,1.95,0.95,,,3.95,3.95,,0.45,0.45,0.45,1.95,1.95,1.95,1.95,1.95,1.95,,,1.95,,,,,0.45,,,,1.95,,,,1.95,0.4,0.4,1.95,,,,0.95,1.95,,0.45,0.45,1.95
118,10266780,,3.95,,,,,0.95,0.45,,,,3.95,3.95,,3.95,7.95,7.95,,,,,,,,,3.95,,1.95,0.45,,,0.4,,1.95,1.95,,,,1.45,1.95,0.45,,,,1.95,0.95,,,,,,0.45,,0.4,0.45,,,,,1.95,0.95,,,,,0.45,0.95,0.4,,,,0.4,1.95,1.95,,1.95,,,,,,0.4,,,,,3.95,3.95,1.95,1.95,2.95,1.95,1.95,1.95,1.95,1.95,1.95,2.95,,,1.95,,,0.4,7.95,7.95,,3.95,1.95,,,,,,,0.4,1.95,,0.4,3.95,,,7.95,,0.4,0.4,0.4,0.45,0.4,0.45,0.45,0.95,1.95,1.95,1.95,0.45,0.45,,,,,,,,,,1.95,1.95,1.95,1.95,1.95,1.95,,,,1.95,1.95,0.95,,,3.95,3.95,,0.45,0.45,0.45,1.95,1.95,1.95,1.95,1.95,1.95,,,1.95,,,,,0.45,,,,1.95,,,,1.95,0.4,0.4,1.95,,,,0.95,1.95,,0.45,0.45,1.95
118,10266840,,3.95,,,,,0.95,0.45,,,,3.95,3.95,,3.95,7.95,7.95,,,,,,,,,3.95,,1.95,0.45,,,0.4,,1.95,1.95,,,,1.45,1.95,0.45,,,,1.95,0.95,,,,,,0.45,,0.4,0.45,,,,,1.95,0.95,,,,,0.45,0.95,0.4,,,,0.4,1.95,1.95,,1.95,,,,,,0.4,,,,,3.95,3.95,1.95,1.95,2.95,1.95,1.95,1.95,1.95,1.95,1.95,2.95,,,1.95,,,0.4,7.95,7.95,,3.95,1.95,,,,,,,0.4,1.95,,0.4,3.95,,,7.95,,0.4,0.4,0.4,0.45,0.4,0.45,0.45,0.95,1.95,1.95,1.95,0.45,0.45,,,,,,,,,,1.95,1.95,1.95,1.95,1.95,1.95,,,,1.95,1.95,0.95,,,3.95,3.95,,0.45,0.45,0.45,1.95,1.95,1.95,1.95,1.95,1.95,,,1.95,,,,,0.45,,,,1.95,,,,1.95,0.4,0.4,1.95,,,,0.95,1.95,,0.45,0.45,1.95
118,10266900,,3.95,,,,,0.95,0.45,,,,3.95,3.95,,3.95,7.95,7.95,,,,,,,,,3.95,,1.95,0.45,,,0.4,,1.95,1.95,,,,1.45,1.95,0.45,,,,1.95,0.95,,,,,,0.45,,0.4,0.45,,,,,1.95,0.95,,,,,0.45,0.95,0.4,,,,0.4,1.95,1.95,,1.95,,,,,,0.4,,,,,3.95,3.95,1.95,1.95,2.95,1.95,1.95,1.95,1.95,1.95,1.95,2.95,,,1.95,,,0.4,7.95,7.95,,3.95,1.95,,,,,,,0.4,1.95,,0.4,3.95,,,7.95,,0.4,0.4,0.4,0.45,0.4,0.45,0.45,0.95,1.95,1.95,1.95,0.45,0.45,,,,,,,,,,1.95,1.95,1.95,1.95,1.95,1.95,,,,1.95,1.95,0.95,,,3.95,3.95,,0.45,0.45,0.45,1.95,1.95,1.95,1.95,1.95,1.95,,,1.95,,,,,0.45,,,,1.95,,,,1.95,0.4,0.4,1.95,,,,0.95,1.95,,0.45,0.45,1.95
118,10266960,,3.95,,,,,0.95,0.45,,,,3.95,3.95,,3.95,7.95,7.95,,,,,,,,,3.95,,1.95,0.45,,,0.4,,1.95,1.95,,,,1.45,1.95,0.45,,,,1.95,0.95,,,,,,0.45,,0.4,0.45,,,,,1.95,0.95,,,,,0.45,0.95,0.4,,,,0.4,1.95,1.95,,1.95,,,,,,0.4,,,,,3.95,3.95,1.95,1.95,2.95,1.95,1.95,1.95,1.95,1.95,1.95,2.95,,,1.95,,,0.4,7.95,7.95,,3.95,1.95,,,,,,,0.4,1.95,,0.4,3.95,,,7.95,,0.4,0.4,0.4,0.45,0.4,0.45,0.45,0.95,1.95,1.95,1.95,0.45,0.45,,,,,,,,,,1.95,1.95,1.95,1.95,1.95,1.95,,,,1.95,1.95,0.95,,,3.95,3.95,,0.45,0.45,0.45,1.95,1.95,1.95,1.95,1.95,1.95,,,1.95,,,,,0.45,,,,1.95,,,,1.95,0.4,0.4,1.95,,,,0.95,1.95,,0.45,0.45,1.95
118,10267020,,3.95,,,,,0.95,0.45,,,,3.95,3.95,,3.95,7.95,7.95,,,,,,,,,3.95,,1.95,0.45,,,0.4,,1.95,1.95,,,,1.45,1.95,0.45,,,,1.95,0.95,,,,,,0.45,,0.4,0.45,,,,,1.95,0.95,,,,,0.45,0.95,0.4,,,,0.4,1.95,1.95,,1.95,,,,,,0.4,,,,,3.95,3.95,1.95,1.95,2.95,1.95,1.95,1.95,1.95,1.95,1.95,2.95,,,1.95,,,0.4,7.95,7.95,,3.95,1.95,,,,,,,0.4,1.95,,0.4,3.95,,,7.95,,0.4,0.4,0.4,0.45,0.4,0.45,0.45,0.95,1.95,1.95,1.95,0.45,0.45,,,,,,,,,,1.95,1.95,1.95,1.95,1.95,1.95,,,,1.95,1.95,0.95,,,3.95,3.95,,0.45,0.45,0.45,1.95,1.95,1.95,1.95,1.95,1.95,,,1.95,,,,,0.45,,,,1.95,,,,1.95,0.4,0.4,1.95,,,,0.95,1.95,,0.45,0.45,1.95
118,10267080,,3.95,,,,,0.95,0.45,,,,3.95,3.95,,3.95,7.95,7.95,,,,,,,,,3.95,,1.95,0.45,,,0.4,,1.95,1.95,,,,1.45,1.95,0.45,,,,1.95,0.95,,,,,,0.45,,0.4,0.45,,,,,1.95,0.95,,,,,0.45,0.95,0.4,,,,0.4,1.95,1.95,,1.95,,,,,,0.4,,,,,3.95,3.95,1.95,1.95,2.95,1.95,1.95,1.95,1.95,1.95,1.95,2.95,,,1.95,,,0.4,7.95,7.95,,3.95,1.95,,,,,,,0.4,1.95,,0.4,3.95,,,7.95,,0.4,0.4,0.4,0.45,0.4,0.45,0.45,0.95,1.95,1.95,1.95,0.45,0.45,,,,,,,,,,1.95,1.95,1.95,1.95,1.95,1.95,,,,1.95,1.95,0.95,,,3.95,3.95,,0.45,0.45,0.45,1.95,1.95,1.95,1.95,1.95,1.95,,,1.95,,,,,0.45,,,,1.95,,,,1.95,0.4,0.4,1.95,,,,0.95,1.95,,0.45,0.45,1.95
118,10267140,,3.95,,,,,0.95,0.45,,,,3.95,3.95,,3.95,7.95,7.95,,,,,,,,,3.95,,1.95,0.45,,,0.4,,1.95,1.95,,,,1.45,1.95,0.45,,,,1.95,0.95,,,,,,0.45,,0.4,0.45,,,,,1.95,0.95,,,,,0.45,0.95,0.4,,,,0.4,1.95,1.95,,1.95,,,,,,0.4,,,,,3.95,3.95,1.95,1.95,2.95,1.95,1.95,1.95,1.95,1.95,1.95,2.95,,,1.95,,,0.4,7.95,7.95,,3.95,1.95,,,,,,,0.4,1.95,,0.4,3.95,,,7.95,,0.4,0.4,0.4,0.45,0.4,0.45,0.45,0.95,1.95,1.95,1.95,0.45,0.45,,,,,,,,,,1.95,1.95,1.95,1.95,1.95,1.95,,,,1.95,1.95,0.95,,,3.95,3.95,,0.45,0.45,0.45,1.95,1.95,1.95,1.95,1.95,1.95,,,1.95,,,,,0.45,,,,1.95,,,,1.95,0.4,0.4,1.95,,,,0.95,1.95,,0.45,0.45,1.95
118,10267200,,3.95,,,,,0.95,0.45,,,,3.95,3.95,,3.95,7.95,7.95,,,,,,,,,3.95,,1.95,0.45,,,0.4,,1.95,1.95,,,,1.617,1.95,0.45,,,,1.95,0.95,,,,,,0.45,,0.4,0.45,,,,,1.95,0.95,,,,,0.45,0.95,0.4,,,,0.4,1.95,1.95,,1.95,,,,,,0.4,,,,,3.95,3.95,1.95,1.95,2.95,1.95,1.95,1.95,1.95,1.95,1.95,2.95,,,1.95,,,0.4,7.95,7.95,,3.95,1.95,,,,,,,0.4,1.95,,0.4,3.95,,,7.95,,0.4,0.4,0.4,0.45,0.4,0.45,0.45,0.95,1.95,1.95,1.95,0.45,0.45,,,,,,,,,,1.95,1.95,1.95,1.95,1.95,1.95,,,,1.95,1.95,0.95,,,3.95,3.95,,0.45,0.45,0.45,1.95,1.95,1.95,1.95,1.95,1.95,,,1.95,,,,,0.45,,,,1.95,,,,1.95,0.4,0.4,1.95,,,,0.95,1.95,,0.45,0.45,1.95
118,10267260,,3.95,,,,,0.95,0.45,,,,3.95,3.95,,3.95,7.95,7.95,,,,,,,,,3.95,,1.95,0.45,,,0.4,,1.95,1.95,,,,1.45,1.95,0.45,,,,1.95,0.95,,,,,,0.45,,0.4,0.45,,,,,1.95,0.95,,,,,0.45,0.95,0.4,,,,0.4,1.95,1.95,,1.95,,,,,,0.4,,,,,3.95,3.95,1.95,1.95,2.95,1.95,1.95,1.95,1.95,1.95,1.95,2.95,,,1.95,,,0.4,7.95,7.95,,3.95,1.95,,,,,,,0.4,1.95,,0.4,3.95,,,7.95,,0.4,0.4,0.4,0.45,0.4,0.45,0.45,0.95,1.95,1.95,1.95,0.45,0.45,,,,,,,,,,1.95,1.95,1.95,1.95,1.95,1.95,,,,1.95,1.95,0.95,,,3.95,3.95,,0.45,0.45,0.45,1.95,1.95,1.95,1.95,1.95,1.95,,,1.95,,,,,0.45,,,,1.95,,,,1.95,0.4,0.4,1.95,,,,0.95,1.95,,0.45,0.45,1.95
118,10267320,,3.95,,,,,0.95,0.45,,,,3.95,3.95,,3.95,7.95,7.95,,,,,,,,,3.95,,1.95,0.45,,,0.4,,1.95,1.95,,,,1.283,1.95,0.45,,,,1.95,0.95,,,,,,0.45,,0.4,0.45,,,,,1.95,0.95,,,,,0.45,0.95,0.4,,,,0.4,1.95,1.95,,1.95,,,,,,0.4,,,,,3.95,3.95,1.95,1.95,2.95,1.95,1.95,1.95,1.95,1.95,1.95,2.95,,,1.95,,,0.4,7.95,7.95,,3.95,1.95,,,,,,,0.4,1.95,,0.4,3.95,,,7.95,,0.4,0.4,0.4,0.45,0.4,0.45,0.45,0.95,1.95,1.95,1.95,0.45,0.45,,,,,,,,,,1.95,1.95,1.95,1.95,1.95,1.95,,,,1.95,1.95,0.95,,,3.95,3.95,,0.45,0.45,0.45,1.95,1.95,1.95,1.95,1.95,1.95,,,1.95,,,,,0.45,,,,1.95,,,,1.95,0.4,0.4,1.95,,,,0.95,1.95,,0.45,0.45,1.95
118,10267380,,3.95,,,,,0.95,0.45,,,,3.95,3.95,,3.95,7.95,7.95,,,,,,,,,3.95,,1.95,0.45,,,0.4,,1.95,1.95,,,,1.45,1.95,0.45,,,,1.95,0.95,,,,,,0.45,,0.4,0.45,,,,,1.95,0.95,,,,,0.45,0.95,0.4,,,,0.4,1.95,1.95,,1.95,,,,,,0.4,,,,,3.95,3.95,1.95,1.95,2.95,1.95,1.95,1.95,1.95,1.95,1.95,2.95,,,1.95,,,0.4,7.95,7.95,,3.95,1.95,,,,,,,0.4,1.95,,0.4,3.95,,,7.95,,0.4,0.4,0.4,0.45,0.4,0.45,0.45,0.95,1.95,1.95,1.95,0.45,0.45,,,,,,,,,,1.95,1.95,1.95,1.95,1.95,1.95,,,,1.95,1.95,0.95,,,3.95,3.95,,0.45,0.45,0.45,1.95,1.95,1.95,1.95,1.95,1.95,,,1.95,,,,,0.45,,,,1.95,,,,1.95,0.4,0.4,1.95,,,,0.95,1.95,,0.45,0.45,1.95
118,10267440,,3.95,,,,,0.95,0.45,,,,3.95,3.95,,3.95,7.95,7.95,,,,,,,,,3.95,,1.95,0.45,,,0.4,,1.95,1.95,,,,1.45,1.95,0.45,,,,1.95,0.95,,,,,,0.45,,0.4,0.45,,,,,1.95,0.95,,,,,0.45,0.95,0.4,,,,0.4,1.95,1.95,,1.95,,,,,,0.4,,,,,3.95,3.95,1.95,1.95,2.95,1.95,1.95,1.95,1.95,1.95,1.95,2.95,,,1.95,,,0.4,7.95,7.95,,3.95,1.95,,,,,,,0.4,1.95,,0.4,3.95,,,7.95,,0.4,0.4,0.4,0.45,0.4,0.45,0.45,0.95,1.95,1.95,1.95,0.45,0.45,,,,,,,,,,1.95,1.95,1.95,1.95,1.95,1.95,,,,1.95,1.95,0.95,,,3.95,3.95,,0.45,0.45,0.45,1.95,1.95,1.95,1.95,1.95,1.95,,,1.95,,,,,0.45,,,,1.95,,,,1.95,0.4,0.4,1.95,,,,0.95,1.95,,0.45,0.45,1.95
118,10267500,,3.95,,,,,0.95,0.45,,,,3.95,3.95,,3.95,7.95,7.95,,,,,,,,,3.95,,1.95,0.45,,,0.4,,1.95,1.95,,,,1.45,1.95,0.45,,,,1.95,0.95,,,,,,0.45,,0.4,0.45,,,,,1.95,0.95,,,,,0.45,0.95,0.4,,,,0.4,1.95,1.95,,1.95,,,,,,0.4,,,,,3.95,3.95,1.95,1.95,2.95,1.95,1.95,1.95,1.95,1.95,1.95,2.95,,,1.95,,,0.4,7.95,7.95,,3.95,1.95,,,,,,,0.4,1.95,,0.4,3.95,,,7.95,,0.4,0.4,0.4,0.45,0.4,0.45,0.45,0.95,1.95,1.95,1.95,0.45,0.45,,,,,,,,,,1.95,1.95,1.95,1.95,1.95,1.95,,,,1.95,1.95,0.95,,,3.95,3.95,,0.45,0.45,0.45,1.95,1.95,1.95,1.95,1.95,1.95,,,1.95,,,,,0.45,,,,1.95,,,,1.95,0.4,0.4,1.95,,,,0.95,1.95,,0.45,0.45,1.95
118,10267560,,3.95,,,,,0.95,0.45,,,,3.95,3.95,,3.95,7.95,7.95,,,,,,,,,3.95,,1.95,0.45,,,0.4,,1.95,1.95,,,,1.45,1.95,0.45,,,,1.95,0.95,,,,,,0.45,,0.4,0.45,,,,,1.95,0.95,,,,,0.45,0.95,0.4,,,,0.4,1.95,1.95,,1.95,,,,,,0.4,,,,,3.95,3.95,1.95,1.95,2.95,1.95,1.95,1.95,1.95,1.95,1.95,2.95,,,1.95,,,0.4,7.95,7.95,,3.95,1.95,,,,,,,0.4,1.95,,0.4,3.95,,,7.95,,0.4,0.4,0.4,0.45,0.4,0.45,0.45,0.95,1.95,1.95,1.95,0.45,0.45,,,,,,,,,,1.95,1.95,1.95,1.95,1.95,1.95,,,,1.95,1.95,0.95,,,3.95,3.95,,0.45,0.45,0.45,1.95,1.95,1.95,1.95,1.95,1.95,,,1.95,,,,,0.45,,,,1.95,,,,1.95,0.4,0.4,1.95,,,,0.95,1.95,,0.45,0.45,1.95
118,10267620,,3.95,,,,,0.95,0.45,,,,3.95,3.95,,3.95,7.95,7.95,,,,,,,,,3.95,,1.95,0.45,,,0.4,,1.95,1.95,,,,1.45,1.95,0.45,,,,1.95,0.95,,,,,,0.45,,0.4,0.45,,,,,1.95,0.95,,,,,0.45,0.95,0.4,,,,0.4,1.95,1.95,,1.95,,,,,,0.4,,,,,3.95,3.95,1.95,1.95,2.95,1.95,1.95,1.95,1.95,1.95,1.95,2.95,,,1.95,,,0.4,7.95,7.95,,3.95,1.95,,,,,,,0.4,1.95,,0.4,3.95,,,7.95,,0.4,0.4,0.4,0.45,0.4,0.45,0.45,0.95,1.95,1.95,1.95,0.45,0.45,,,,,,,,,,1.95,1.95,1.95,1.95,1.95,1.95,,,,1.95,1.95,0.95,,,3.95,3.95,,0.45,0.45,0.45,1.95,1.95,1.95,1.95,1.95,1.95,,,1.95,,,,,0.45,,,,1.95,,,,1.95,0.4,0.4,1.95,,,,0.95,1.95,,0.45,0.45,1.95
118,10267680,,3.95,,,,,0.95,0.45,,,,3.95,3.95,,3.95,7.95,7.95,,,,,,,,,3.95,,1.95,0.45,,,0.4,,1.95,1.95,,,,1.45,1.95,0.45,,,,1.95,0.95,,,,,,0.45,,0.4,0.45,,,,,1.95,0.95,,,,,0.45,0.95,0.4,,,,0.4,1.95,1.95,,1.95,,,,,,0.4,,,,,3.95,3.95,1.95,1.95,2.95,1.95,1.95,1.95,1.95,1.95,1.95,2.95,,,1.95,,,0.4,7.95,7.95,,3.95,1.95,,,,,,,0.4,1.95,,0.4,3.95,,,7.95,,0.4,0.4,0.4,0.45,0.4,0.45,0.45,0.95,1.95,1.95,1.95,0.45,0.45,,,,,,,,,,1.95,1.95,1.95,1.95,1.95,1.95,,,,1.95,1.95,0.95,,,3.95,3.95,,0.45,0.45,0.45,1.95,1.95,1.95,1.95,1.95,1.95,,,1.95,,,,,0.45,,,,1.95,,,,1.95,0.4,0.4,1.95,,,,0.95,1.95,,0.45,0.45,1.95
118,10267740,,3.95,,,,,0.95,0.45,,,,3.95,3.95,,3.95,7.95,7.95,,,,,,,,,3.95,,1.95,0.45,,,0.4,,1.95,1.95,,,,1.45,1.95,0.45,,,,1.95,0.95,,,,,,0.45,,0.4,0.45,,,,,1.95,0.95,,,,,0.45,0.95,0.4,,,,0.4,1.95,1.95,,1.95,,,,,,0.4,,,,,3.95,3.95,1.95,1.95,2.95,1.95,1.95,1.95,1.95,1.95,1.95,2.95,,,1.95,,,0.4,7.95,7.95,,3.95,1.95,,,,,,,0.4,1.95,,0.4,3.95,,,7.95,,0.4,0.4,0.4,0.45,0.4,0.45,0.45,0.95,1.95,1.95,1.95,0.45,0.45,,,,,,,,,,1.95,1.95,1.95,1.95,1.95,1.95,,,,1.95,1.95,0.95,,,3.95,3.95,,0.45,0.45,0.45,1.95,1.95,1.95,1.95,1.95,1.95,,,1.95,,,,,0.45,,,,1.95,,,,1.95,0.4,0.4,1.95,,,,0.95,1.95,,0.45,0.45,1.95
118,10267800,,3.95,,,,,0.95,0.45,,,,3.95,3.95,,3.95,7.95,7.95,,,,,,,,,3.95,,1.95,0.45,,,0.4,,1.95,1.95,,,,1.45,1.95,0.45,,,,1.95,0.95,,,,,,0.45,,0.4,0.45,,,,,1.95,0.95,,,,,0.45,0.95,0.4,,,,0.4,1.95,1.95,,1.95,,,,,,0.4,,,,,3.95,3.95,1.95,1.95,2.95,1.95,1.95,1.95,1.95,1.95,1.95,2.95,,,1.95,,,0.4,7.95,7.95,,3.95,1.95,,,,,,,0.4,1.95,,0.4,3.95,,,7.95,,0.4,0.4,0.4,0.45,0.4,0.45,0.45,0.95,1.95,1.95,1.95,0.45,0.45,,,,,,,,,,1.95,1.95,1.95,1.95,1.95,1.95,,,,1.95,1.95,0.95,,,3.95,3.95,,0.45,0.45,0.45,1.95,1.95,1.95,1.95,1.95,1.95,,,1.95,,,,,0.45,,,,1.95,,,,1.95,0.4,0.4,1.95,,,,0.95,1.95,,0.45,0.45,1.95
118,10267860,,3.95,,,,,0.95,0.45,,,,3.95,3.95,,3.95,7.95,7.95,,,,,,,,,3.95,,1.95,0.45,,,0.4,,1.95,1.95,,,,1.45,1.95,0.45,,,,1.95,0.95,,,,,,0.45,,0.4,0.45,,,,,1.95,0.95,,,,,0.45,0.95,0.4,,,,0.4,1.95,1.95,,1.95,,,,,,0.4,,,,,3.95,3.95,1.95,1.95,2.95,1.95,1.95,1.95,1.95,1.95,1.95,2.95,,,1.95,,,0.4,7.95,7.95,,3.95,1.95,,,,,,,0.4,1.95,,0.4,3.95,,,7.95,,0.4,0.4,0.4,0.45,0.4,0.45,0.45,0.95,1.95,1.95,1.95,0.45,0.45,,,,,,,,,,1.95,1.95,1.95,1.95,1.95,1.95,,,,1.95,1.95,0.95,,,3.95,3.95,,0.45,0.45,0.45,1.95,1.95,1.95,1.95,1.95,1.95,,,1.95,,,,,0.45,,,,1.95,,,,1.95,0.4,0.4,1.95,,,,0.95,1.95,,0.45,0.45,1.95
118,10267920,,3.95,,,,,0.95,0.45,,,,3.95,3.95,,3.95,7.95,7.95,,,,,,,,,3.95,,1.95,0.45,,,0.4,,1.95,1.95,,,,1.45,1.95,0.45,,,,1.95,0.95,,,,,,0.45,,0.4,0.45,,,,,1.95,0.95,,,,,0.45,0.95,0.4,,,,0.4,1.95,1.95,,1.95,,,,,,0.4,,,,,3.95,3.95,1.95,1.95,2.95,1.95,1.95,1.95,1.95,1.95,1.95,2.95,,,1.95,,,0.4,7.95,7.95,,3.95,1.95,,,,,,,0.4,1.95,,0.4,3.95,,,7.95,,0.4,0.4,0.4,0.45,0.4,0.45,0.45,0.95,1.95,1.95,1.95,0.45,0.45,,,,,,,,,,1.95,1.95,1.95,1.95,1.95,1.95,,,,1.95,1.95,0.95,,,3.95,3.95,,0.45,0.45,0.45,1.95,1.95,1.95,1.95,1.95,1.95,,,1.95,,,,,0.45,,,,1.95,,,,1.95,0.4,0.4,1.95,,,,0.95,1.95,,0.45,0.45,1.95
118,10267980,,3.95,,,,,0.95,0.45,,,,3.95,3.95,,3.95,7.95,7.95,,,,,,,,,3.95,,1.95,0.45,,,0.4,,1.95,1.95,,,,1.45,1.95,0.45,,,,1.95,0.95,,,,,,0.45,,0.4,0.45,,,,,1.95,0.95,,,,,0.45,0.95,0.4,,,,0.4,1.95,1.95,,1.95,,,,,,0.4,,,,,3.95,3.95,1.95,1.95,2.95,1.95,1.95,1.95,1.95,1.95,1.95,2.95,,,1.95,,,0.4,7.95,7.95,,3.95,1.95,,,,,,,0.4,1.95,,0.4,3.95,,,7.95,,0.4,0.4,0.4,0.45,0.4,0.45,0.45,0.95,1.95,1.95,1.95,0.45,0.45,,,,,,,,,,1.95,1.95,1.95,1.95,1.95,1.95,,,,1.95,1.95,0.95,,,3.95,3.95,,0.45,0.45,0.45,1.95,1.95,1.95,1.95,1.95,1.95,,,1.95,,,,,0.45,,,,1.95,,,,1.95,0.4,0.4,1.95,,,,0.95,1.95,,0.45,0.45,1.95
118,10268040,,3.95,,,,,0.95,0.45,,,,3.95,3.95,,3.95,7.95,7.95,,,,,,,,,3.95,,1.95,0.45,,,0.4,,1.95,1.95,,,,1.45,1.95,0.45,,,,1.95,0.95,,,,,,0.45,,0.4,0.45,,,,,1.95,0.95,,,,,0.45,0.95,0.4,,,,0.4,1.95,1.95,,1.95,,,,,,0.4,,,,,3.95,3.95,1.95,1.95,2.95,1.95,1.95,1.95,1.95,1.95,1.95,2.95,,,1.95,,,0.4,7.95,7.95,,3.95,1.95,,,,,,,0.4,1.95,,0.4,3.95,,,7.95,,0.4,0.4,0.4,0.45,0.4,0.45,0.45,0.95,1.95,1.95,1.95,0.45,0.45,,,,,,,,,,1.95,1.95,1.95,1.95,1.95,1.95,,,,1.95,1.95,0.95,,,3.95,3.95,,0.45,0.45,0.45,1.95,1.95,1.95,1.95,1.95,1.95,,,1.95,,,,,0.45,,,,1.95,,,,1.95,0.4,0.4,1.95,,,,0.95,1.95,,0.45,0.45,1.95
118,10268100,,3.95,,,,,0.95,0.45,,,,3.95,3.95,,3.95,7.95,7.95,,,,,,,,,3.95,,1.95,0.45,,,0.4,,1.95,1.95,,,,1.45,1.95,0.45,,,,1.95,0.95,,,,,,0.45,,0.4,0.45,,,,,1.95,0.95,,,,,0.45,0.95,0.4,,,,0.4,1.95,1.95,,1.95,,,,,,0.4,,,,,3.95,3.95,1.95,1.95,2.95,1.95,1.95,1.95,1.95,1.95,1.95,2.95,,,1.95,,,0.4,7.95,7.95,,3.95,1.95,,,,,,,0.4,1.95,,0.4,3.95,,,7.95,,0.4,0.4,0.4,0.45,0.4,0.45,0.45,0.95,1.95,1.95,1.95,0.45,0.45,,,,,,,,,,1.95,1.95,1.95,1.95,1.95,1.95,,,,1.95,1.95,0.95,,,3.95,3.95,,0.45,0.45,0.45,1.95,1.95,1.95,1.95,1.95,1.95,,,1.95,,,,,0.45,,,,1.95,,,,1.95,0.4,0.4,1.95,,,,0.95,1.95,,,0.45,1.95
118,10268160,,3.95,,,,,0.95,0.45,,,,3.95,3.95,,3.95,7.95,7.95,,,,,,,,,3.95,,1.95,0.45,,,0.4,,1.95,1.95,,,,1.45,1.95,0.45,,,,1.95,0.95,,,,,,0.45,,0.4,0.45,,,,,1.95,0.95,,,,,0.45,0.95,0.4,,,,0.4,1.95,1.95,,1.95,,,,,,0.4,,,,,3.95,3.95,1.95,1.95,2.95,1.95,1.95,1.95,1.95,1.95,1.95,2.95,,,1.95,,,0.4,7.95,7.95,,3.95,1.95,,,,,,,0.4,1.95,,0.4,3.95,,,7.95,,0.4,0.4,0.4,0.45,0.4,0.45,0.45,0.95,1.95,1.95,1.95,0.45,0.45,,,,,,,,,,1.95,1.95,1.95,1.95,1.95,1.95,,,,1.95,1.95,0.95,,,3.95,3.95,,0.45,0.45,0.45,1.95,1.95,1.95,1.95,1.95,1.95,,,1.95,,,,,0.45,,,,1.95,,,,1.95,0.4,0.4,1.95,,,,0.95,1.95,,0.45,0.45,1.95
118,10268220,,3.95,,,,,0.95,0.45,,,,3.95,3.95,,3.95,7.95,7.95,,,,,,,,,3.95,,1.95,0.45,,,0.4,,1.95,1.95,,,,1.45,1.95,0.45,,,,1.95,0.95,,,,,,0.45,,0.4,0.45,,,,,1.95,0.95,,,,,0.45,0.95,0.4,,,,0.4,1.95,1.95,,1.95,,,,,,0.4,,,,,3.95,3.95,1.95,1.95,2.95,1.95,1.95,1.95,1.95,1.95,1.95,2.95,,,1.95,,,0.4,7.95,7.95,,3.95,1.95,,,,,,,0.4,1.95,,0.4,3.95,,,7.95,,0.4,0.4,0.4,0.45,0.4,0.45,0.45,0.95,1.95,1.95,1.95,0.45,0.45,,,,,,,,,,1.95,1.95,1.95,1.95,1.95,1.95,,,,1.95,1.95,0.95,,,3.95,3.95,,0.45,0.45,0.45,1.95,1.95,1.95,1.95,1.95,1.95,,,1.95,,,,,0.45,,,,1.95,,,,1.95,0.4,0.4,1.95,,,,0.95,1.95,,0.45,0.45,1.95
118,10268280,,3.95,,,,,0.95,0.45,,,,3.95,3.95,,3.95,7.95,7.95,,,,,,,,,3.95,,1.95,0.45,,,0.4,,1.95,1.95,,,,1.45,1.95,0.45,,,,1.95,0.95,,,,,,0.45,,0.4,0.45,,,,,1.95,0.95,,,,,0.45,0.95,0.4,,,,0.4,1.95,1.95,,1.95,,,,,,0.4,,,,,3.95,3.95,1.95,1.95,2.95,1.95,1.95,1.95,1.95,1.95,1.95,2.95,,,1.95,,,0.4,7.95,7.95,,3.95,1.95,,,,,,,0.4,1.95,,0.4,3.95,,,7.95,,0.4,0.4,0.4,0.45,0.4,0.45,0.45,0.95,1.95,1.95,1.95,0.45,0.45,,,,,,,,,,1.95,1.95,1.95,1.95,1.95,1.95,,,,1.95,1.95,0.95,,,3.95,3.95,,0.45,0.45,0.45,1.95,1.95,1.95,1.95,1.95,1.95,,,1.95,,,,,0.45,,,,1.95,,,,1.95,0.4,0.4,1.95,,,,0.95,1.95,,0.45,0.45,1.95
118,10268340,,3.95,,,,,0.95,0.45,,,,3.95,3.95,,3.95,7.95,7.95,,,,,,,,,3.95,,1.95,0.45,,,0.4,,1.95,1.95,,,,1.45,1.95,0.45,,,,1.95,0.95,,,,,,0.45,,0.4,0.45,,,,,1.95,0.95,,,,,0.45,0.95,0.4,,,,0.4,1.95,1.95,,1.95,,,,,,0.4,,,,,3.95,3.95,1.95,1.95,2.95,1.95,1.95,1.95,1.95,1.95,1.95,2.95,,,1.95,,,0.4,7.95,7.95,,3.95,1.95,,,,,,,0.4,1.95,,0.4,3.95,,,7.95,,0.4,0.4,0.4,0.45,0.4,0.45,0.45,0.95,1.95,1.95,1.95,0.45,0.45,,,,,,,,,,1.95,1.95,1.95,1.95,1.95,1.95,,,,1.95,1.95,0.95,,,3.95,3.95,,0.45,0.45,0.45,1.95,1.95,1.95,1.95,1.95,1.95,,,1.95,,,,,0.45,,,,1.95,,,,1.95,0.4,0.4,1.95,,,,0.95,1.95,,0.45,0.45,1.95
118,10268400,,3.95,,,,,0.95,0.45,,,,3.95,3.95,,3.95,7.95,7.95,,,,,,,,,3.95,,1.95,0.45,,,0.4,,1.95,1.95,,,,1.45,1.95,0.45,,,,1.95,0.95,,,,,,0.45,,0.4,0.45,,,,,1.95,0.95,,,,,0.45,0.95,0.4,,,,0.4,1.95,1.95,,1.95,,,,,,0.4,,,,,3.95,3.95,1.95,1.95,2.95,1.95,1.95,1.95,1.95,1.95,1.95,2.95,,,1.95,,,0.4,7.95,7.95,,3.95,1.95,,,,,,,0.4,1.95,,0.4,3.95,,,7.95,,0.4,0.4,0.4,0.45,0.4,0.45,0.45,0.95,1.95,1.95,1.95,0.45,0.45,,,,,,,,,,1.95,1.95,1.95,1.95,1.95,1.95,,,,1.95,1.95,0.95,,,3.95,3.95,,0.45,0.45,0.45,1.95,1.95,1.95,1.95,1.95,1.95,,,1.95,,,,,0.45,,,,1.95,,,,1.95,0.4,0.4,1.95,,,,0.95,1.95,,0.45,0.45,1.95
118,10268460,,3.95,,,,,0.95,0.45,,,,3.95,3.95,,3.95,7.95,7.95,,,,,,,,,3.95,,1.95,0.45,,,0.4,,1.95,1.95,,,,1.45,1.95,0.45,,,,1.95,0.95,,,,,,0.45,,0.4,0.45,,,,,1.95,0.95,,,,,0.45,0.95,0.4,,,,0.4,1.95,1.95,,1.95,,,,,,0.4,,,,,3.95,3.95,1.95,1.95,2.95,1.95,1.95,1.95,1.95,1.95,1.95,2.95,,,1.95,,,0.4,7.95,7.95,,3.95,1.95,,,,,,,0.4,1.95,,0.4,3.95,,,7.95,,0.4,0.4,0.4,0.45,0.4,0.45,0.45,0.95,1.95,1.95,1.95,0.45,0.45,,,,,,,,,,1.95,1.95,1.95,1.95,1.95,1.95,,,,1.95,1.95,0.95,,,3.95,3.95,,0.45,0.45,0.45,1.95,1.95,1.95,1.95,1.95,1.95,,,1.95,,,,,0.45,,,,1.95,,,,1.95,0.4,0.4,1.95,,,,0.95,1.95,,0.45,0.45,1.95
118,10268520,,3.95,,,,,0.95,0.45,,,,3.95,3.95,,3.95,7.95,7.95,,,,,,,,,3.95,,1.95,0.45,,,0.4,,1.95,1.95,,,,1.45,1.95,0.45,,,,1.95,0.95,,,,,,0.45,,0.4,0.45,,,,,1.95,0.95,,,,,0.45,0.95,0.4,,,,0.4,1.95,1.95,,1.95,,,,,,0.4,,,,,3.95,3.95,1.95,1.95,2.95,1.95,1.95,1.95,1.95,1.95,1.95,2.95,,,1.95,,,0.4,7.95,7.95,,3.95,1.95,,,,,,,0.4,1.95,,0.4,3.95,,,7.95,,0.4,0.4,0.4,0.45,0.4,0.45,0.45,0.95,1.95,1.95,1.95,0.45,0.45,,,,,,,,,,1.95,1.95,1.95,1.95,1.95,1.95,,,,1.95,1.95,0.95,,,3.95,3.95,,0.45,0.45,0.45,1.95,1.95,1.95,1.95,1.95,1.95,,,1.95,,,,,0.45,,,,1.95,,,,1.95,0.4,0.4,1.95,,,,0.95,1.95,,0.45,0.45,1.95
118,10268580,,3.95,,,,,0.95,0.45,,,,3.95,3.95,,3.95,7.95,7.95,,,,,,,,,3.95,,1.95,0.45,,,0.4,,1.95,1.95,,,,1.45,1.95,0.45,,,,1.95,0.95,,,,,,0.45,,0.4,0.45,,,,,1.95,0.95,,,,,0.45,0.95,0.4,,,,0.4,1.95,1.95,,1.95,,,,,,0.4,,,,,3.95,3.95,1.95,1.95,2.95,1.95,1.95,1.95,1.95,1.95,1.95,2.95,,,1.95,,,0.4,7.95,7.95,,3.95,1.95,,,,,,,0.4,1.95,,0.4,3.95,,,7.95,,0.4,0.4,0.4,0.45,0.4,0.45,0.45,0.95,1.95,1.95,1.95,0.45,0.45,,,,,,,,,,1.95,1.95,1.95,1.95,1.95,1.95,,,,1.95,1.95,0.95,,,3.95,3.95,,0.45,0.45,0.45,1.95,1.95,1.95,1.95,1.95,1.95,,,1.95,,,,,0.45,,,,1.95,,,,1.95,0.4,0.4,1.95,,,,0.95,1.95,,0.45,0.45,1.95
118,10268640,,3.95,,,,,0.95,0.45,,,,3.95,3.95,,3.95,7.95,7.95,,,,,,,,,3.95,,1.95,0.45,,,0.4,,1.95,1.95,,,,1.45,1.95,0.45,,,,1.95,0.95,,,,,,0.45,,0.4,0.45,,,,,1.95,0.95,,,,,0.45,0.95,0.4,,,,0.4,1.95,1.95,,1.95,,,,,,0.4,,,,,3.95,3.95,1.95,1.95,2.95,1.95,1.95,1.95,1.95,1.95,1.95,2.95,,,1.95,,,0.4,7.95,7.95,,3.95,1.95,,,,,,,0.4,1.95,,0.4,3.95,,,7.95,,0.4,0.4,0.4,0.45,0.4,0.45,0.45,0.95,1.95,1.95,1.95,0.45,0.45,,,,,,,,,,1.95,1.95,1.95,1.95,1.95,1.95,,,,1.95,1.95,0.95,,,3.95,3.95,,0.45,0.45,0.45,1.95,1.95,1.95,1.95,1.95,1.95,,,1.95,,,,,0.45,,,,1.95,,,,1.95,0.4,0.4,1.95,,,,0.95,1.95,,0.45,0.45,1.95
118,10268700,,3.95,,,,,0.95,0.45,,,,3.95,3.95,,3.95,7.95,7.95,,,,,,,,,3.95,,1.95,0.45,,,0.4,,1.95,1.95,,,,1.617,1.95,0.45,,,,1.95,0.95,,,,,,0.45,,0.4,0.45,,,,,1.95,0.95,,,,,0.45,0.95,0.4,,,,0.4,1.95,1.95,,1.95,,,,,,0.4,,,,,3.95,3.95,1.95,1.95,2.95,1.95,1.95,1.95,1.95,1.95,1.95,2.95,,,1.95,,,0.4,7.95,7.95,,3.95,1.95,,,,,,,0.4,1.95,,0.4,3.95,,,7.95,,0.4,0.4,0.4,0.45,0.4,0.45,0.45,0.95,1.95,1.95,1.95,0.45,0.45,,,,,,,,,,1.95,1.95,1.95,1.95,1.95,1.95,,,,1.95,1.95,0.95,,,3.95,3.95,,0.45,0.45,0.45,1.95,1.95,1.95,1.95,1.95,1.95,,,1.95,,,,,0.45,,,,1.95,,,,1.95,0.4,0.4,1.95,,,,0.95,1.95,,0.45,0.45,1.95
118,10268760,,3.95,,,,,0.95,0.45,,,,3.95,3.95,,3.95,7.95,7.95,,,,,,,,,3.95,,1.95,0.45,,,0.4,,1.95,1.95,,,,1.45,1.95,0.45,,,,1.95,0.95,,,,,,0.45,,0.4,0.45,,,,,1.95,0.95,,,,,0.45,0.95,0.4,,,,0.4,1.95,1.95,,1.95,,,,,,0.4,,,,,3.95,3.95,1.95,1.95,2.95,1.95,1.95,1.95,1.95,1.95,1.95,2.95,,,1.95,,,0.4,7.95,7.95,,3.95,1.95,,,,,,,0.4,1.95,,0.4,3.95,,,7.95,,0.4,0.4,0.4,0.45,0.4,0.45,0.45,0.95,1.95,1.95,1.95,0.45,0.45,,,,,,,,,,1.95,1.95,1.95,1.95,1.95,1.95,,,,1.95,1.95,0.95,,,3.95,3.95,,0.45,0.45,0.45,1.95,1.95,1.95,1.95,1.95,1.95,,,1.95,,,,,0.45,,,,1.95,,,,1.95,0.4,0.4,1.95,,,,0.95,1.95,,0.45,0.45,1.95
118,10268820,,3.95,,,,,0.95,0.45,,,,3.95,3.95,,3.95,7.95,7.95,,,,,,,,,3.95,,1.95,0.45,,,0.4,,1.95,1.95,,,,1.45,1.95,0.45,,,,1.95,0.95,,,,,,0.45,,0.4,0.45,,,,,1.95,0.95,,,,,0.45,0.95,0.4,,,,0.4,1.95,1.95,,1.95,,,,,,0.4,,,,,3.95,3.95,1.95,1.95,2.95,1.95,1.95,1.95,1.95,1.95,1.95,2.95,,,1.95,,,0.4,7.95,7.95,,3.95,1.95,,,,,,,0.4,1.95,,0.4,3.95,,,7.95,,0.4,0.4,0.4,0.45,0.4,0.45,0.45,0.95,1.95,1.95,1.95,0.45,0.45,,,,,,,,,,1.95,1.95,1.95,1.95,1.95,1.95,,,,1.95,1.95,0.95,,,3.95,3.95,,0.45,0.45,0.45,1.95,1.95,1.95,1.95,1.95,1.95,,,1.95,,,,,0.45,,,,1.95,,,,1.95,0.4,0.4,1.95,,,,0.95,1.95,,0.45,0.45,1.95
118,10268880,,3.95,,,,,0.95,0.45,,,,3.95,3.95,,3.95,7.95,7.95,,,,,,,,,3.95,,1.95,0.45,,,0.4,,1.95,1.95,,,,1.45,1.95,0.45,,,,1.95,0.95,,,,,,0.45,,0.4,0.45,,,,,1.95,0.95,,,,,0.45,0.95,0.4,,,,0.4,1.95,1.95,,1.95,,,,,,0.4,,,,,3.95,3.95,1.95,1.95,2.95,1.95,1.95,1.95,1.95,1.95,1.95,2.95,,,1.95,,,0.4,7.95,7.95,,3.95,1.95,,,,,,,0.4,1.95,,0.4,3.95,,,7.95,,0.4,0.4,0.4,0.45,0.4,0.45,0.45,0.95,1.95,1.95,1.95,0.45,0.45,,,,,,,,,,1.95,1.95,1.95,1.95,1.95,1.95,,,,1.95,1.95,0.95,,,3.95,3.95,,0.45,0.45,0.45,1.95,1.95,1.95,1.95,1.95,1.95,,,1.95,,,,,0.45,,,,1.95,,,,1.95,0.4,0.4,1.95,,,,0.95,1.95,,0.45,0.45,1.95
118,10268940,,3.95,,,,,0.95,0.45,,,,3.95,3.95,,3.95,7.95,7.95,,,,,,,,,3.95,,1.95,0.45,,,0.4,,1.95,1.95,,,,1.45,1.95,0.45,,,,1.95,0.95,,,,,,0.45,,0.4,0.45,,,,,1.95,0.95,,,,,0.45,0.95,0.4,,,,0.4,1.95,1.95,,1.95,,,,,,0.4,,,,,3.95,3.95,1.95,1.95,2.95,1.95,1.95,1.95,1.95,1.95,1.95,2.95,,,1.95,,,0.4,7.95,7.95,,3.95,1.95,,,,,,,0.4,1.95,,0.4,3.95,,,7.95,,0.4,0.4,0.4,0.45,0.4,0.45,0.45,0.95,1.95,1.95,1.95,0.45,0.45,,,,,,,,,,1.95,1.95,1.95,1.95,1.95,1.95,,,,1.95,1.95,0.95,,,3.95,3.95,,0.45,0.45,0.45,1.95,1.95,1.95,1.95,1.95,1.95,,,1.95,,,,,0.45,,,,1.95,,,,1.95,0.4,0.4,1.95,,,,0.95,1.95,,0.45,0.45,1.95
118,10269000,,3.95,,,,,0.95,0.45,,,,3.95,3.95,,3.95,7.95,7.95,,,,,,,,,3.95,,1.95,0.45,,,0.4,,1.95,1.95,,,,1.45,1.95,0.45,,,,1.95,0.95,,,,,,0.45,,0.4,0.45,,,,,1.95,0.95,,,,,0.45,0.95,0.4,,,,0.4,1.95,1.95,,1.95,,,,,,0.4,,,,,3.95,3.95,1.95,1.95,2.95,1.95,1.95,1.95,1.95,1.95,1.95,2.95,,,1.95,,,0.4,7.95,7.95,,3.95,1.95,,,,,,,0.4,1.95,,0.4,3.95,,,7.95,,0.4,0.4,0.4,0.45,0.4,0.45,0.45,0.95,1.95,1.95,1.95,0.45,0.45,,,,,,,,,,1.95,1.95,1.95,1.95,1.95,1.95,,,,1.95,1.95,0.95,,,3.95,3.95,,0.45,0.45,0.45,1.95,1.95,1.95,1.95,1.95,1.95,,,1.95,,,,,0.45,,,,1.95,,,,1.95,0.4,0.4,1.95,,,,0.95,1.95,,0.45,0.45,1.95
118,10269060,,3.95,,,,,0.95,0.45,,,,3.95,3.95,,3.95,7.95,7.95,,,,,,,,,3.95,,1.95,0.45,,,0.4,,1.95,1.95,,,,1.45,1.95,0.45,,,,1.95,0.95,,,,,,0.45,,0.4,0.45,,,,,1.95,0.95,,,,,0.45,0.95,0.4,,,,0.4,1.95,1.95,,1.95,,,,,,0.4,,,,,3.95,3.95,1.95,1.95,2.95,1.95,1.95,1.95,1.95,1.95,1.95,2.95,,,1.95,,,0.4,7.95,7.95,,3.95,1.95,,,,,,,0.4,1.95,,0.4,3.95,,,7.95,,0.4,0.4,0.4,0.45,0.4,0.45,0.45,0.95,1.95,1.95,1.95,0.45,0.45,,,,,,,,,,1.95,1.95,1.95,1.95,1.95,1.95,,,,1.95,1.95,0.95,,,3.95,3.95,,0.45,0.45,0.45,1.95,1.95,1.95,1.95,1.95,1.95,,,1.95,,,,,0.45,,,,1.95,,,,1.95,0.4,0.4,1.95,,,,0.95,1.95,,0.45,0.45,1.95
118,10269120,,3.95,,,,,0.95,0.45,,,,3.95,3.95,,3.95,7.95,7.95,,,,,,,,,3.95,,1.95,0.45,,,0.4,,1.95,1.95,,,,1.45,1.95,0.45,,,,1.95,0.95,,,,,,0.45,,0.4,0.45,,,,,1.95,0.95,,,,,0.45,0.95,0.4,,,,0.4,1.95,1.95,,1.95,,,,,,0.4,,,,,3.95,3.95,1.95,1.95,2.95,1.95,1.95,1.95,1.95,1.95,1.95,2.95,,,1.95,,,0.4,7.95,7.95,,3.95,1.95,,,,,,,0.4,1.95,,0.4,3.95,,,7.95,,0.4,0.4,0.4,0.45,0.4,0.45,0.45,0.95,1.95,1.95,1.95,0.45,0.45,,,,,,,,,,1.95,1.95,1.95,1.95,1.95,1.95,,,,1.95,1.95,0.95,,,3.95,3.95,,0.45,0.45,0.45,1.95,1.95,1.95,1.95,1.95,1.95,,,1.95,,,,,0.45,,,,1.95,,,,1.95,0.4,0.4,1.95,,,,0.95,1.95,,0.45,0.45,1.95
118,10269180,,3.95,,,,,0.95,0.45,,,,3.95,3.95,,3.95,7.95,7.95,,,,,,,,,3.95,,1.95,0.45,,,0.4,,1.95,1.95,,,,1.45,1.95,0.45,,,,1.95,0.95,,,,,,0.45,,0.4,0.45,,,,,1.95,0.95,,,,,0.45,0.95,0.4,,,,0.4,1.95,1.95,,1.95,,,,,,0.4,,,,,3.95,3.95,1.95,1.95,2.95,1.95,1.95,1.95,1.95,1.95,1.95,2.95,,,1.95,,,0.4,7.95,7.95,,3.95,1.95,,,,,,,0.4,1.95,,0.4,3.95,,,7.95,,0.4,0.4,0.4,0.45,0.4,0.45,0.45,0.95,1.95,1.95,1.95,0.45,0.45,,,,,,,,,,1.95,1.95,1.95,1.95,1.95,1.95,,,,1.95,1.95,0.95,,,3.95,3.95,,0.45,0.45,0.45,1.95,1.95,1.95,1.95,1.95,1.95,,,1.95,,,,,0.45,,,,1.95,,,,1.95,0.4,0.4,1.95,,,,0.95,1.95,,0.45,0.45,1.95
118,10269240,,3.95,,,,,0.95,0.45,,,,3.95,3.95,,3.95,7.95,7.95,,,,,,,,,3.95,,1.95,0.45,,,0.4,,1.95,1.95,,,,1.45,1.95,0.45,,,,1.95,0.95,,,,,,0.45,,0.4,0.45,,,,,1.95,0.95,,,,,0.45,0.95,0.4,,,,0.4,1.95,1.95,,1.95,,,,,,0.4,,,,,3.95,3.95,1.95,1.95,2.95,1.95,1.95,1.95,1.95,1.95,1.95,2.95,,,1.95,,,0.4,7.95,7.95,,3.95,1.95,,,,,,,0.4,1.95,,0.4,3.95,,,7.95,,0.4,0.4,0.4,0.45,0.4,0.45,0.45,0.95,1.95,1.95,1.95,0.45,0.45,,,,,,,,,,1.95,1.95,1.95,1.95,1.95,1.95,,,,1.95,1.95,0.95,,,3.95,3.95,,0.45,0.45,0.45,1.95,1.95,1.95,1.95,1.95,1.95,,,1.95,,,,,0.45,,,,1.95,,,,1.95,0.4,0.4,1.95,,,,0.95,1.95,,0.45,0.45,1.95
118,10269300,,3.95,,,,,0.95,0.45,,,,3.95,3.95,,3.95,7.95,7.95,,,,,,,,,3.95,,1.95,0.45,,,0.4,,1.95,1.95,,,,1.45,1.95,0.45,,,,1.95,0.95,,,,,,0.45,,0.4,0.45,,,,,1.95,0.95,,,,,0.45,0.95,0.4,,,,0.4,1.95,1.95,,1.95,,,,,,0.4,,,,,3.95,3.95,1.95,1.95,2.95,1.95,1.95,1.95,1.95,1.95,1.95,2.95,,,1.95,,,0.4,7.95,7.95,,3.95,1.95,,,,,,,0.4,1.95,,0.4,3.95,,,7.95,,0.4,0.4,0.4,0.45,0.4,0.45,0.45,0.95,1.95,1.95,1.95,0.45,0.45,,,,,,,,,,1.95,1.95,1.95,1.95,1.95,1.95,,,,1.95,1.95,0.95,,,3.95,3.95,,0.45,0.45,0.45,1.95,1.95,1.95,1.95,1.95,1.95,,,1.95,,,,,0.45,,,,1.95,,,,1.95,0.4,0.4,1.95,,,,0.95,1.95,,0.45,0.45,1.95
118,10269360,,3.95,,,,,0.95,0.45,,,,3.95,3.95,,3.95,7.95,7.95,,,,,,,,,3.95,,1.95,0.45,,,0.4,,1.95,1.95,,,,1.45,1.95,0.45,,,,1.95,0.95,,,,,,0.45,,0.4,0.45,,,,,1.95,0.95,,,,,0.45,0.95,0.4,,,,0.4,1.95,1.95,,1.95,,,,,,0.4,,,,,3.95,3.95,1.95,1.95,2.95,1.95,1.95,1.95,1.95,1.95,1.95,2.95,,,1.95,,,0.4,7.95,7.95,,3.95,1.95,,,,,,,0.4,1.95,,0.4,3.95,,,7.95,,0.4,0.4,0.4,0.45,0.4,0.45,0.45,0.95,1.95,1.95,1.95,0.45,0.45,,,,,,,,,,1.95,1.95,1.95,1.95,1.95,1.95,,,,1.95,1.95,0.95,,,3.95,3.95,,0.45,0.45,0.45,1.95,1.95,1.95,1.95,1.95,1.95,,,1.95,,,,,0.45,,,,1.95,,,,1.95,0.4,0.4,1.95,,,,0.95,1.95,,0.45,0.45,1.95
118,10269420,,3.95,,,,,0.95,0.45,,,,3.95,3.95,,3.95,7.95,7.95,,,,,,,,,3.95,,1.95,0.45,,,0.4,,1.95,1.95,,,,1.45,1.95,0.45,,,,1.95,0.95,,,,,,0.45,,0.4,0.45,,,,,1.95,0.95,,,,,0.45,0.95,0.4,,,,0.4,1.95,1.95,,1.95,,,,,,0.4,,,,,3.95,3.95,1.95,1.95,2.95,1.95,1.95,1.95,1.95,1.95,1.95,2.95,,,1.95,,,0.4,7.95,7.95,,3.95,1.95,,,,,,,0.4,1.95,,0.4,3.95,,,7.95,,0.4,0.4,0.4,0.45,0.4,0.45,0.45,0.95,1.95,1.95,1.95,0.45,0.45,,,,,,,,,,1.95,1.95,1.95,1.95,1.95,1.95,,,,1.95,1.95,0.95,,,3.95,3.95,,0.45,0.45,0.45,1.95,1.95,1.95,1.95,1.95,1.95,,,1.95,,,,,0.45,,,,1.95,,,,1.95,0.4,0.4,1.95,,,,0.95,1.95,,0.45,0.45,1.95
118,10269480,,3.95,,,,,0.95,0.45,,,,3.95,3.95,,3.95,7.95,7.95,,,,,,,,,3.95,,1.95,0.45,,,0.4,,1.95,1.95,,,,1.617,1.95,0.45,,,,1.95,0.95,,,,,,0.45,,0.4,0.45,,,,,1.95,0.95,,,,,0.45,0.95,0.4,,,,0.4,1.95,1.95,,1.95,,,,,,0.4,,,,,3.95,3.95,1.95,1.95,2.95,1.95,1.95,1.95,1.95,1.95,1.95,2.95,,,1.95,,,0.4,7.95,7.95,,3.95,1.95,,,,,,,0.4,1.95,,0.4,3.95,,,7.95,,0.4,0.4,0.4,0.45,0.4,0.45,0.45,0.95,1.95,1.95,1.95,0.45,0.45,,,,,,,,,,1.95,1.95,1.95,1.95,1.95,1.95,,,,1.95,1.95,0.95,,,3.95,3.95,,0.45,0.45,0.45,1.95,1.95,1.95,1.95,1.95,1.95,,,1.95,,,,,0.45,,,,1.95,,,,1.95,0.4,0.4,1.95,,,,0.95,1.95,,0.45,0.45,1.95
118,10269540,,3.95,,,,,0.95,0.45,,,,3.95,3.95,,3.95,7.95,7.95,,,,,,,,,3.95,,1.95,0.45,,,0.4,,1.95,1.95,,,,1.45,1.95,0.45,,,,1.95,0.95,,,,,,0.45,,0.4,0.45,,,,,1.95,0.95,,,,,0.45,0.95,0.4,,,,0.4,1.95,1.95,,1.95,,,,,,0.4,,,,,3.95,3.95,1.95,1.95,2.95,1.95,1.95,1.95,1.95,1.95,1.95,2.95,,,1.95,,,0.4,7.95,7.95,,3.95,1.95,,,,,,,0.4,1.95,,0.4,3.95,,,7.95,,0.4,0.4,0.4,0.45,0.4,0.45,0.45,0.95,1.95,1.95,1.95,0.45,0.45,,,,,,,,,,1.95,1.95,1.95,1.95,1.95,1.95,,,,1.95,1.95,0.95,,,3.95,3.95,,0.45,0.45,0.45,1.95,1.95,1.95,1.95,1.95,1.95,,,1.95,,,,,0.45,,,,1.95,,,,1.95,0.4,0.4,1.95,,,,0.95,1.95,,0.45,0.45,1.95
118,10269600,,3.95,,,,,0.95,0.45,,,,3.95,3.95,,3.95,7.95,7.95,,,,,,,,,3.95,,1.95,0.45,,,0.4,,1.95,1.95,,,,1.45,1.95,0.45,,,,1.95,0.95,,,,,,0.45,,0.4,0.45,,,,,1.95,0.95,,,,,0.45,0.95,0.4,,,,0.4,1.95,1.95,,1.95,,,,,,0.4,,,,,3.95,3.95,1.95,1.95,2.95,1.95,1.95,1.95,1.95,1.95,1.95,2.95,,,1.95,,,0.4,7.95,7.95,,3.95,1.95,,,,,,,0.4,1.95,,0.4,3.95,,,7.95,,0.4,0.4,0.4,0.45,0.4,0.45,0.45,0.95,1.95,1.95,1.95,0.45,0.45,,,,,,,,,,1.95,1.95,1.95,1.95,1.95,1.95,,,,1.95,1.95,0.95,,,3.95,3.95,,0.45,0.45,0.45,1.95,1.95,1.95,1.95,1.95,1.95,,,1.95,,,,,0.45,,,,1.95,,,,1.95,0.4,0.4,1.95,,,,0.95,1.95,,0.45,0.45,1.95
118,10269660,,3.95,,,,,0.95,0.45,,,,3.95,3.95,,3.95,7.95,7.95,,,,,,,,,3.95,,1.95,0.45,,,0.4,,1.95,1.95,,,,1.45,1.95,0.45,,,,1.95,0.95,,,,,,0.45,,0.4,0.45,,,,,1.95,0.95,,,,,0.45,0.95,0.4,,,,0.4,1.95,1.95,,1.95,,,,,,0.4,,,,,3.95,3.95,1.95,1.95,2.95,1.95,1.95,1.95,1.95,1.95,1.95,2.95,,,1.95,,,0.4,7.95,7.95,,3.95,1.95,,,,,,,0.4,1.95,,0.4,3.95,,,7.95,,0.4,0.4,0.4,0.45,0.4,0.45,0.45,0.95,1.95,1.95,1.95,0.45,0.45,,,,,,,,,,1.95,1.95,1.95,1.95,1.95,1.95,,,,1.95,1.95,0.95,,,3.95,3.95,,0.45,0.45,0.45,1.95,1.95,1.95,1.95,1.95,1.95,,,1.95,,,,,0.45,,,,1.95,,,,1.95,0.4,0.4,1.95,,,,0.95,1.95,,0.45,0.45,1.95
118,10269720,,3.95,,,,,0.95,0.45,,,,3.95,3.95,,3.95,7.95,7.95,,,,,,,,,3.95,,1.95,0.45,,,0.4,,1.95,1.95,,,,1.45,1.95,0.45,,,,1.95,0.95,,,,,,0.45,,0.4,0.45,,,,,1.95,0.95,,,,,0.45,0.95,0.4,,,,0.4,1.95,1.95,,1.95,,,,,,0.4,,,,,3.95,3.95,1.95,1.95,2.95,1.95,1.95,1.95,1.95,1.95,1.95,2.95,,,1.95,,,0.4,7.95,7.95,,3.95,1.95,,,,,,,0.4,1.95,,0.4,3.95,,,7.95,,0.4,0.4,0.4,0.45,0.4,0.45,0.45,0.95,1.95,1.95,1.95,0.45,0.45,,,,,,,,,,1.95,1.95,1.95,1.95,1.95,1.95,,,,1.95,1.95,0.95,,,3.95,3.95,,0.45,0.45,0.45,1.95,1.95,1.95,1.95,1.95,1.95,,,1.95,,,,,0.45,,,,1.95,,,,1.95,0.4,0.4,1.95,,,,0.95,1.95,,0.45,0.45,1.95
118,10269780,,3.95,,,,,0.95,0.45,,,,3.95,3.95,,3.95,7.95,7.95,,,,,,,,,3.95,,1.95,0.45,,,0.4,,1.95,1.95,,,,1.45,1.95,0.45,,,,1.95,0.95,,,,,,0.45,,0.4,0.45,,,,,1.95,0.95,,,,,0.45,0.95,0.4,,,,0.4,1.95,1.95,,1.95,,,,,,0.4,,,,,3.95,3.95,1.95,1.95,2.95,1.95,1.95,1.95,1.95,1.95,1.95,2.95,,,1.95,,,0.4,7.95,7.95,,3.95,1.95,,,,,,,0.4,1.95,,0.4,3.95,,,7.95,,0.4,0.4,0.4,0.45,0.4,0.45,0.45,0.95,1.95,1.95,1.95,0.45,0.45,,,,,,,,,,1.95,1.95,1.95,1.95,1.95,1.95,,,,1.95,1.95,0.95,,,3.95,3.95,,0.45,0.45,0.45,1.95,1.95,1.95,1.95,1.95,1.95,,,1.95,,,,,0.45,,,,1.95,,,,1.95,0.4,0.4,1.95,,,,0.95,1.95,,0.45,0.45,1.95
118,10269840,,3.95,,,,,0.95,0.45,,,,3.95,3.95,,3.95,7.95,7.95,,,,,,,,,3.95,,1.95,0.45,,,0.4,,1.95,1.95,,,,1.45,1.95,0.45,,,,1.95,0.95,,,,,,0.45,,0.4,0.45,,,,,1.95,0.95,,,,,0.45,0.95,0.4,,,,0.4,1.95,1.95,,1.95,,,,,,0.4,,,,,3.95,3.95,1.95,1.95,2.95,1.95,1.95,1.95,1.95,1.95,1.95,2.95,,,1.95,,,0.4,7.95,7.95,,3.95,1.95,,,,,,,0.4,1.95,,0.4,3.95,,,7.95,,0.4,0.4,0.4,0.45,0.4,0.45,0.45,0.95,1.95,1.95,1.95,0.45,0.45,,,,,,,,,,1.95,1.95,1.95,1.95,1.95,1.95,,,,1.95,1.95,0.95,,,3.95,3.95,,0.45,0.45,0.45,1.95,1.95,1.95,1.95,1.95,1.95,,,1.95,,,,,0.45,,,,1.95,,,,1.95,0.4,0.4,1.95,,,,0.95,1.95,,0.45,0.45,1.95
118,10269900,,3.95,,,,,0.95,0.45,,,,3.95,3.95,,3.95,7.95,7.95,,,,,,,,,3.95,,1.95,0.45,,,0.4,,1.95,1.95,,,,1.617,1.95,0.45,,,,1.95,0.95,,,,,,0.45,,0.4,0.45,,,,,1.95,0.95,,,,,0.45,0.95,0.4,,,,0.4,1.95,1.95,,1.95,,,,,,0.4,,,,,3.95,3.95,1.95,1.95,2.95,1.95,1.95,1.95,1.95,1.95,1.95,2.95,,,1.95,,,0.4,7.95,7.95,,3.95,1.95,,,,,,,0.4,1.95,,0.4,3.95,,,7.95,,0.4,0.4,0.4,0.45,0.4,0.45,0.45,0.95,1.95,1.95,1.95,0.45,0.45,,,,,,,,,,1.95,1.95,1.95,1.95,1.95,1.95,,,,1.95,1.95,0.95,,,3.95,3.95,,0.45,0.45,0.45,1.95,1.95,1.95,1.95,1.95,1.95,,,1.95,,,,,0.45,,,,1.95,,,,1.95,0.4,0.4,1.95,,,,0.95,1.95,,0.45,0.45,1.95
118,10269960,,3.95,,,,,0.95,0.45,,,,3.95,3.95,,3.95,7.95,7.95,,,,,,,,,3.95,,1.95,0.45,,,0.4,,1.95,1.95,,,,1.45,1.95,0.45,,,,1.95,0.95,,,,,,0.45,,0.4,0.45,,,,,1.95,0.95,,,,,0.45,0.95,0.4,,,,0.4,1.95,1.95,,1.95,,,,,,0.4,,,,,3.95,3.95,1.95,1.95,2.95,1.95,1.95,1.95,1.95,1.95,1.95,2.95,,,1.95,,,0.4,7.95,7.95,,3.95,1.95,,,,,,,0.4,1.95,,0.4,3.95,,,7.95,,0.4,0.4,0.4,0.45,0.4,0.45,0.45,0.95,1.95,1.95,1.95,0.45,0.45,,,,,,,,,,1.95,1.95,1.95,1.95,1.95,1.95,,,,1.95,1.95,0.95,,,3.95,3.95,,0.45,0.45,0.45,1.95,1.95,1.95,1.95,1.95,1.95,,,1.95,,,,,0.45,,,,1.95,,,,1.95,0.4,0.4,1.95,,,,0.95,1.95,,0.45,0.45,1.95
118,10270020,,3.95,,,,,0.95,0.45,,,,3.95,3.95,,3.95,7.95,7.95,,,,,,,,,3.95,,1.95,0.45,,,0.4,,1.95,1.95,,,,1.45,1.95,0.45,,,,1.95,0.95,,,,,,0.45,,0.4,0.45,,,,,1.95,0.95,,,,,0.45,0.95,0.4,,,,0.4,1.95,1.95,,1.95,,,,,,0.4,,,,,3.95,3.95,1.95,1.95,2.95,1.95,1.95,1.95,1.95,1.95,1.95,2.95,,,1.95,,,0.4,7.95,7.95,,3.95,1.95,,,,,,,0.4,1.95,,0.4,3.95,,,7.95,,0.4,0.4,0.4,0.45,0.4,0.45,0.45,0.95,1.95,1.95,1.95,0.45,0.45,,,,,,,,,,1.95,1.95,1.95,1.95,1.95,1.95,,,,1.95,1.95,0.95,,,3.95,3.95,,0.45,0.45,0.45,1.95,1.95,1.95,1.95,1.95,1.95,,,1.95,,,,,0.45,,,,1.95,,,,1.95,0.4,0.4,1.95,,,,0.95,1.95,,0.45,0.45,1.95
118,10270080,,3.95,,,,,0.95,0.45,,,,3.95,3.95,,3.95,7.95,7.95,,,,,,,,,3.95,,1.95,0.45,,,0.4,,1.95,1.95,,,,1.45,1.95,0.45,,,,1.95,0.95,,,,,,0.45,,0.4,0.45,,,,,1.95,0.95,,,,,0.45,0.95,0.4,,,,0.4,1.95,1.95,,1.95,,,,,,0.4,,,,,3.95,3.95,1.95,1.95,2.95,1.95,1.95,1.95,1.95,1.95,1.95,2.95,,,1.95,,,0.4,7.95,7.95,,3.95,1.95,,,,,,,0.4,1.95,,0.4,3.95,,,7.95,,0.4,0.4,0.4,0.45,0.4,0.45,0.45,0.95,1.95,1.95,1.95,0.45,0.45,,,,,,,,,,1.95,1.95,1.95,1.95,1.95,1.95,,,,1.95,1.95,0.95,,,3.95,3.95,,0.45,0.45,0.45,1.95,1.95,1.95,1.95,1.95,1.95,,,1.95,,,,,0.45,,,,1.95,,,,1.95,0.4,0.4,1.95,,,,0.95,1.95,,0.45,0.45,1.95
118,10270140,,3.95,,,,,0.95,0.45,,,,3.95,3.95,,3.95,7.95,7.95,,,,,,,,,3.95,,1.95,0.45,,,0.4,,1.95,1.95,,,,1.45,1.95,0.45,,,,1.95,0.95,,,,,,0.45,,0.4,0.45,,,,,1.95,0.95,,,,,0.45,0.95,0.4,,,,0.4,1.95,1.95,,1.95,,,,,,0.4,,,,,3.95,3.95,1.95,1.95,2.95,1.95,1.95,1.95,1.95,1.95,1.95,2.95,,,1.95,,,0.4,7.95,7.95,,3.95,1.95,,,,,,,0.4,1.95,,0.4,3.95,,,7.95,,0.4,0.4,0.4,0.45,0.4,0.45,0.45,0.95,1.95,1.95,1.95,0.45,0.45,,,,,,,,,,1.95,1.95,1.95,1.95,1.95,1.95,,,,1.95,1.95,0.95,,,3.95,3.95,,0.45,0.45,0.45,1.95,1.95,1.95,1.95,1.95,1.95,,,1.95,,,,,0.45,,,,1.95,,,,1.95,0.4,0.4,1.95,,,,0.95,1.95,,0.45,0.45,1.95
118,10270200,,3.95,,,,,0.95,0.45,,,,3.95,3.95,,3.95,7.95,7.95,,,,,,,,,3.95,,1.95,0.45,,,0.4,,1.95,1.95,,,,1.45,1.95,0.45,,,,1.95,0.95,,,,,,0.45,,0.4,0.45,,,,,1.95,0.95,,,,,0.45,0.95,0.4,,,,0.4,1.95,1.95,,1.95,,,,,,0.4,,,,,3.95,3.95,1.95,1.95,2.95,1.95,1.95,1.95,1.95,1.95,1.95,2.95,,,1.95,,,0.4,7.95,7.95,,3.95,1.95,,,,,,,0.4,1.95,,0.4,3.95,,,7.95,,0.4,0.4,0.4,0.45,0.4,0.45,0.45,0.95,1.95,1.95,1.95,0.45,0.45,,,,,,,,,,1.95,1.95,1.95,1.95,1.95,1.95,,,,1.95,1.95,0.95,,,3.95,3.95,,0.45,0.45,0.45,1.95,1.95,1.95,1.95,1.95,1.95,,,1.95,,,,,0.45,,,,1.95,,,,1.95,0.4,0.4,1.95,,,,0.95,1.95,,0.45,0.45,1.95
118,10270260,,3.95,,,,,0.95,0.45,,,,3.95,3.95,,3.95,7.95,7.95,,,,,,,,,3.95,,1.95,0.45,,,0.4,,1.95,1.95,,,,1.45,1.95,0.45,,,,1.95,0.95,,,,,,0.45,,0.4,0.45,,,,,1.95,0.95,,,,,0.45,0.95,0.4,,,,0.4,1.95,1.95,,1.95,,,,,,0.4,,,,,3.95,3.95,1.95,1.95,2.95,1.95,1.95,1.95,1.95,1.95,1.95,2.95,,,1.95,,,0.4,7.95,7.95,,3.95,1.95,,,,,,,0.4,1.95,,0.4,3.95,,,7.95,,0.4,0.4,0.4,0.45,0.4,0.45,0.45,0.95,1.95,1.95,1.95,0.45,0.45,,,,,,,,,,1.95,1.95,1.95,1.95,1.95,1.95,,,,1.95,1.95,0.95,,,3.95,3.95,,0.45,0.45,0.45,1.95,1.95,1.95,1.95,1.95,1.95,,,1.95,,,,,0.45,,,,1.95,,,,3.95,0.4,0.4,1.95,,,,0.95,1.95,,0.45,0.45,1.95
118,10270320,,3.95,,,,,0.95,0.45,,,,3.95,3.95,,3.95,7.95,7.95,,,,,,,,,3.95,,1.95,0.45,,,0.4,,1.95,1.95,,,,1.45,1.95,0.45,,,,1.95,0.95,,,,,,0.45,,0.4,0.45,,,,,1.95,0.95,,,,,0.45,0.95,0.4,,,,0.4,1.95,1.95,,1.95,,,,,,0.4,,,,,3.95,3.95,1.95,1.95,2.95,1.95,1.95,1.95,1.95,1.95,1.95,2.95,,,1.95,,,0.4,7.95,7.95,,3.95,1.95,,,,,,,0.4,1.95,,0.4,3.95,,,7.95,,0.4,0.4,0.4,0.45,0.4,0.45,0.45,0.95,1.95,1.95,1.95,0.45,0.45,,,,,,,,,,1.95,1.95,1.95,1.95,1.95,1.95,,,,1.95,1.95,0.95,,,3.95,3.95,,0.45,0.45,0.45,1.95,1.95,1.95,1.95,1.95,1.95,,,1.95,,,,,0.45,,,,1.95,,,,3.45,0.4,0.4,1.95,,,,0.95,1.95,,0.45,0.45,1.95
118,10270380,,3.95,,,,,0.95,0.45,,,,3.95,3.95,,3.95,7.95,7.95,,,,,,,,,3.95,,1.95,0.45,,,0.4,,1.95,1.95,,,,1.45,1.95,0.45,,,,1.95,0.95,,,,,,0.45,,0.4,0.45,,,,,1.95,0.95,,,,,0.45,0.95,0.4,,,,0.4,1.95,1.95,,1.95,,,,,,0.4,,,,,3.95,3.95,1.95,1.95,2.95,1.95,1.95,1.95,1.95,1.95,1.95,2.95,,,1.95,,,0.4,7.95,7.95,,3.95,1.95,,,,,,,0.4,1.95,,0.4,3.95,,,7.95,,0.4,0.4,0.4,0.45,0.4,0.45,0.45,0.95,1.95,1.95,1.95,0.45,0.45,,,,,,,,,,1.95,1.95,1.95,1.95,1.95,1.95,,,,1.95,1.95,0.95,,,3.95,3.95,,0.45,0.45,0.45,1.95,1.95,1.95,1.95,1.95,1.95,,,1.95,,,,,0.45,,,,1.95,,,,3.45,0.4,0.4,1.95,,,,0.95,1.95,,0.45,0.45,1.95
118,10270440,,3.95,,,,,0.95,0.45,,,,3.95,3.95,,3.95,7.95,7.95,,,,,,,,,3.95,,1.95,0.45,,,0.4,,1.95,1.95,,,,1.45,1.95,0.45,,,,1.95,0.95,,,,,,0.45,,0.4,0.45,,,,,1.95,0.95,,,,,0.45,0.95,0.4,,,,0.4,1.95,1.95,,1.95,,,,,,0.4,,,,,3.95,3.95,1.95,1.95,2.95,1.95,1.95,1.95,1.95,1.95,1.95,2.95,,,1.95,,,0.4,7.95,7.95,,3.95,1.95,,,,,,,0.4,1.95,,0.4,3.95,,,7.95,,0.4,0.4,0.4,0.45,0.4,0.45,0.45,0.95,1.95,1.95,1.95,0.45,0.45,,,,,,,,,,1.95,1.95,1.95,1.95,1.95,1.95,,,,1.95,1.95,0.95,,,3.95,3.95,,0.45,0.45,0.45,1.95,1.95,1.95,1.95,1.95,1.95,,,1.95,,,,,0.45,,,,1.95,,,,3.45,0.4,0.4,1.95,,,,0.95,1.95,,0.45,0.45,1.95
118,10270500,,3.95,,,,,0.95,0.45,,,,3.95,3.95,,3.95,7.95,7.95,,,,,,,,,3.95,,1.95,0.45,,,0.4,,1.95,1.95,,,,1.45,1.95,0.45,,,,1.95,0.95,,,,,,0.45,,0.4,0.45,,,,,1.95,0.95,,,,,0.45,0.95,0.4,,,,0.4,1.95,1.95,,1.95,,,,,,0.4,,,,,3.95,3.95,1.95,1.95,2.95,1.95,1.95,1.95,1.95,1.95,1.95,2.95,,,1.95,,,0.4,7.95,7.95,,3.95,1.95,,,,,,,0.4,1.95,,0.4,3.95,,,7.95,,0.4,0.4,0.4,0.45,0.4,0.45,0.45,0.95,1.95,1.95,1.95,0.45,0.45,,,,,,,,,,1.95,1.95,1.95,1.95,1.95,1.95,,,,1.95,1.95,0.95,,,3.95,3.95,,0.45,0.45,0.45,1.95,1.95,1.95,1.95,1.95,1.95,,,1.95,,,,,0.45,,,,1.95,,,,3.95,0.4,0.4,1.95,,,,0.95,1.95,,0.45,0.45,1.95
118,10270560,,3.95,,,,,0.95,0.45,,,,3.95,3.95,,3.95,7.95,7.95,,,,,,,,,3.95,,1.95,0.45,,,0.4,,1.95,1.95,,,,1.45,1.95,0.45,,,,1.95,0.95,,,,,,0.45,,0.4,0.45,,,,,1.95,0.95,,,,,0.45,0.95,0.4,,,,0.4,1.95,1.95,,1.95,,,,,,0.4,,,,,3.95,3.95,1.95,1.95,2.95,1.95,1.95,1.95,1.95,1.95,1.95,2.95,,,1.95,,,0.4,7.95,7.95,,3.95,1.95,,,,,,,0.4,1.95,,0.4,3.95,,,7.95,,0.4,0.4,0.4,0.45,0.4,0.45,0.45,0.95,1.95,1.95,1.95,0.45,0.45,,,,,,,,,,1.95,1.95,1.95,1.95,1.95,1.95,,,,1.95,1.95,0.95,,,3.95,3.95,,0.45,0.45,0.45,1.95,1.95,1.95,1.95,1.95,1.95,,,1.95,,,,,0.45,,,,1.95,,,,3.95,0.4,0.4,1.95,,,,0.95,1.95,,0.45,0.45,1.95
118,10270620,,3.95,,,,,0.95,0.45,,,,3.95,3.95,,3.95,7.95,7.95,,,,,,,,,3.95,,1.95,0.45,,,0.4,,1.95,1.95,,,,1.45,1.95,0.45,,,,1.95,0.95,,,,,,0.45,,0.4,0.45,,,,,1.95,0.95,,,,,0.45,0.95,0.4,,,,0.4,1.95,1.95,,1.95,,,,,,0.4,,,,,3.95,3.95,1.95,1.95,2.95,1.95,1.95,1.95,1.95,1.95,1.95,2.95,,,1.95,,,0.4,7.95,7.95,,3.95,1.95,,,,,,,0.4,1.95,,0.4,3.95,,,7.95,,0.4,0.4,0.4,0.45,0.4,0.45,0.45,0.95,1.95,1.95,1.95,0.45,0.45,,,,,,,,,,1.95,1.95,1.95,1.95,1.95,1.95,,,,1.95,1.95,0.95,,,3.95,3.95,,0.45,0.45,0.45,1.95,1.95,1.95,1.95,1.95,1.95,,,1.95,,,,,0.45,,,,1.95,,,,3.45,0.4,0.4,1.95,,,,0.95,1.95,,0.45,0.45,1.95
118,10270680,,3.95,,,,,0.95,0.45,,,,3.95,3.95,,3.95,7.95,7.95,,,,,,,,,3.95,,1.95,0.45,,,0.4,,1.95,1.95,,,,1.45,1.95,0.45,,,,1.95,0.95,,,,,,0.45,,0.4,0.45,,,,,1.95,0.95,,,,,0.45,0.95,0.4,,,,0.4,1.95,1.95,,1.95,,,,,,0.4,,,,,3.95,3.95,1.95,1.95,2.95,1.95,1.95,1.95,1.95,1.95,1.95,2.95,,,1.95,,,0.4,7.95,7.95,,3.95,1.95,,,,,,,0.4,1.95,,0.4,3.95,,,7.95,,0.4,0.4,0.4,0.45,0.4,0.45,0.45,0.95,1.95,1.95,1.95,0.45,0.45,,,,,,,,,,1.95,1.95,1.95,1.95,1.95,1.95,,,,1.95,1.95,0.95,,,3.95,3.95,,0.45,0.45,0.45,1.95,1.95,1.95,1.95,1.95,1.95,,,1.95,,,,,0.45,,,,1.95,,,,3.45,0.4,0.4,1.95,,,,0.95,1.95,,0.45,0.45,1.95
118,10270740,,3.95,,,,,0.95,0.45,,,,3.95,3.95,,3.95,7.95,7.95,,,,,,,,,3.95,,1.95,0.45,,,0.4,,1.95,1.95,,,,1.45,1.95,0.45,,,,1.95,0.95,,,,,,0.45,,0.4,0.45,,,,,1.95,0.95,,,,,0.45,0.95,0.4,,,,0.4,1.95,1.95,,1.95,,,,,,0.4,,,,,3.95,3.95,1.95,1.95,2.95,1.95,1.95,1.95,1.95,1.95,1.95,2.95,,,1.95,,,0.4,7.95,7.95,,3.95,1.95,,,,,,,0.4,1.95,,0.4,3.95,,,7.95,,0.4,0.4,0.4,0.45,0.4,0.45,0.45,0.95,1.95,1.95,1.95,0.45,0.45,,,,,,,,,,1.95,1.95,1.95,1.95,1.95,1.95,,,,1.95,1.95,0.95,,,3.95,3.95,,0.45,0.45,0.45,1.95,1.95,1.95,1.95,1.95,1.95,,,1.95,,,,,0.45,,,,1.95,,,,3.45,0.4,0.4,1.95,,,,0.95,1.95,,0.45,0.45,1.95
118,10270800,,3.95,,,,,0.95,0.45,,,,3.95,3.95,,3.95,7.95,7.95,,,,,,,,,3.95,,1.95,0.45,,,0.4,,1.95,1.95,,,,1.45,1.95,0.45,,,,1.95,0.95,,,,,,0.45,,0.4,0.45,,,,,1.95,0.95,,,,,0.45,0.95,0.4,,,,0.4,1.95,1.95,,1.95,,,,,,0.4,,,,,3.95,3.95,1.95,1.95,2.95,1.95,1.95,1.95,1.95,1.95,1.95,2.95,,,1.95,,,0.4,7.95,7.95,,3.95,1.95,,,,,,,0.4,1.95,,0.4,3.95,,,7.95,,0.4,0.4,0.4,0.45,0.4,0.45,0.45,0.95,1.95,1.95,1.95,0.45,0.45,,,,,,,,,,1.95,1.95,1.95,1.95,1.95,1.95,,,,1.95,1.95,0.95,,,3.95,3.95,,0.45,0.45,0.45,1.95,1.95,1.95,1.95,1.95,1.95,,,1.95,,,,,0.45,,,,1.95,,,,3.45,0.4,0.4,1.95,,,,0.95,1.95,,0.45,0.45,1.95
118,10270860,,3.95,,,,,0.95,0.45,,,,3.95,3.95,,3.95,7.95,7.95,,,,,,,,,3.95,,1.95,0.45,,,0.4,,1.95,1.95,,,,1.45,1.95,0.45,,,,1.95,0.95,,,,,,0.45,,0.4,0.45,,,,,1.95,0.95,,,,,0.45,0.95,0.4,,,,0.4,1.95,1.95,,1.95,,,,,,0.4,,,,,3.95,3.95,1.95,1.95,2.95,1.95,1.95,1.95,1.95,1.95,1.95,2.95,,,1.95,,,0.4,7.95,7.95,,3.95,1.95,,,,,,,0.4,1.95,,0.4,3.95,,,7.95,,0.4,0.4,0.4,0.45,0.4,0.45,0.45,0.95,1.95,1.95,1.95,0.45,0.45,,,,,,,,,,1.95,1.95,1.95,1.95,1.95,1.95,,,,1.95,1.95,0.95,,,3.95,3.95,,0.45,0.45,0.45,1.95,1.95,1.95,1.95,1.95,1.95,,,1.95,,,,,0.45,,,,1.95,,,,3.95,0.4,0.4,1.95,,,,0.95,1.95,,0.45,0.45,1.95
118,10270920,,3.95,,,,,0.95,0.45,,,,3.95,3.95,,3.95,7.95,7.95,,,,,,,,,3.95,,1.95,0.45,,,0.4,,1.95,1.95,,,,1.45,1.95,0.45,,,,1.95,0.95,,,,,,0.45,,0.4,0.45,,,,,1.95,0.95,,,,,0.45,0.95,0.4,,,,0.4,1.95,1.95,,1.95,,,,,,0.4,,,,,3.95,3.95,1.95,1.95,2.95,1.95,1.95,1.95,1.95,1.95,1.95,2.95,,,1.95,,,0.4,7.95,7.95,,3.95,1.95,,,,,,,0.4,1.95,,0.4,3.95,,,7.95,,0.4,0.4,0.4,0.45,0.4,0.45,0.45,0.95,1.95,1.95,1.95,0.45,0.45,,,,,,,,,,1.95,1.95,1.95,1.95,1.95,1.95,,,,1.95,1.95,0.95,,,3.95,3.95,,0.45,0.45,0.45,1.95,1.95,1.95,1.95,1.95,1.95,,,1.95,,,,,0.45,,,,1.95,,,,3.45,0.4,0.4,1.95,,,,0.95,1.95,,0.45,0.45,1.95
118,10270980,,3.95,,,,,0.95,0.45,,,,3.95,3.95,,3.95,7.95,7.95,,,,,,,,,3.95,,1.95,0.45,,,0.4,,1.95,1.95,,,,1.45,1.95,0.45,,,,1.95,0.95,,,,,,0.45,,0.4,0.45,,,,,1.95,0.95,,,,,0.45,0.95,0.4,,,,0.4,1.95,1.95,,1.95,,,,,,0.4,,,,,3.95,3.95,1.95,1.95,2.95,1.95,1.95,1.95,1.95,1.95,1.95,2.95,,,1.95,,,0.4,7.95,7.95,,3.95,1.95,,,,,,,0.4,1.95,,0.4,3.95,,,7.95,,0.4,0.4,0.4,0.45,0.4,0.45,0.45,0.95,1.95,1.95,1.95,0.45,0.45,,,,,,,,,,1.95,1.95,1.95,1.95,1.95,1.95,,,,1.95,1.95,0.95,,,3.95,3.95,,0.45,0.45,0.45,1.95,1.95,1.95,1.95,1.95,1.95,,,1.95,,,,,0.45,,,,1.95,,,,1.95,0.4,0.4,1.95,,,,0.95,1.95,,0.45,0.45,1.95
118,10271040,,3.95,,,,,0.95,0.45,,,,3.95,3.95,,3.95,7.95,7.95,,,,,,,,,3.95,,1.95,0.45,,,0.4,,1.95,1.95,,,,1.45,1.95,0.45,,,,1.95,0.95,,,,,,0.45,,0.4,0.45,,,,,1.95,0.95,,,,,0.45,0.95,0.4,,,,0.4,1.95,1.95,,1.95,,,,,,0.4,,,,,3.95,3.95,1.95,1.95,2.95,1.95,1.95,1.95,1.95,1.95,1.95,2.95,,,1.95,,,0.4,7.95,7.95,,3.95,1.95,,,,,,,0.4,1.95,,0.4,3.95,,,7.95,,0.4,0.4,0.4,0.45,0.4,0.45,0.45,0.95,1.95,1.95,1.95,0.45,0.45,,,,,,,,,,1.95,1.95,1.95,1.95,1.95,1.95,,,,1.95,1.95,0.95,,,3.95,3.95,,0.45,0.45,0.45,1.95,1.95,1.95,1.95,1.95,1.95,,,1.95,,,,,0.45,,,,1.95,,,,1.95,0.4,0.4,1.95,,,,0.95,1.95,,0.45,0.45,1.95
118,10271100,,3.95,,,,,0.95,0.45,,,,3.95,3.95,,3.95,7.95,7.95,,,,,,,,,3.95,,1.95,0.45,,,0.4,,1.95,1.95,,,,1.45,1.95,0.45,,,,1.95,0.95,,,,,,0.45,,0.4,0.45,,,,,1.95,0.95,,,,,0.45,0.95,0.4,,,,0.4,1.95,1.95,,1.95,,,,,,0.4,,,,,3.95,3.95,1.95,1.95,2.95,1.95,1.95,1.95,1.95,1.95,1.95,2.95,,,1.95,,,0.4,7.95,7.95,,3.95,1.95,,,,,,,0.4,1.95,,0.4,3.95,,,7.95,,0.4,0.4,0.4,0.45,0.4,0.45,0.45,0.95,1.95,1.95,1.95,0.45,0.45,,,,,,,,,,1.95,1.95,1.95,1.95,1.95,1.95,,,,1.95,1.95,0.95,,,3.95,3.95,,0.45,0.45,0.45,1.95,1.95,1.95,1.95,1.95,1.95,,,1.95,,,,,0.45,,,,1.95,,,,1.95,0.4,0.4,1.95,,,,0.95,1.95,,0.45,0.45,1.95
118,10271160,,3.95,,,,,0.95,0.45,,,,3.95,3.95,,3.95,7.95,7.95,,,,,,,,,3.95,,1.95,0.45,,,0.4,,1.95,1.95,,,,1.45,1.95,0.45,,,,1.95,0.95,,,,,,0.45,,0.4,0.45,,,,,1.95,0.95,,,,,0.45,0.95,0.4,,,,0.4,1.95,1.95,,1.95,,,,,,0.4,,,,,3.95,3.95,1.95,1.95,2.95,1.95,1.95,1.95,1.95,1.95,1.95,2.95,,,1.95,,,0.4,7.95,7.95,,3.95,1.95,,,,,,,0.4,1.95,,0.4,3.95,,,7.95,,0.4,0.4,0.4,0.45,0.4,0.45,0.45,0.95,1.95,1.95,1.95,0.45,0.45,,,,,,,,,,1.95,1.95,1.95,1.95,1.95,1.95,,,,1.95,1.95,0.95,,,3.95,3.95,,0.45,0.45,0.45,1.95,1.95,1.95,1.95,1.95,1.95,,,1.95,,,,,0.45,,,,1.95,,,,1.95,0.4,0.4,1.95,,,,0.95,1.95,,0.45,0.45,1.95
118,10271220,,3.95,,,,,0.95,0.45,,,,3.95,3.95,,3.95,7.95,7.95,,,,,,,,,3.95,,1.95,0.45,,,0.4,,1.95,1.95,,,,1.45,1.95,0.45,,,,1.95,0.95,,,,,,0.45,,0.4,0.45,,,,,1.95,0.95,,,,,0.45,0.95,0.4,,,,0.4,1.95,1.95,,1.95,,,,,,0.4,,,,,3.95,3.95,1.95,1.95,2.95,1.95,1.95,1.95,1.95,1.95,1.95,2.95,,,1.95,,,0.4,7.95,7.95,,3.95,1.95,,,,,,,0.4,1.95,,0.4,3.95,,,7.95,,0.4,0.4,0.4,0.45,0.4,0.45,0.45,0.95,1.95,1.95,1.95,0.45,0.45,,,,,,,,,,1.95,1.95,1.95,1.95,1.95,1.95,,,,1.95,1.95,0.95,,,3.95,3.95,,0.45,0.45,0.45,1.95,1.95,1.95,1.95,1.95,1.95,,,1.95,,,,,0.45,,,,1.95,,,,1.95,0.4,0.4,1.95,,,,0.95,1.95,,0.45,0.45,1.95
118,10271280,,3.95,,,,,0.95,0.45,,,,3.95,3.95,,3.95,7.95,7.95,,,,,,,,,3.95,,1.95,0.45,,,0.4,,1.95,1.95,,,,1.45,1.95,0.45,,,,1.95,0.95,,,,,,0.45,,0.4,0.45,,,,,1.95,0.95,,,,,0.45,0.95,0.4,,,,0.4,1.95,1.95,,1.95,,,,,,0.4,,,,,3.95,3.95,1.95,1.95,2.95,1.95,1.95,1.95,1.95,1.95,1.95,2.95,,,1.95,,,0.4,7.95,7.95,,3.95,1.95,,,,,,,0.4,1.95,,0.4,3.95,,,7.95,,0.4,0.4,0.4,0.45,0.4,0.45,0.45,0.95,1.95,1.95,1.95,0.45,0.45,,,,,,,,,,1.95,1.95,1.95,1.95,1.95,1.95,,,,1.95,1.95,0.95,,,3.95,3.95,,0.45,0.45,0.45,1.95,1.95,1.95,1.95,1.95,1.95,,,1.95,,,,,0.45,,,,1.95,,,,1.95,0.4,0.4,1.95,,,,0.95,1.95,,0.45,0.45,1.95
118,10271340,,3.95,,,,,0.95,0.45,,,,3.95,3.95,,3.95,7.95,7.95,,,,,,,,,3.95,,1.95,0.45,,,0.4,,1.95,1.95,,,,1.45,1.95,0.45,,,,1.95,0.95,,,,,,0.45,,0.4,0.45,,,,,1.95,0.95,,,,,0.45,0.95,0.4,,,,0.4,1.95,1.95,,1.95,,,,,,0.4,,,,,3.95,3.95,1.95,1.95,2.95,1.95,1.95,1.95,1.95,1.95,1.95,2.95,,,1.95,,,0.4,7.95,7.95,,3.95,1.95,,,,,,,0.4,1.95,,0.4,3.95,,,7.95,,0.4,0.4,0.4,0.45,0.4,0.45,0.45,0.95,1.95,1.95,1.95,0.45,0.45,,,,,,,,,,1.95,1.95,1.95,1.95,1.95,1.95,,,,1.95,1.95,0.95,,,3.95,3.95,,0.45,0.45,0.45,1.95,1.95,1.95,1.95,1.95,1.95,,,1.95,,,,,0.45,,,,1.95,,,,1.95,0.4,0.4,1.95,,,,0.95,1.95,,0.45,0.45,1.95
118,10271400,,3.95,,,,,0.95,0.45,,,,3.95,3.95,,3.95,7.95,7.95,,,,,,,,,3.95,,1.95,0.45,,,0.4,,1.95,1.95,,,,1.45,1.95,0.45,,,,1.95,0.95,,,,,,0.45,,0.4,0.45,,,,,1.95,0.95,,,,,0.45,0.95,0.4,,,,0.4,1.95,1.95,,1.95,,,,,,0.4,,,,,3.95,3.95,1.95,1.95,2.95,1.95,1.95,1.95,1.95,1.95,1.95,2.95,,,1.95,,,0.4,7.95,7.95,,3.95,1.95,,,,,,,0.4,1.95,,0.4,3.95,,,7.95,,0.4,0.4,0.4,0.45,0.4,0.45,0.45,0.95,1.95,1.95,1.95,0.45,0.45,,,,,,,,,,1.95,1.95,1.95,1.95,1.95,1.95,,,,1.95,1.95,0.95,,,3.95,3.95,,0.45,0.45,0.45,1.95,1.95,1.95,1.95,1.95,1.95,,,1.95,,,,,0.45,,,,1.95,,,,1.95,0.4,0.4,1.95,,,,0.95,1.95,,0.45,0.45,1.95
118,10271460,,3.95,,,,,0.95,0.45,,,,3.95,3.95,,3.95,7.95,7.95,,,,,,,,,3.95,,1.95,0.45,,,0.4,,1.95,1.95,,,,1.45,1.95,0.45,,,,1.95,0.95,,,,,,0.45,,0.4,0.45,,,,,1.95,0.95,,,,,0.45,0.95,0.4,,,,0.4,1.95,1.95,,1.95,,,,,,0.4,,,,,3.95,3.95,1.95,1.95,2.95,1.95,1.95,1.95,1.95,1.95,1.95,2.95,,,1.95,,,0.4,7.95,7.95,,3.95,1.95,,,,,,,0.4,1.95,,0.4,3.95,,,7.95,,0.4,0.4,0.4,0.45,0.4,0.45,0.45,0.95,1.95,1.95,1.95,0.45,0.45,,,,,,,,,,1.95,1.95,1.95,1.95,1.95,1.95,,,,1.95,1.95,0.95,,,3.95,3.95,,0.45,0.45,0.45,1.95,1.95,1.95,1.95,1.95,1.95,,,1.95,,,,,0.45,,,,1.95,,,,1.95,0.4,0.4,1.95,,,,0.95,1.95,,0.45,0.45,1.95
118,10271520,,3.95,,,,,0.95,0.45,,,,3.95,3.95,,3.95,7.95,7.95,,,,,,,,,3.95,,1.95,0.45,,,0.4,,1.95,1.95,,,,1.45,1.95,0.45,,,,1.95,0.95,,,,,,0.45,,0.4,0.45,,,,,1.95,0.95,,,,,0.45,0.95,0.4,,,,0.4,1.95,1.95,,1.95,,,,,,0.4,,,,,3.95,3.95,1.95,1.95,2.95,1.95,1.95,1.95,1.95,1.95,1.95,2.95,,,1.95,,,0.4,7.95,7.95,,3.95,1.95,,,,,,,0.4,1.95,,0.4,3.95,,,7.95,,0.4,0.4,0.4,0.45,0.4,0.45,0.45,0.95,1.95,1.95,1.95,0.45,0.45,,,,,,,,,,1.95,1.95,1.95,1.95,1.95,1.95,,,,1.95,1.95,0.95,,,3.95,3.95,,0.45,0.45,0.45,1.95,1.95,1.95,1.95,1.95,1.95,,,1.95,,,,,0.45,,,,1.95,,,,1.95,0.4,0.4,1.95,,,,0.95,1.95,,0.45,0.45,1.95
118,10271580,,3.95,,,,,0.95,0.45,,,,3.95,3.95,,3.95,7.95,7.95,,,,,,,,,3.95,,1.95,0.45,,,0.4,,1.95,1.95,,,,1.45,1.95,0.45,,,,1.95,0.95,,,,,,0.45,,0.4,0.45,,,,,1.95,0.95,,,,,0.45,0.95,0.4,,,,0.4,1.95,1.95,,1.95,,,,,,0.4,,,,,3.95,3.95,1.95,1.95,2.95,1.95,1.95,1.95,1.95,1.95,1.95,2.95,,,1.95,,,0.4,7.95,7.95,,3.95,1.95,,,,,,,0.4,1.95,,0.4,3.95,,,7.95,,0.4,0.4,0.4,0.45,0.4,0.45,0.45,0.95,1.95,1.95,1.95,0.45,0.45,,,,,,,,,,1.95,1.95,1.95,1.95,1.95,1.95,,,,1.95,1.95,0.95,,,3.95,3.95,,0.45,0.45,0.45,1.95,1.95,1.95,1.95,1.95,1.95,,,1.95,,,,,0.45,,,,1.95,,,,1.95,0.4,0.4,1.95,,,,0.95,1.95,,0.45,0.45,1.95
118,10271640,,3.95,,,,,0.95,0.45,,,,3.95,3.95,,3.95,7.95,7.95,,,,,,,,,3.95,,1.95,0.45,,,0.4,,1.95,1.95,,,,1.45,1.95,0.45,,,,1.95,0.95,,,,,,0.45,,0.4,0.45,,,,,1.95,0.95,,,,,0.45,0.95,0.4,,,,0.4,1.95,1.95,,1.95,,,,,,0.4,,,,,3.95,3.95,1.95,1.95,2.95,1.95,1.95,1.95,1.95,1.95,1.95,2.95,,,1.95,,,0.4,7.95,7.95,,3.95,1.95,,,,,,,0.4,1.95,,0.4,3.95,,,7.95,,0.4,0.4,0.4,0.45,0.4,0.45,0.45,0.95,1.95,1.95,1.95,0.45,0.45,,,,,,,,,,1.95,1.95,1.95,1.95,1.95,1.95,,,,1.95,1.95,0.95,,,3.95,3.95,,0.45,0.45,0.45,1.95,1.95,1.95,1.95,1.95,1.95,,,1.95,,,,,0.45,,,,1.95,,,,1.95,0.4,0.4,1.95,,,,0.95,1.95,,0.45,0.45,1.95
118,10271700,,3.95,,,,,0.95,0.45,,,,3.95,3.95,,3.95,7.95,7.95,,,,,,,,,3.95,,1.95,0.45,,,0.4,,1.95,1.95,,,,1.45,1.95,0.45,,,,1.95,0.95,,,,,,0.45,,0.4,0.45,,,,,1.95,0.95,,,,,0.45,0.95,0.4,,,,0.4,1.95,1.95,,1.95,,,,,,0.4,,,,,3.95,3.95,1.95,1.95,2.95,1.95,1.95,1.95,1.95,1.95,1.95,2.95,,,1.95,,,0.4,7.95,7.95,,3.95,1.95,,,,,,,0.4,1.95,,0.4,3.95,,,7.95,,0.4,0.4,0.4,0.45,0.4,0.45,0.45,0.95,1.95,1.95,1.95,0.45,0.45,,,,,,,,,,1.95,1.95,1.95,1.95,1.95,1.95,,,,1.95,1.95,0.95,,,3.95,3.95,,0.45,0.45,0.45,1.95,1.95,1.95,1.95,1.95,1.95,,,1.95,,,,,0.45,,,,1.95,,,,1.95,0.4,0.4,1.95,,,,0.95,1.95,,0.45,0.45,1.95
118,10271760,,3.95,,,,,0.95,0.45,,,,3.95,3.95,,3.95,7.95,7.95,,,,,,,,,3.95,,1.95,0.45,,,0.4,,1.95,1.95,,,,1.45,1.95,0.45,,,,1.95,0.95,,,,,,0.45,,0.4,0.45,,,,,1.95,0.95,,,,,0.45,0.95,0.4,,,,0.4,1.95,1.95,,1.95,,,,,,0.4,,,,,3.95,3.95,1.95,1.95,2.95,1.95,1.95,1.95,1.95,1.95,1.95,2.95,,,1.95,,,0.4,7.95,7.95,,3.95,1.95,,,,,,,0.4,1.95,,0.4,3.95,,,7.95,,0.4,0.4,0.4,0.45,0.4,0.45,0.45,0.95,1.95,1.95,1.95,0.45,0.45,,,,,,,,,,1.95,1.95,1.95,1.95,1.95,1.95,,,,1.95,1.95,0.95,,,3.95,3.95,,0.45,0.45,0.45,1.95,1.95,1.95,1.95,1.95,1.95,,,1.95,,,,,0.45,,,,1.95,,,,1.95,0.4,0.4,1.95,,,,0.95,1.95,,0.45,0.45,1.95
118,10271820,,3.95,,,,,0.95,0.45,,,,3.95,3.95,,3.95,7.95,7.95,,,,,,,,,3.95,,1.95,0.45,,,0.4,,1.95,1.95,,,,1.45,1.95,0.45,,,,1.95,0.95,,,,,,0.45,,0.4,0.45,,,,,1.95,0.95,,,,,0.45,0.95,0.4,,,,0.4,1.95,1.95,,1.95,,,,,,0.4,,,,,3.95,3.95,1.95,1.95,2.95,1.95,1.95,1.95,1.95,1.95,1.95,2.95,,,1.95,,,0.4,7.95,7.95,,3.95,1.95,,,,,,,0.4,1.95,,0.4,3.95,,,7.95,,0.4,0.4,0.4,0.45,0.4,0.45,0.45,0.95,1.95,1.95,1.95,0.45,0.45,,,,,,,,,,1.95,1.95,1.95,1.95,1.95,1.95,,,,1.95,1.95,0.95,,,3.95,3.95,,0.45,0.45,0.45,1.95,1.95,1.95,1.95,1.95,1.95,,,1.95,,,,,0.45,,,,1.95,,,,1.95,0.4,0.4,1.95,,,,0.95,1.95,,0.45,0.45,1.95
118,10271880,,3.95,,,,,0.95,0.45,,,,3.95,3.95,,3.95,7.95,7.95,,,,,,,,,3.95,,1.95,0.45,,,0.4,,1.95,1.95,,,,1.45,1.95,0.45,,,,1.95,0.95,,,,,,0.45,,0.4,0.45,,,,,1.95,0.95,,,,,0.45,0.95,0.4,,,,0.4,1.95,1.95,,1.95,,,,,,0.4,,,,,3.95,3.95,1.95,1.95,2.95,1.95,1.95,1.95,1.95,1.95,1.95,2.95,,,1.95,,,0.4,7.95,7.95,,3.95,1.95,,,,,,,0.4,1.95,,0.4,3.95,,,7.95,,0.4,0.4,0.4,0.45,0.4,0.45,0.45,0.95,1.95,1.95,1.95,0.45,0.45,,,,,,,,,,1.95,1.95,1.95,1.95,1.95,1.95,,,,1.95,1.95,0.95,,,3.95,3.95,,0.45,0.45,0.45,1.95,1.95,1.95,1.95,1.95,1.95,,,1.95,,,,,0.45,,,,1.95,,,,1.95,0.4,0.4,1.95,,,,0.95,1.95,,0.45,0.45,1.95
118,10271940,,3.95,,,,,0.95,0.45,,,,3.95,3.95,,3.95,7.95,7.95,,,,,,,,,3.95,,1.95,0.45,,,0.4,,1.95,1.95,,,,1.45,1.95,0.45,,,,1.95,0.95,,,,,,0.45,,0.4,0.45,,,,,1.95,0.95,,,,,0.45,0.95,0.4,,,,0.4,1.95,1.95,,1.95,,,,,,0.4,,,,,3.95,3.95,1.95,1.95,2.95,1.95,1.95,1.95,1.95,1.95,1.95,2.95,,,1.95,,,0.4,7.95,7.95,,3.95,1.95,,,,,,,0.4,1.95,,0.4,3.95,,,7.95,,0.4,0.4,0.4,0.45,0.4,0.45,0.45,0.95,1.95,1.95,1.95,0.45,0.45,,,,,,,,,,1.95,1.95,1.95,1.95,1.95,1.95,,,,1.95,1.95,0.95,,,3.95,3.95,,0.45,0.45,0.45,1.95,1.95,1.95,1.95,1.95,1.95,,,1.95,,,,,0.45,,,,1.95,,,,1.95,0.4,0.4,1.95,,,,0.95,1.95,,0.45,0.45,1.95
118,10272000,,3.95,,,,,0.95,0.45,,,,3.95,3.95,,3.95,7.95,7.95,,,,,,,,,3.95,,1.95,0.45,,,0.4,,1.95,1.95,,,,1.45,1.95,0.45,,,,1.95,0.95,,,,,,0.45,,0.4,0.45,,,,,1.95,0.95,,,,,0.45,0.95,0.4,,,,0.4,1.95,1.95,,1.95,,,,,,0.4,,,,,3.95,3.95,1.95,1.95,2.95,1.95,1.95,1.95,1.95,1.95,1.95,2.95,,,1.95,,,0.4,7.95,7.95,,3.95,1.95,,,,,,,0.4,1.95,,0.4,3.95,,,7.95,,0.4,0.4,0.4,0.45,0.4,0.45,0.45,0.95,1.95,1.95,1.95,0.45,0.45,,,,,,,,,,1.95,1.95,1.95,1.95,1.95,1.95,,,,1.95,1.95,0.95,,,3.95,3.95,,0.45,0.45,0.45,1.95,1.95,1.95,1.95,1.95,1.95,,,1.95,,,,,0.45,,,,1.95,,,,1.95,0.4,0.4,1.95,,,,0.95,1.95,,0.45,0.45,1.95
118,10272060,,3.95,,,,,0.95,0.45,,,,3.95,3.95,,3.95,7.95,7.95,,,,,,,,,3.95,,1.95,0.45,,,0.4,,1.95,1.95,,,,1.45,1.95,0.45,,,,1.95,0.95,,,,,,0.45,,0.4,0.45,,,,,1.95,0.95,,,,,0.45,0.95,0.4,,,,0.4,1.95,1.95,,1.95,,,,,,0.4,,,,,3.95,3.95,1.95,1.95,2.95,1.95,1.95,1.95,1.95,1.95,1.95,2.95,,,1.95,,,0.4,7.95,7.95,,3.95,1.95,,,,,,,0.4,1.95,,0.4,3.95,,,7.95,,0.4,0.4,0.4,0.45,0.4,0.45,0.45,0.95,1.95,1.95,1.95,0.45,0.45,,,,,,,,,,1.95,1.95,1.95,1.95,1.95,1.95,,,,1.95,1.95,0.95,,,3.95,3.95,,0.45,0.45,0.45,1.95,1.95,1.95,1.95,1.95,1.95,,,1.95,,,,,0.45,,,,1.95,,,,1.95,0.4,0.4,1.95,,,,0.95,1.95,,0.45,0.45,1.95
118,10272120,,3.95,,,,,0.95,0.45,,,,3.95,3.95,,3.95,7.95,7.95,,,,,,,,,3.95,,1.95,0.45,,,0.4,,1.95,1.95,,,,1.45,1.95,0.45,,,,1.95,0.95,,,,,,0.45,,0.4,0.45,,,,,1.95,0.95,,,,,0.45,0.95,0.4,,,,0.4,1.95,1.95,,1.95,,,,,,0.4,,,,,3.95,3.95,1.95,1.95,2.95,1.95,1.95,1.95,1.95,1.95,1.95,2.95,,,1.95,,,0.4,7.95,7.95,,3.95,1.95,,,,,,,0.4,1.95,,0.4,3.95,,,7.95,,0.4,0.4,0.4,0.45,0.4,0.45,0.45,0.95,1.95,1.95,1.95,0.45,0.45,,,,,,,,,,1.95,1.95,1.95,1.95,1.95,1.95,,,,1.95,1.95,0.95,,,3.95,3.95,,0.45,0.45,0.45,1.95,1.95,1.95,1.95,1.95,1.95,,,1.95,,,,,0.45,,,,1.95,,,,1.95,0.4,0.4,1.95,,,,0.95,1.95,,0.45,0.45,1.95
118,10272180,,3.95,,,,,0.95,0.45,,,,3.95,3.95,,3.95,7.95,7.95,,,,,,,,,3.95,,1.95,0.45,,,0.4,,1.95,1.95,,,,1.45,1.95,0.45,,,,1.95,0.95,,,,,,0.45,,0.4,0.45,,,,,1.95,0.95,,,,,0.45,0.95,0.4,,,,0.4,1.95,1.95,,1.95,,,,,,0.4,,,,,3.95,3.95,1.95,1.95,2.95,1.95,1.95,1.95,1.95,1.95,1.95,2.95,,,1.95,,,0.4,7.95,7.95,,3.95,1.95,,,,,,,0.4,1.95,,0.4,3.95,,,7.95,,0.4,0.4,0.4,0.45,0.4,0.45,0.45,0.95,1.95,1.95,1.95,0.45,0.45,,,,,,,,,,1.95,1.95,1.95,1.95,1.95,1.95,,,,1.95,1.95,0.95,,,3.95,3.95,,0.45,0.45,0.45,1.95,1.95,1.95,1.95,1.95,1.95,,,1.95,,,,,0.45,,,,1.95,,,,1.95,0.4,0.4,1.95,,,,0.95,1.95,,0.45,0.45,1.95
118,10272240,,3.95,,,,,0.95,0.45,,,,3.95,3.95,,3.95,7.95,7.95,,,,,,,,,3.95,,1.95,0.45,,,0.4,,1.95,1.95,,,,1.45,1.95,0.45,,,,1.95,0.95,,,,,,0.45,,0.4,0.45,,,,,1.95,0.95,,,,,0.45,0.95,0.4,,,,0.4,1.95,1.95,,1.95,,,,,,0.4,,,,,3.95,3.95,1.95,1.95,2.95,1.95,1.95,1.95,1.95,1.95,1.95,2.95,,,1.95,,,0.4,7.95,7.95,,3.95,1.95,,,,,,,0.4,1.95,,0.4,3.95,,,7.95,,0.4,0.4,0.4,0.45,0.4,0.45,0.45,0.95,1.95,1.95,1.95,0.45,0.45,,,,,,,,,,1.95,1.95,1.95,1.95,1.95,1.95,,,,1.95,1.95,0.95,,,3.95,3.95,,0.45,0.45,0.45,1.95,1.95,1.95,1.95,1.95,1.95,,,1.95,,,,,0.45,,,,1.95,,,,1.95,0.4,0.4,1.95,,,,0.95,1.95,,0.45,0.45,1.95
118,10272300,,3.95,,,,,0.95,0.45,,,,3.95,3.95,,3.95,7.95,7.95,,,,,,,,,3.95,,1.95,0.45,,,0.4,,1.95,1.95,,,,1.45,1.95,0.45,,,,1.95,0.95,,,,,,0.45,,0.4,0.45,,,,,1.95,0.95,,,,,0.45,0.95,0.4,,,,0.4,1.95,1.95,,1.95,,,,,,0.4,,,,,3.95,3.95,1.95,1.95,2.95,1.95,1.95,1.95,1.95,1.95,1.95,2.95,,,1.95,,,0.4,7.95,7.95,,3.95,1.95,,,,,,,0.4,1.95,,0.4,3.95,,,7.95,,0.4,0.4,0.4,0.45,0.4,0.45,0.45,0.95,1.95,1.95,1.95,0.45,0.45,,,,,,,,,,1.95,1.95,1.95,1.95,1.95,1.95,,,,1.95,1.95,0.95,,,3.95,3.95,,0.45,0.45,0.45,1.95,1.95,1.95,1.95,1.95,1.95,,,1.95,,,,,0.45,,,,1.95,,,,1.95,0.4,0.4,1.95,,,,0.95,1.95,,0.45,0.45,1.95
118,10272360,,3.95,,,,,0.95,0.45,,,,3.95,3.95,,3.95,7.95,7.95,,,,,,,,,3.95,,1.95,0.45,,,0.4,,1.95,1.95,,,,1.45,1.95,0.45,,,,1.95,0.95,,,,,,0.45,,0.4,0.45,,,,,1.95,0.95,,,,,0.45,0.95,0.4,,,,0.4,1.95,1.95,,1.95,,,,,,0.4,,,,,3.95,3.95,1.95,1.95,2.95,1.95,1.95,1.95,1.95,1.95,1.95,2.95,,,1.95,,,0.4,7.95,7.95,,3.95,1.95,,,,,,,0.4,1.95,,0.4,3.95,,,7.95,,0.4,0.4,0.4,0.45,0.4,0.45,0.45,0.95,1.95,1.95,1.95,0.45,0.45,,,,,,,,,,1.95,1.95,1.95,1.95,1.95,1.95,,,,1.95,1.95,0.95,,,3.95,3.95,,0.45,0.45,0.45,1.95,1.95,1.95,1.95,1.95,1.95,,,1.95,,,,,0.45,,,,1.95,,,,1.95,0.4,0.4,1.95,,,,0.95,1.95,,0.45,0.45,1.95
118,10272420,,3.95,,,,,0.95,0.45,,,,3.95,3.95,,3.95,7.95,7.95,,,,,,,,,3.95,,1.95,0.45,,,0.4,,1.95,1.95,,,,1.45,1.95,0.45,,,,1.95,0.95,,,,,,0.45,,0.4,0.45,,,,,1.95,0.95,,,,,0.45,0.95,0.4,,,,0.4,1.95,1.95,,1.95,,,,,,0.4,,,,,3.95,3.95,1.95,1.95,2.95,1.95,1.95,1.95,1.95,1.95,1.95,2.95,,,1.95,,,0.4,7.95,7.95,,3.95,1.95,,,,,,,0.4,1.95,,0.4,3.95,,,7.95,,0.4,0.4,0.4,0.45,0.4,0.45,0.45,0.95,1.95,1.95,1.95,0.45,0.45,,,,,,,,,,1.95,1.95,1.95,1.95,1.95,1.95,,,,1.95,1.95,0.95,,,3.95,3.95,,0.45,0.45,0.45,1.95,1.95,1.95,1.95,1.95,1.95,,,1.95,,,,,0.45,,,,1.95,,,,1.95,0.4,0.4,1.95,,,,0.95,1.95,,0.45,0.45,1.95
118,10272480,,3.95,,,,,0.95,0.45,,,,3.95,3.95,,3.95,7.95,7.95,,,,,,,,,3.95,,1.95,0.45,,,0.4,,1.95,1.95,,,,1.45,1.95,0.45,,,,1.95,0.95,,,,,,0.45,,0.4,0.45,,,,,1.95,0.95,,,,,0.45,0.95,0.4,,,,0.4,1.95,1.95,,1.95,,,,,,0.4,,,,,3.95,3.95,1.95,1.95,2.95,1.95,1.95,1.95,1.95,1.95,1.95,2.95,,,1.95,,,0.4,7.95,7.95,,3.95,1.95,,,,,,,0.4,1.95,,0.4,3.95,,,7.95,,0.4,0.4,0.4,0.45,0.4,0.45,0.45,0.95,1.95,1.95,1.95,0.45,0.45,,,,,,,,,,1.95,1.95,1.95,1.95,1.95,1.95,,,,1.95,1.95,0.95,,,3.95,3.95,,0.45,0.45,0.45,1.95,1.95,1.95,1.95,1.95,1.95,,,1.95,,,,,0.45,,,,1.95,,,,1.95,0.4,0.4,1.95,,,,0.95,1.95,,0.45,0.45,1.95
118,10272540,,3.95,,,,,0.95,0.45,,,,3.95,3.95,,3.95,7.95,7.95,,,,,,,,,3.95,,1.95,0.45,,,0.4,,1.95,1.95,,,,1.45,1.95,0.45,,,,1.95,0.95,,,,,,0.45,,0.4,0.45,,,,,1.95,0.95,,,,,0.45,0.95,0.4,,,,0.4,1.95,1.95,,1.95,,,,,,0.4,,,,,3.95,3.95,1.95,1.95,2.95,1.95,1.95,1.95,1.95,1.95,1.95,2.95,,,1.95,,,0.4,7.95,7.95,,3.95,1.95,,,,,,,0.4,1.95,,0.4,3.95,,,7.95,,0.4,0.4,0.4,0.45,0.4,0.45,0.45,0.95,1.95,1.95,1.95,0.45,0.45,,,,,,,,,,1.95,1.95,1.95,1.95,1.95,1.95,,,,1.95,1.95,0.95,,,3.95,3.95,,0.45,0.45,0.45,1.95,1.95,1.95,1.95,1.95,1.95,,,1.95,,,,,0.45,,,,1.95,,,,1.95,0.4,0.4,1.95,,,,0.95,1.95,,0.45,0.45,1.95
118,10272600,,3.95,,,,,0.95,0.45,,,,3.95,3.95,,3.95,7.95,7.95,,,,,,,,,3.95,,1.95,0.45,,,0.4,,1.95,1.95,,,,1.45,1.95,0.45,,,,1.95,0.95,,,,,,0.45,,0.4,0.45,,,,,1.95,0.95,,,,,0.45,0.95,0.4,,,,0.4,1.95,1.95,,1.95,,,,,,0.4,,,,,3.95,3.95,1.95,1.95,2.95,1.95,1.95,1.95,1.95,1.95,1.95,2.95,,,1.95,,,0.4,7.95,7.95,,3.95,1.95,,,,,,,0.4,1.95,,0.4,3.95,,,7.95,,0.4,0.4,0.4,0.45,0.4,0.45,0.45,0.95,1.95,1.95,1.95,0.45,0.45,,,,,,,,,,1.95,1.95,1.95,1.95,1.95,1.95,,,,1.95,1.95,0.95,,,3.95,3.95,,0.45,0.45,0.45,1.95,1.95,1.95,1.95,1.95,1.95,,,1.95,,,,,0.45,,,,1.95,,,,1.95,0.4,0.4,1.95,,,,0.95,1.95,,0.45,0.45,1.95
118,10272660,,3.95,,,,,0.95,0.45,,,,3.95,3.95,,3.95,7.95,7.95,,,,,,,,,3.95,,1.95,0.45,,,0.4,,1.95,1.95,,,,1.45,1.95,0.45,,,,1.95,0.95,,,,,,0.45,,0.4,0.45,,,,,1.95,0.95,,,,,0.45,0.95,0.4,,,,0.4,1.95,1.95,,1.95,,,,,,0.4,,,,,3.95,3.95,1.95,1.95,2.95,1.95,1.95,1.95,1.95,1.95,1.95,2.95,,,1.95,,,0.4,7.95,7.95,,3.95,1.95,,,,,,,0.4,1.95,,0.4,3.95,,,7.95,,0.4,0.4,0.4,0.45,0.4,0.45,0.45,0.95,1.95,1.95,1.95,0.45,0.45,,,,,,,,,,1.95,1.95,1.95,1.95,1.95,1.95,,,,1.95,1.95,0.95,,,3.95,3.95,,0.45,0.45,0.45,1.95,1.95,1.95,1.95,1.95,1.95,,,1.95,,,,,0.45,,,,1.95,,,,1.95,0.4,0.4,1.95,,,,0.95,1.95,,0.45,0.45,1.95
118,10272720,,3.95,,,,,0.95,0.45,,,,3.95,3.95,,3.95,7.95,7.95,,,,,,,,,3.95,,1.95,0.45,,,0.4,,1.95,1.95,,,,1.45,1.95,0.45,,,,1.95,0.95,,,,,,0.45,,0.4,0.45,,,,,1.95,0.95,,,,,0.45,0.95,0.4,,,,0.4,1.95,1.95,,1.95,,,,,,0.4,,,,,3.95,3.95,1.95,1.95,2.95,1.95,1.95,1.95,1.95,1.95,1.95,2.95,,,1.95,,,0.4,7.95,7.95,,3.95,1.95,,,,,,,0.4,1.95,,0.4,3.95,,,7.95,,0.4,0.4,0.4,0.45,0.4,0.45,0.45,0.95,1.95,1.95,1.95,0.45,0.45,,,,,,,,,,1.95,1.95,1.95,1.95,1.95,1.95,,,,1.95,1.95,0.95,,,3.95,3.95,,0.45,0.45,0.45,1.95,1.95,1.95,1.95,1.95,1.95,,,1.95,,,,,0.45,,,,1.95,,,,1.95,0.4,0.4,1.95,,,,0.95,1.95,,0.45,0.45,1.95
118,10272780,,3.95,,,,,0.95,0.45,,,,3.95,3.95,,3.95,7.95,7.95,,,,,,,,,3.95,,1.95,0.45,,,0.4,,1.95,1.95,,,,1.45,1.95,0.45,,,,1.95,0.95,,,,,,0.45,,0.4,0.45,,,,,1.95,0.95,,,,,0.45,0.95,0.4,,,,0.4,1.95,1.95,,1.95,,,,,,0.4,,,,,3.95,3.95,1.95,1.95,2.95,1.95,1.95,1.95,1.95,1.95,1.95,2.95,,,1.95,,,0.4,7.95,7.95,,3.95,1.95,,,,,,,0.4,1.95,,0.4,3.95,,,7.95,,0.4,0.4,0.4,0.45,0.4,0.45,0.45,0.95,1.95,1.95,1.95,0.45,0.45,,,,,,,,,,1.95,1.95,1.95,1.95,1.95,1.95,,,,1.95,1.95,0.95,,,3.95,3.95,,0.45,0.45,0.45,1.95,1.95,1.95,1.95,1.95,1.95,,,1.95,,,,,0.45,,,,1.95,,,,1.95,0.4,0.4,1.95,,,,0.95,1.95,,0.45,0.45,1.95
118,10272840,,3.95,,,,,0.95,0.45,,,,3.95,3.95,,3.95,7.95,7.95,,,,,,,,,3.95,,1.95,0.45,,,0.4,,1.95,1.95,,,,1.45,1.95,0.45,,,,1.95,0.95,,,,,,0.45,,0.4,0.45,,,,,1.95,0.95,,,,,0.45,0.95,0.4,,,,0.4,1.95,1.95,,1.95,,,,,,0.4,,,,,3.95,3.95,1.95,1.95,2.95,1.95,1.95,1.95,1.95,1.95,1.95,2.95,,,1.95,,,0.4,7.95,7.95,,3.95,1.95,,,,,,,0.4,1.95,,0.4,3.95,,,7.95,,0.4,0.4,0.4,0.45,0.4,0.45,0.45,0.95,1.95,1.95,1.95,0.45,0.45,,,,,,,,,,1.95,1.95,1.95,1.95,1.95,1.95,,,,1.95,1.95,0.95,,,3.95,3.95,,0.45,0.45,0.45,1.95,1.95,1.95,1.95,1.95,1.95,,,1.95,,,,,0.45,,,,1.95,,,,1.95,0.4,0.4,1.95,,,,0.95,1.95,,0.45,0.45,1.95
118,10272900,,3.95,,,,,0.95,0.45,,,,3.95,3.95,,3.95,7.95,7.95,,,,,,,,,3.95,,1.95,0.45,,,0.4,,1.95,1.95,,,,1.45,1.95,0.45,,,,1.95,0.95,,,,,,0.45,,0.4,0.45,,,,,1.95,0.95,,,,,0.45,0.95,0.4,,,,0.4,1.95,1.95,,1.95,,,,,,0.4,,,,,3.95,3.95,1.95,1.95,2.95,1.95,1.95,1.95,1.95,1.95,1.95,2.95,,,1.95,,,0.4,7.95,7.95,,3.95,1.95,,,,,,,0.4,1.95,,0.4,3.95,,,7.95,,0.4,0.4,0.4,0.45,0.4,0.45,0.45,0.95,1.95,1.95,1.95,0.45,0.45,,,,,,,,,,1.95,1.95,1.95,1.95,1.95,1.95,,,,1.95,1.95,0.95,,,3.95,3.95,,0.45,0.45,0.45,1.95,1.95,1.95,1.95,1.95,1.95,,,1.95,,,,,0.45,,,,1.95,,,,1.95,0.4,0.4,1.95,,,,0.95,1.95,,0.45,0.45,1.95
118,10272960,,3.95,,,,,0.95,0.45,,,,3.95,3.95,,3.95,7.95,7.95,,,,,,,,,3.95,,1.95,0.45,,,0.4,,1.95,1.95,,,,1.45,1.95,0.45,,,,1.95,0.95,,,,,,0.45,,0.4,0.45,,,,,1.95,0.95,,,,,0.45,0.95,0.4,,,,0.4,1.95,1.95,,1.95,,,,,,0.4,,,,,3.95,3.95,1.95,1.95,2.95,1.95,1.95,1.95,1.95,1.95,1.95,2.95,,,1.95,,,0.4,7.95,7.95,,3.95,1.95,,,,,,,0.4,1.95,,0.4,3.95,,,7.95,,0.4,0.4,0.4,0.45,0.4,0.45,0.45,0.95,1.95,1.95,1.95,0.45,0.45,,,,,,,,,,1.95,1.95,1.95,1.95,1.95,1.95,,,,1.95,1.95,0.95,,,3.95,3.95,,0.45,0.45,0.45,1.95,1.95,1.95,1.95,1.95,1.95,,,1.95,,,,,0.45,,,,1.95,,,,1.95,0.4,0.4,1.95,,,,0.95,1.95,,0.45,0.45,1.95
118,10273020,,3.95,,,,,0.95,0.45,,,,3.95,3.95,,3.95,7.95,7.95,,,,,,,,,3.95,,1.95,0.45,,,0.4,,1.95,1.95,,,,1.45,1.95,0.45,,,,1.95,0.95,,,,,,0.45,,0.4,0.45,,,,,1.95,0.95,,,,,0.45,0.95,0.4,,,,0.4,1.95,1.95,,1.95,,,,,,0.4,,,,,3.95,3.95,1.95,1.95,2.95,1.95,1.95,1.95,1.95,1.95,1.95,2.95,,,1.95,,,0.4,7.95,7.95,,3.95,1.95,,,,,,,0.4,1.95,,0.4,3.95,,,7.95,,0.4,0.4,0.4,0.45,0.4,0.45,0.45,0.95,1.95,1.95,1.95,0.45,0.45,,,,,,,,,,1.95,1.95,1.95,1.95,1.95,1.95,,,,1.95,1.95,0.95,,,3.95,3.95,,0.45,0.45,0.45,1.95,1.95,1.95,1.95,1.95,1.95,,,1.95,,,,,0.45,,,,1.95,,,,1.95,0.4,0.4,1.95,,,,0.95,1.95,,0.45,0.45,1.95
118,10273080,,3.95,,,,,0.95,0.45,,,,3.95,3.95,,3.95,7.95,7.95,,,,,,,,,3.95,,1.95,0.45,,,0.4,,1.95,1.95,,,,1.45,1.95,0.45,,,,1.95,0.95,,,,,,0.45,,0.4,0.45,,,,,1.95,0.95,,,,,0.45,0.95,0.4,,,,0.4,1.95,1.95,,1.95,,,,,,0.4,,,,,3.95,3.95,1.95,1.95,2.95,1.95,1.95,1.95,1.95,1.95,1.95,2.95,,,1.95,,,0.4,7.95,7.95,,3.95,1.95,,,,,,,0.4,1.95,,0.4,3.95,,,7.95,,0.4,0.4,0.4,0.45,0.4,0.45,0.45,0.95,1.95,1.95,1.95,0.45,0.45,,,,,,,,,,1.95,1.95,1.95,1.95,1.95,1.95,,,,1.95,1.95,0.95,,,3.95,3.95,,0.45,0.45,0.45,1.95,1.95,1.95,1.95,1.95,1.95,,,1.95,,,,,0.45,,,,1.95,,,,1.95,0.4,0.4,1.95,,,,0.95,1.95,,0.45,0.45,1.95
118,10273140,,3.95,,,,,0.95,0.45,,,,3.95,3.95,,3.95,7.95,7.95,,,,,,,,,3.95,,1.95,0.45,,,0.4,,1.95,1.95,,,,1.45,1.95,0.45,,,,1.95,0.95,,,,,,0.45,,0.4,0.45,,,,,1.95,0.95,,,,,0.45,0.95,0.4,,,,0.4,1.95,1.95,,1.95,,,,,,0.4,,,,,3.95,3.95,1.95,1.95,2.95,1.95,1.95,1.95,1.95,1.95,1.95,2.95,,,1.95,,,0.4,7.95,7.95,,3.95,1.95,,,,,,,0.4,1.95,,0.4,3.95,,,7.95,,0.4,0.4,0.4,0.45,0.4,0.45,0.45,0.95,1.95,1.95,1.95,0.45,0.45,,,,,,,,,,1.95,1.95,1.95,1.95,1.95,1.95,,,,1.95,1.95,0.95,,,3.95,3.95,,0.45,0.45,0.45,1.95,1.95,1.95,1.95,1.95,1.95,,,1.95,,,,,0.45,,,,1.95,,,,1.95,0.4,0.4,1.95,,,,0.95,1.95,,0.45,0.45,1.95
118,10273200,,3.95,,,,,0.95,0.45,,,,3.95,3.95,,3.95,7.95,7.95,,,,,,,,,3.95,,1.95,0.45,,,0.4,,1.95,1.95,,,,1.45,1.95,0.45,,,,1.95,0.95,,,,,,0.45,,0.4,0.45,,,,,1.95,0.95,,,,,0.45,0.95,0.4,,,,0.4,1.95,1.95,,1.95,,,,,,0.4,,,,,3.95,3.95,1.95,1.95,2.95,1.95,1.95,1.95,1.95,1.95,1.95,2.95,,,1.95,,,0.4,7.95,7.95,,3.95,1.95,,,,,,,0.4,1.95,,0.4,3.95,,,7.95,,0.4,0.4,0.4,0.45,0.4,0.45,0.45,0.95,1.95,1.95,1.95,0.45,0.45,,,,,,,,,,1.95,1.95,1.95,1.95,1.95,1.95,,,,1.95,1.95,0.95,,,3.95,3.95,,0.45,0.45,0.45,1.95,1.95,1.95,1.95,1.95,1.95,,,1.95,,,,,0.45,,,,1.95,,,,1.95,0.4,0.4,1.95,,,,0.95,1.95,,0.45,0.45,1.95
118,10273260,,3.95,,,,,0.95,0.45,,,,3.95,3.95,,3.95,7.95,7.95,,,,,,,,,3.95,,1.95,0.45,,,0.4,,1.95,1.95,,,,1.45,1.95,0.45,,,,1.95,0.95,,,,,,0.45,,0.4,0.45,,,,,1.95,0.95,,,,,0.45,0.95,0.4,,,,0.4,1.95,1.95,,1.95,,,,,,0.4,,,,,3.95,3.95,1.95,1.95,2.95,1.95,1.95,1.95,1.95,1.95,1.95,2.95,,,1.95,,,0.4,7.95,7.95,,3.95,1.95,,,,,,,0.4,1.95,,0.4,3.95,,,7.95,,0.4,0.4,0.4,0.45,0.4,0.45,0.45,0.95,1.95,1.95,1.95,0.45,0.45,,,,,,,,,,1.95,1.95,1.95,1.95,1.95,1.95,,,,1.95,1.95,0.95,,,3.95,3.95,,0.45,0.45,0.45,1.95,1.95,1.95,1.95,1.95,1.95,,,1.95,,,,,0.45,,,,1.95,,,,1.95,0.4,0.4,1.95,,,,0.95,1.95,,0.45,0.45,1.95
118,10273320,,3.95,,,,,0.95,0.45,,,,3.95,3.95,,3.95,7.95,7.95,,,,,,,,,3.95,,1.95,0.45,,,0.4,,1.95,1.95,,,,1.45,1.95,0.45,,,,1.95,0.95,,,,,,0.45,,0.4,0.45,,,,,1.95,0.95,,,,,0.45,0.95,0.4,,,,0.4,1.95,1.95,,1.95,,,,,,0.4,,,,,3.95,3.95,1.95,1.95,2.95,1.95,1.95,1.95,1.95,1.95,1.95,2.95,,,1.95,,,0.4,7.95,7.95,,3.95,1.95,,,,,,,0.4,1.95,,0.4,3.95,,,7.95,,0.4,0.4,0.4,0.45,0.4,0.45,0.45,0.95,1.95,1.95,1.95,0.45,0.45,,,,,,,,,,1.95,1.95,1.95,1.95,1.95,1.95,,,,1.95,1.95,0.95,,,3.95,3.95,,0.45,0.45,0.45,1.95,1.95,1.95,1.95,1.95,1.95,,,1.95,,,,,0.45,,,,1.95,,,,1.95,0.4,0.4,1.95,,,,0.95,1.95,,0.45,0.45,1.95
118,10273380,,3.95,,,,,0.95,0.45,,,,3.95,3.95,,3.95,7.95,7.95,,,,,,,,,3.95,,1.95,0.45,,,0.4,,1.95,1.95,,,,1.45,1.95,0.45,,,,1.95,0.95,,,,,,0.45,,0.4,0.45,,,,,1.95,0.95,,,,,0.45,0.95,0.4,,,,0.4,1.95,1.95,,1.95,,,,,,0.4,,,,,3.95,3.95,1.95,1.95,2.95,1.95,1.95,1.95,1.95,1.95,1.95,2.95,,,1.95,,,0.4,7.95,7.95,,3.95,1.95,,,,,,,0.4,1.95,,0.4,3.95,,,7.95,,0.4,0.4,0.4,0.45,0.4,0.45,0.45,0.95,1.95,1.95,1.95,0.45,0.45,,,,,,,,,,1.95,1.95,1.95,1.95,1.95,1.95,,,,1.95,1.95,0.95,,,3.95,3.95,,0.45,0.45,0.45,1.95,1.95,1.95,1.95,1.95,1.95,,,1.95,,,,,0.45,,,,1.95,,,,1.95,0.4,0.4,1.95,,,,0.95,1.95,,0.45,0.45,1.95
118,10273440,,3.95,,,,,0.95,0.45,,,,3.95,3.95,,3.95,7.95,7.95,,,,,,,,,3.95,,1.95,0.45,,,0.4,,1.95,1.95,,,,1.45,1.95,0.45,,,,1.95,0.95,,,,,,0.45,,0.4,0.45,,,,,1.95,0.95,,,,,0.45,0.95,0.4,,,,0.4,1.95,1.95,,1.95,,,,,,0.4,,,,,3.95,3.95,1.95,1.95,2.95,1.95,1.95,1.95,1.95,1.95,1.95,2.95,,,1.95,,,0.4,7.95,7.95,,3.95,1.95,,,,,,,0.4,1.95,,0.4,3.95,,,7.95,,0.4,0.4,0.4,0.45,0.4,0.45,0.45,0.95,1.95,1.95,1.95,0.45,0.45,,,,,,,,,,1.95,1.95,1.95,1.95,1.95,1.95,,,,1.95,1.95,0.95,,,3.95,3.95,,0.45,0.45,0.45,1.95,1.95,1.95,1.95,1.95,1.95,,,1.95,,,,,0.45,,,,1.95,,,,1.95,0.4,0.4,1.95,,,,0.95,1.95,,0.45,0.45,1.95
118,10273500,,3.95,,,,,0.95,0.45,,,,3.95,3.95,,3.95,7.95,7.95,,,,,,,,,3.95,,1.95,0.45,,,0.4,,1.95,1.95,,,,1.45,1.95,0.45,,,,1.95,0.95,,,,,,0.45,,0.4,0.45,,,,,1.95,0.95,,,,,0.45,0.95,0.4,,,,0.4,1.95,1.95,,1.95,,,,,,0.4,,,,,3.95,3.95,1.95,1.95,2.95,1.95,1.95,1.95,1.95,1.95,1.95,2.95,,,1.95,,,0.4,7.95,7.95,,3.95,1.95,,,,,,,0.4,1.95,,0.4,3.95,,,7.95,,0.4,0.4,0.4,0.45,0.4,0.45,0.45,0.95,1.95,1.95,1.95,0.45,0.45,,,,,,,,,,1.95,1.95,1.95,1.95,1.95,1.95,,,,1.95,1.95,0.95,,,3.95,3.95,,0.45,0.45,0.45,1.95,1.95,1.95,1.95,1.95,1.95,,,1.95,,,,,0.45,,,,1.95,,,,1.95,0.4,0.4,1.95,,,,0.95,1.95,,0.45,0.45,1.95
118,10273560,,3.95,,,,,0.95,0.45,,,,3.95,3.95,,3.95,7.95,7.95,,,,,,,,,3.95,,1.95,0.45,,,0.4,,1.95,1.95,,,,1.45,1.95,0.45,,,,1.95,0.95,,,,,,0.45,,0.4,0.45,,,,,1.95,0.95,,,,,0.45,0.95,0.4,,,,0.4,1.95,1.95,,1.95,,,,,,0.4,,,,,3.95,3.95,1.95,1.95,2.95,1.95,1.95,1.95,1.95,1.95,1.95,2.95,,,1.95,,,0.4,7.95,7.95,,3.95,1.95,,,,,,,0.4,1.95,,0.4,3.95,,,7.95,,0.4,0.4,0.4,0.45,0.4,0.45,0.45,0.95,1.95,1.95,1.95,0.45,0.45,,,,,,,,,,1.95,1.95,1.95,1.95,1.95,1.95,,,,1.95,1.95,0.95,,,3.95,3.95,,0.45,0.45,0.45,1.95,1.95,1.95,1.95,1.95,1.95,,,1.95,,,,,0.45,,,,1.95,,,,1.95,0.4,0.4,1.95,,,,0.95,1.95,,0.45,0.45,1.95
118,10273620,,3.95,,,,,0.95,0.45,,,,3.95,3.95,,3.95,7.95,7.95,,,,,,,,,3.95,,1.95,0.45,,,0.4,,1.95,1.95,,,,1.45,1.95,0.45,,,,1.95,0.95,,,,,,0.45,,0.4,0.45,,,,,1.95,0.95,,,,,0.45,0.95,0.4,,,,0.4,1.95,1.95,,1.95,,,,,,0.4,,,,,3.95,3.95,1.95,1.95,2.95,1.95,1.95,1.95,1.95,1.95,1.95,2.95,,,1.95,,,0.4,7.95,7.95,,3.95,1.95,,,,,,,0.4,1.95,,0.4,3.95,,,7.95,,0.4,0.4,0.4,0.45,0.4,0.45,0.45,0.95,1.95,1.95,1.95,0.45,0.45,,,,,,,,,,1.95,1.95,1.95,1.95,1.95,1.95,,,,1.95,1.95,0.95,,,3.95,3.95,,0.45,0.45,0.45,1.95,1.95,1.95,1.95,1.95,1.95,,,1.95,,,,,0.45,,,,1.95,,,,1.95,0.4,0.4,1.95,,,,0.95,1.95,,0.45,0.45,1.95
118,10273680,,3.95,,,,,0.95,0.45,,,,3.95,3.95,,3.95,7.95,7.95,,,,,,,,,3.95,,1.95,0.45,,,0.4,,1.95,1.95,,,,1.45,1.95,0.45,,,,1.95,0.95,,,,,,0.45,,0.4,0.45,,,,,1.95,0.95,,,,,0.45,0.95,0.4,,,,0.4,1.95,1.95,,1.95,,,,,,0.4,,,,,3.95,3.95,1.95,1.95,2.95,1.95,1.95,1.95,1.95,1.95,1.95,2.95,,,1.95,,,0.4,7.95,7.95,,3.95,1.95,,,,,,,0.4,1.95,,0.4,3.95,,,7.95,,0.4,0.4,0.4,0.45,0.4,0.45,0.45,0.95,1.95,1.95,1.95,0.45,0.45,,,,,,,,,,1.95,1.95,1.95,1.95,1.95,1.95,,,,1.95,1.95,0.95,,,3.95,3.95,,0.45,0.45,0.45,1.95,1.95,1.95,1.95,1.95,1.95,,,1.95,,,,,0.45,,,,1.95,,,,1.95,0.4,0.4,1.95,,,,0.95,1.95,,0.45,0.45,1.95
118,10273740,,3.95,,,,,0.95,0.45,,,,3.95,3.95,,3.95,7.95,7.95,,,,,,,,,3.95,,1.95,0.45,,,0.4,,1.95,1.95,,,,1.45,1.95,0.45,,,,1.95,0.95,,,,,,0.45,,0.4,0.45,,,,,1.95,0.95,,,,,0.45,0.95,0.4,,,,0.4,1.95,1.95,,1.95,,,,,,0.4,,,,,3.95,3.95,1.95,1.95,2.95,1.95,1.95,1.95,1.95,1.95,1.95,2.95,,,1.95,,,0.4,7.95,7.95,,3.95,1.95,,,,,,,0.4,1.95,,0.4,3.95,,,7.95,,0.4,0.4,0.4,0.45,0.4,0.45,0.45,0.95,1.95,1.95,1.95,0.45,0.45,,,,,,,,,,1.95,1.95,1.95,1.95,1.95,1.95,,,,1.95,1.95,0.95,,,3.95,3.95,,0.45,0.45,0.45,1.95,1.95,1.95,1.95,1.95,1.95,,,1.95,,,,,0.45,,,,1.95,,,,1.95,0.4,0.4,1.95,,,,0.95,1.95,,0.45,0.45,1.95
118,10273800,,3.95,,,,,0.95,0.45,,,,3.95,3.95,,3.95,7.95,7.95,,,,,,,,,3.95,,1.95,0.45,,,0.4,,1.95,1.95,,,,1.45,1.95,0.45,,,,1.95,0.95,,,,,,0.45,,0.4,0.45,,,,,1.95,0.95,,,,,0.45,0.95,0.4,,,,0.4,1.95,1.95,,1.95,,,,,,0.4,,,,,3.95,3.95,1.95,1.95,2.95,1.95,1.95,1.95,1.95,1.95,1.95,2.95,,,1.95,,,0.4,7.95,7.95,,3.95,1.95,,,,,,,0.4,1.95,,0.4,3.95,,,7.95,,0.4,0.4,0.4,0.45,0.4,0.45,0.45,0.95,1.95,1.95,1.95,0.45,0.45,,,,,,,,,,1.95,1.95,1.95,1.95,1.95,1.95,,,,1.95,1.95,0.95,,,3.95,3.95,,0.45,0.45,0.45,1.95,1.95,1.95,1.95,1.95,1.95,,,1.95,,,,,0.45,,,,1.95,,,,1.95,0.4,0.4,1.95,,,,0.95,1.95,,0.45,0.45,1.95
118,10273860,,3.95,,,,,0.95,0.45,,,,3.95,3.95,,3.95,7.95,7.95,,,,,,,,,3.95,,1.95,0.45,,,0.4,,1.95,1.95,,,,1.45,1.95,0.45,,,,1.95,0.95,,,,,,0.45,,0.4,0.45,,,,,1.95,0.95,,,,,0.45,0.95,0.4,,,,0.4,1.95,1.95,,1.95,,,,,,0.4,,,,,3.95,3.95,1.95,1.95,2.95,1.95,1.95,1.95,1.95,1.95,1.95,2.95,,,1.95,,,0.4,7.95,7.95,,3.95,1.95,,,,,,,0.4,1.95,,0.4,3.95,,,7.95,,0.4,0.4,0.4,0.45,0.4,0.45,0.45,0.95,1.95,1.95,1.95,0.45,0.45,,,,,,,,,,1.95,1.95,1.95,1.95,1.95,1.95,,,,1.95,1.95,0.95,,,3.95,3.95,,0.45,0.45,0.45,1.95,1.95,1.95,1.95,1.95,1.95,,,1.95,,,,,0.45,,,,1.95,,,,1.95,0.4,0.4,1.95,,,,0.95,1.95,,0.45,0.45,1.95
118,10273920,,3.95,,,,,0.95,0.45,,,,3.95,3.95,,3.95,7.95,7.95,,,,,,,,,3.95,,1.95,0.45,,,0.4,,1.95,1.95,,,,1.45,1.95,0.45,,,,1.95,0.95,,,,,,0.45,,0.4,0.45,,,,,1.95,0.95,,,,,0.45,0.95,0.4,,,,0.4,1.95,1.95,,1.95,,,,,,0.4,,,,,3.95,3.95,1.95,1.95,2.95,1.95,1.95,1.95,1.95,1.95,1.95,2.95,,,1.95,,,0.4,7.95,7.95,,3.95,1.95,,,,,,,0.4,1.95,,0.4,3.95,,,7.95,,0.4,0.4,0.4,0.45,0.4,0.45,0.45,0.95,1.95,1.95,1.95,0.45,0.45,,,,,,,,,,1.95,1.95,1.95,1.95,1.95,1.95,,,,1.95,1.95,0.95,,,3.95,3.95,,0.45,0.45,0.45,1.95,1.95,1.95,1.95,1.95,1.95,,,1.95,,,,,0.45,,,,1.95,,,,1.95,0.4,0.4,1.95,,,,0.95,1.95,,0.45,0.45,1.95
118,10273980,,3.95,,,,,0.95,0.45,,,,3.95,3.95,,3.95,7.95,7.95,,,,,,,,,3.95,,1.95,0.45,,,0.4,,1.95,1.95,,,,1.45,1.95,0.45,,,,1.95,0.95,,,,,,0.45,,0.4,0.45,,,,,1.95,0.95,,,,,0.45,0.95,0.4,,,,0.4,1.95,1.95,,1.95,,,,,,0.4,,,,,3.95,3.95,1.95,1.95,2.95,1.95,1.95,1.95,1.95,1.95,1.95,2.95,,,1.95,,,0.4,7.95,7.95,,3.95,1.95,,,,,,,0.4,1.95,,0.4,3.95,,,7.95,,0.4,0.4,0.4,0.45,0.4,0.45,0.45,0.95,1.95,1.95,1.95,0.45,0.45,,,,,,,,,,1.95,1.95,1.95,1.95,1.95,1.95,,,,1.95,1.95,0.95,,,3.95,3.95,,0.45,0.45,0.45,1.95,1.95,1.95,1.95,1.95,1.95,,,1.95,,,,,0.45,,,,1.95,,,,1.95,0.4,0.4,1.95,,,,0.95,1.95,,0.45,0.45,1.95
118,10274040,,3.95,,,,,0.95,0.45,,,,3.95,3.95,,3.95,7.95,7.95,,,,,,,,,3.95,,1.95,0.45,,,0.4,,1.95,1.95,,,,1.45,1.95,0.45,,,,1.95,0.95,,,,,,0.45,,0.4,0.45,,,,,1.95,0.95,,,,,0.45,0.95,0.4,,,,0.4,1.95,1.95,,1.95,,,,,,0.4,,,,,3.95,3.95,1.95,1.95,2.95,1.95,1.95,1.95,1.95,1.95,1.95,2.95,,,1.95,,,0.4,7.95,7.95,,3.95,1.95,,,,,,,0.4,1.95,,0.4,3.95,,,7.95,,0.4,0.4,0.4,0.45,0.4,0.45,0.45,0.95,1.95,1.95,1.95,0.45,0.45,,,,,,,,,,1.95,1.95,1.95,1.95,1.95,1.95,,,,1.95,1.95,0.95,,,3.95,3.95,,0.45,0.45,0.45,1.95,1.95,1.95,1.95,1.95,1.95,,,1.95,,,,,0.45,,,,1.95,,,,1.95,0.4,0.4,1.95,,,,0.95,1.95,,0.45,0.45,1.95
118,10274100,,3.95,,,,,0.95,0.45,,,,3.95,3.95,,3.95,7.95,7.95,,,,,,,,,3.95,,1.95,0.45,,,0.4,,1.95,1.95,,,,1.45,1.95,0.45,,,,1.95,0.95,,,,,,0.45,,0.4,0.45,,,,,1.95,0.95,,,,,0.45,0.95,0.4,,,,0.4,1.95,1.95,,1.95,,,,,,0.4,,,,,3.95,3.95,1.95,1.95,2.95,1.95,1.95,1.95,1.95,1.95,1.95,2.95,,,1.95,,,0.4,7.95,7.95,,3.95,1.95,,,,,,,0.4,1.95,,0.4,3.95,,,7.95,,0.4,0.4,0.4,0.45,0.4,0.45,0.45,0.95,1.95,1.95,1.95,0.45,0.45,,,,,,,,,,1.95,1.95,1.95,1.95,1.95,1.95,,,,1.95,1.95,0.95,,,3.95,3.95,,0.45,0.45,0.45,1.95,1.95,1.95,1.95,1.95,1.95,,,1.95,,,,,0.45,,,,1.95,,,,1.95,0.4,0.4,1.95,,,,0.95,1.95,,0.45,0.45,1.95
118,10274160,,3.95,,,,,0.95,0.45,,,,3.95,3.95,,3.95,7.95,7.95,,,,,,,,,3.95,,1.95,0.45,,,0.4,,1.95,1.95,,,,1.45,1.95,0.45,,,,1.95,0.95,,,,,,0.45,,0.4,0.45,,,,,1.95,0.95,,,,,0.45,0.95,0.4,,,,0.4,1.95,1.95,,1.95,,,,,,0.4,,,,,3.95,3.95,1.95,1.95,2.95,1.95,1.95,1.95,1.95,1.95,1.95,2.95,,,1.95,,,0.4,7.95,7.95,,3.95,1.95,,,,,,,0.4,1.95,,0.4,3.95,,,7.95,,0.4,0.4,0.4,0.45,0.4,0.45,0.45,0.95,1.95,1.95,1.95,0.45,0.45,,,,,,,,,,1.95,1.95,1.95,1.95,1.95,1.95,,,,1.95,1.95,0.95,,,3.95,3.95,,0.45,0.45,0.45,1.95,1.95,1.95,1.95,1.95,1.95,,,1.95,,,,,0.45,,,,1.95,,,,1.95,0.4,0.4,1.95,,,,0.95,1.95,,0.45,0.45,1.95
118,10274220,,3.95,,,,,0.95,0.45,,,,3.95,3.95,,3.95,7.95,7.95,,,,,,,,,3.95,,1.95,0.45,,,0.4,,1.95,1.95,,,,1.45,1.95,0.45,,,,1.95,0.95,,,,,,0.45,,0.4,0.45,,,,,1.95,0.95,,,,,0.45,0.95,0.4,,,,0.4,1.95,1.95,,1.95,,,,,,0.4,,,,,3.95,3.95,1.95,1.95,2.95,1.95,1.95,1.95,1.95,1.95,1.95,2.95,,,1.95,,,0.4,7.95,7.95,,3.95,1.95,,,,,,,0.4,1.95,,0.4,3.95,,,7.95,,0.4,0.4,0.4,0.45,0.4,0.45,0.45,0.95,1.95,1.95,1.95,0.45,0.45,,,,,,,,,,1.95,1.95,1.95,1.95,1.95,1.95,,,,1.95,1.95,0.95,,,3.95,3.95,,0.45,0.45,0.45,1.95,1.95,1.95,1.95,1.95,1.95,,,1.95,,,,,0.45,,,,1.95,,,,1.95,0.4,0.4,1.95,,,,0.95,1.95,,0.45,0.45,1.95
118,10274280,,3.95,,,,,0.95,0.45,,,,3.95,3.95,,3.95,7.95,7.95,,,,,,,,,3.95,,1.95,0.45,,,0.4,,1.95,1.95,,,,1.45,1.95,0.45,,,,1.95,0.95,,,,,,0.45,,0.4,0.45,,,,,1.95,0.95,,,,,0.45,0.95,0.4,,,,0.4,1.95,1.95,,1.95,,,,,,0.4,,,,,3.95,3.95,1.95,1.95,2.95,1.95,1.95,1.95,1.95,1.95,1.95,2.95,,,1.95,,,0.4,7.95,7.95,,3.95,1.95,,,,,,,0.4,1.95,,0.4,3.95,,,7.95,,0.4,0.4,0.4,0.45,0.4,0.45,0.45,0.95,1.95,1.95,1.95,0.45,0.45,,,,,,,,,,1.95,1.95,1.95,1.95,1.95,1.95,,,,1.95,1.95,0.95,,,3.95,3.95,,0.45,0.45,0.45,1.95,1.95,1.95,1.95,1.95,1.95,,,1.95,,,,,0.45,,,,1.95,,,,1.95,0.4,0.4,1.95,,,,0.95,1.95,,0.45,0.45,1.95
118,10274340,,3.95,,,,,0.95,0.45,,,,3.95,3.95,,3.95,7.95,7.95,,,,,,,,,3.95,,1.95,0.45,,,0.4,,1.95,1.95,,,,1.45,1.95,0.45,,,,1.95,0.95,,,,,,0.45,,0.4,0.45,,,,,1.95,0.95,,,,,0.45,0.95,0.4,,,,0.4,1.95,1.95,,1.95,,,,,,0.4,,,,,3.95,3.95,1.95,1.95,2.95,1.95,1.95,1.95,1.95,1.95,1.95,2.95,,,1.95,,,0.4,7.95,7.95,,3.95,1.95,,,,,,,0.4,1.95,,0.4,3.95,,,7.95,,0.4,0.4,0.4,0.45,0.4,0.45,0.45,0.95,1.95,1.95,1.95,0.45,0.45,,,,,,,,,,1.95,1.95,1.95,1.95,1.95,1.95,,,,1.95,1.95,0.95,,,3.95,3.95,,0.45,0.45,0.45,1.95,1.95,1.95,1.95,1.95,1.95,,,1.95,,,,,0.45,,,,1.95,,,,1.95,0.4,0.4,1.95,,,,0.95,1.95,,0.45,0.45,1.95
118,10274400,,3.95,,,,,0.95,0.45,,,,3.95,3.95,,3.95,7.95,7.95,,,,,,,,,3.95,,1.95,0.45,,,0.4,,1.95,1.95,,,,1.45,1.95,0.45,,,,1.95,0.95,,,,,,0.45,,0.4,0.45,,,,,1.95,0.95,,,,,0.45,0.95,0.4,,,,0.4,1.95,1.95,,1.95,,,,,,0.4,,,,,3.95,3.95,1.95,1.95,2.95,1.95,1.95,1.95,1.95,1.95,1.95,2.95,,,1.95,,,0.4,7.95,7.95,,3.95,1.95,,,,,,,0.4,1.95,,0.4,3.95,,,7.95,,0.4,0.4,0.4,0.45,0.4,0.45,0.45,0.95,1.95,1.95,1.95,0.45,0.45,,,,,,,,,,1.95,1.95,1.95,1.95,1.95,1.95,,,,1.95,1.95,0.95,,,3.95,3.95,,0.45,0.45,0.45,1.95,1.95,1.95,1.95,1.95,1.95,,,1.95,,,,,0.45,,,,1.95,,,,1.95,0.4,0.4,1.95,,,,0.95,1.95,,0.45,0.45,1.95
118,10274460,,3.95,,,,,0.95,0.45,,,,3.95,3.95,,3.95,7.95,7.95,,,,,,,,,3.95,,1.95,0.45,,,0.4,,1.95,1.95,,,,1.45,1.95,0.45,,,,1.95,0.95,,,,,,0.45,,0.4,0.45,,,,,1.95,0.95,,,,,0.45,0.95,0.4,,,,0.4,1.95,1.95,,1.95,,,,,,0.4,,,,,3.95,3.95,1.95,1.95,2.95,1.95,1.95,1.95,1.95,1.95,1.95,2.95,,,1.95,,,0.4,7.95,7.95,,3.95,1.95,,,,,,,0.4,1.95,,0.4,3.95,,,7.95,,0.4,0.4,0.4,0.45,0.4,0.45,0.45,0.95,1.95,1.95,1.95,0.45,0.45,,,,,,,,,,1.95,1.95,1.95,1.95,1.95,1.95,,,,1.95,1.95,0.95,,,3.95,3.95,,0.45,0.45,0.45,1.95,1.95,1.95,1.95,1.95,1.95,,,1.95,,,,,0.45,,,,1.95,,,,1.95,0.4,0.4,1.95,,,,0.95,1.95,,0.45,0.45,1.95
118,10274520,,3.95,,,,,0.95,0.45,,,,3.95,3.95,,3.95,7.95,7.95,,,,,,,,,3.95,,1.95,0.45,,,0.4,,1.95,1.95,,,,1.45,1.95,0.45,,,,1.95,0.95,,,,,,0.45,,0.4,0.45,,,,,1.95,0.95,,,,,0.45,0.95,0.4,,,,0.4,1.95,1.95,,1.95,,,,,,0.4,,,,,3.95,3.95,1.95,1.95,2.95,1.95,1.95,1.95,1.95,1.95,1.95,2.95,,,1.95,,,0.4,7.95,7.95,,3.95,1.95,,,,,,,0.4,1.95,,0.4,3.95,,,7.95,,0.4,0.4,0.4,0.45,0.4,0.45,0.45,0.95,1.95,1.95,1.95,0.45,0.45,,,,,,,,,,1.95,1.95,1.95,1.95,1.95,1.95,,,,1.95,1.95,0.95,,,3.95,3.95,,0.45,0.45,0.45,1.95,1.95,1.95,1.95,1.95,1.95,,,1.95,,,,,0.45,,,,1.95,,,,1.95,0.4,0.4,1.95,,,,0.95,1.95,,0.45,0.45,1.95
118,10274580,,3.95,,,,,0.95,0.45,,,,3.95,3.95,,3.95,7.95,7.95,,,,,,,,,3.95,,1.95,0.45,,,0.4,,1.95,1.95,,,,1.45,1.95,0.45,,,,1.95,0.95,,,,,,0.45,,0.4,0.45,,,,,1.95,0.95,,,,,0.45,0.95,0.4,,,,0.4,1.95,1.95,,1.95,,,,,,0.4,,,,,3.95,3.95,1.95,1.95,2.95,1.95,1.95,1.95,1.95,1.95,1.95,2.95,,,1.95,,,0.4,7.95,7.95,,3.95,1.95,,,,,,,0.4,1.95,,0.4,3.95,,,7.95,,0.4,0.4,0.4,0.45,0.4,0.45,0.45,0.95,1.95,1.95,1.95,0.45,0.45,,,,,,,,,,1.95,1.95,1.95,1.95,1.95,1.95,,,,1.95,1.95,0.95,,,3.95,3.95,,0.45,0.45,0.45,1.95,1.95,1.95,1.95,1.95,1.95,,,1.95,,,,,0.45,,,,1.95,,,,1.95,0.4,0.4,1.95,,,,0.95,1.95,,0.45,0.45,1.95
118,10274640,,3.95,,,,,0.95,0.45,,,,3.95,3.95,,3.95,7.95,7.95,,,,,,,,,3.95,,1.95,0.45,,,0.4,,1.95,1.95,,,,1.45,1.95,0.45,,,,1.95,0.95,,,,,,0.45,,0.4,0.45,,,,,1.95,0.95,,,,,0.45,0.95,0.4,,,,0.4,1.95,1.95,,1.95,,,,,,0.4,,,,,3.95,3.95,1.95,1.95,2.95,1.95,1.95,1.95,1.95,1.95,1.95,2.95,,,1.95,,,0.4,7.95,7.95,,3.95,1.95,,,,,,,0.4,1.95,,0.4,3.95,,,7.95,,0.4,0.4,0.4,0.45,0.4,0.45,0.45,0.95,1.95,1.95,1.95,0.45,0.45,,,,,,,,,,1.95,1.95,1.95,1.95,1.95,1.95,,,,1.95,1.95,0.95,,,3.95,3.95,,0.45,0.45,0.45,1.95,1.95,1.95,1.95,1.95,1.95,,,1.95,,,,,0.45,,,,1.95,,,,1.95,0.4,0.4,1.95,,,,0.95,1.95,,0.45,0.45,1.95
118,10274700,,3.95,,,,,0.95,0.45,,,,3.95,3.95,,3.95,7.95,7.95,,,,,,,,,3.95,,1.95,0.45,,,0.4,,1.95,1.95,,,,1.45,1.95,0.45,,,,1.95,0.95,,,,,,0.45,,0.4,0.45,,,,,1.95,0.95,,,,,0.45,0.95,0.4,,,,0.4,1.95,1.95,,1.95,,,,,,0.4,,,,,3.95,3.95,1.95,1.95,2.95,1.95,1.95,1.95,1.95,1.95,1.95,2.95,,,1.95,,,0.4,7.95,7.95,,3.95,1.95,,,,,,,0.4,1.95,,0.4,3.95,,,7.95,,0.4,0.4,0.4,0.45,0.4,0.45,0.45,0.95,1.95,1.95,1.95,0.45,0.45,,,,,,,,,,1.95,1.95,1.95,1.95,1.95,1.95,,,,1.95,1.95,0.95,,,3.95,3.95,,0.45,0.45,0.45,1.95,1.95,1.95,1.95,1.95,1.95,,,1.95,,,,,0.45,,,,1.95,,,,1.95,0.4,0.4,1.95,,,,0.95,1.95,,0.45,0.45,1.95
118,10274760,,3.95,,,,,0.95,0.45,,,,3.95,3.95,,3.95,7.95,7.95,,,,,,,,,3.95,,1.95,0.45,,,0.4,,1.95,1.95,,,,1.45,1.95,0.45,,,,1.95,0.95,,,,,,0.45,,0.4,0.45,,,,,1.95,0.95,,,,,0.45,0.95,0.4,,,,0.4,1.95,1.95,,1.95,,,,,,0.4,,,,,3.95,3.95,1.95,1.95,2.95,1.95,1.95,1.95,1.95,1.95,1.95,2.95,,,1.95,,,0.4,7.95,7.95,,3.95,1.95,,,,,,,0.4,1.95,,0.4,3.95,,,7.95,,0.4,0.4,0.4,0.45,0.4,0.45,0.45,0.95,1.95,1.95,1.95,0.45,0.45,,,,,,,,,,1.95,1.95,1.95,1.95,1.95,1.95,,,,1.95,1.95,0.95,,,3.95,3.95,,0.45,0.45,0.45,1.95,1.95,1.95,1.95,1.95,1.95,,,1.95,,,,,0.45,,,,1.95,,,,1.95,0.4,0.4,1.95,,,,0.95,1.95,,0.45,0.45,1.95
118,10274820,,3.95,,,,,0.95,0.45,,,,3.95,3.95,,3.95,7.95,7.95,,,,,,,,,3.95,,1.95,0.45,,,0.4,,1.95,1.95,,,,1.45,1.95,0.45,,,,1.95,0.95,,,,,,0.45,,0.4,0.45,,,,,1.95,0.95,,,,,0.45,0.95,0.4,,,,0.4,1.95,1.95,,1.95,,,,,,0.4,,,,,3.95,3.95,1.95,1.95,2.95,1.95,1.95,1.95,1.95,1.95,1.95,2.95,,,1.95,,,0.4,7.95,7.95,,3.95,1.95,,,,,,,0.4,1.95,,0.4,3.95,,,7.95,,0.4,0.4,0.4,0.45,0.4,0.45,0.45,0.95,1.95,1.95,1.95,0.45,0.45,,,,,,,,,,1.95,1.95,1.95,1.95,1.95,1.95,,,,1.95,1.95,0.95,,,3.95,3.95,,0.45,0.45,0.45,1.95,1.95,1.95,1.95,1.95,1.95,,,1.95,,,,,0.45,,,,1.95,,,,1.95,0.4,0.4,1.95,,,,0.95,1.95,,0.45,0.45,1.95
118,10274880,,3.95,,,,,0.95,0.45,,,,3.95,3.95,,3.95,7.95,7.95,,,,,,,,,3.95,,1.95,0.45,,,0.4,,1.95,1.95,,,,1.283,1.95,0.45,,,,1.95,0.95,,,,,,0.45,,0.4,0.45,,,,,1.95,0.95,,,,,0.45,0.95,0.4,,,,0.4,1.95,1.95,,1.95,,,,,,0.4,,,,,3.95,3.95,1.95,1.95,2.95,1.95,1.95,1.95,1.95,1.95,1.95,2.95,,,1.95,,,0.4,7.95,7.95,,3.95,1.95,,,,,,,0.4,1.95,,0.4,3.95,,,7.95,,0.4,0.4,0.4,0.45,0.4,0.45,0.45,0.95,1.95,1.95,1.95,0.45,0.45,,,,,,,,,,1.95,1.95,1.95,1.95,1.95,1.95,,,,1.95,1.95,0.95,,,3.95,3.95,,0.45,0.45,0.45,1.95,1.95,1.95,1.95,1.95,1.95,,,1.95,,,,,0.45,,,,1.95,,,,1.95,0.4,0.4,1.95,,,,0.95,1.95,,0.45,0.45,1.95
118,10274940,,3.95,,,,,0.95,0.45,,,,3.95,3.95,,3.95,7.95,7.95,,,,,,,,,3.95,,1.95,0.45,,,0.4,,1.95,1.95,,,,1.45,1.95,0.45,,,,1.95,0.95,,,,,,0.45,,0.4,0.45,,,,,1.95,0.95,,,,,0.45,0.95,0.4,,,,0.4,1.95,1.95,,1.95,,,,,,0.4,,,,,3.95,3.95,1.95,1.95,2.95,1.95,1.95,1.95,1.95,1.95,1.95,2.95,,,1.95,,,0.4,7.95,7.95,,3.95,1.95,,,,,,,0.4,1.95,,0.4,3.95,,,7.95,,0.4,0.4,0.4,0.45,0.4,0.45,0.45,0.95,1.95,1.95,1.95,0.45,0.45,,,,,,,,,,1.95,1.95,1.95,1.95,1.95,1.95,,,,1.95,1.95,0.95,,,3.95,3.95,,0.45,0.45,0.45,1.95,1.95,1.95,1.95,1.95,1.95,,,1.95,,,,,0.45,,,,1.95,,,,1.95,0.4,0.4,1.95,,,,0.95,1.95,,0.45,0.45,1.95
118,10275000,,3.95,,,,,0.95,0.45,,,,3.95,3.95,,3.95,7.95,7.95,,,,,,,,,3.95,,1.95,0.45,,,0.4,,1.95,1.95,,,,1.45,1.95,0.45,,,,1.95,0.95,,,,,,0.45,,0.4,0.45,,,,,1.95,0.95,,,,,0.45,0.95,0.4,,,,0.4,1.95,1.95,,1.95,,,,,,0.4,,,,,3.95,3.95,1.95,1.95,2.95,1.95,1.95,1.95,1.95,1.95,1.95,2.95,,,1.95,,,0.4,7.95,7.95,,3.95,1.95,,,,,,,0.4,1.95,,0.4,3.95,,,7.95,,0.4,0.4,0.4,0.45,0.4,0.45,0.45,0.95,1.95,1.95,1.95,0.45,0.45,,,,,,,,,,1.95,1.95,1.95,1.95,1.95,1.95,,,,1.95,1.95,0.95,,,3.95,3.95,,0.45,0.45,0.45,1.95,1.95,1.95,1.95,1.95,1.95,,,1.95,,,,,0.45,,,,1.95,,,,1.95,0.4,0.4,1.95,,,,0.95,1.95,,0.45,0.45,1.95
118,10275060,,3.95,,,,,0.95,0.45,,,,3.95,3.95,,3.95,7.95,7.95,,,,,,,,,3.95,,1.95,0.45,,,0.4,,1.95,1.95,,,,1.45,1.95,0.45,,,,1.95,0.95,,,,,,0.45,,0.4,0.45,,,,,1.95,0.95,,,,,0.45,0.95,0.4,,,,0.4,1.95,1.95,,1.95,,,,,,0.4,,,,,3.95,3.95,1.95,1.95,2.95,1.95,1.95,1.95,1.95,1.95,1.95,2.95,,,1.95,,,0.4,7.95,7.95,,3.95,1.95,,,,,,,0.4,1.95,,0.4,3.95,,,7.95,,0.4,0.4,0.4,0.45,0.4,0.45,0.45,0.95,1.95,1.95,1.95,0.45,0.45,,,,,,,,,,1.95,1.95,1.95,1.95,1.95,1.95,,,,1.95,1.95,0.95,,,3.95,3.95,,0.45,0.45,0.45,1.95,1.95,1.95,1.95,1.95,1.95,,,1.95,,,,,0.45,,,,1.95,,,,1.95,0.4,0.4,1.95,,,,0.95,1.95,,0.45,0.45,1.95
118,10275120,,3.95,,,,,0.95,0.45,,,,3.95,3.95,,3.95,7.95,7.95,,,,,,,,,3.95,,1.95,0.45,,,0.4,,1.95,1.95,,,,1.617,1.95,0.45,,,,1.95,0.95,,,,,,0.45,,0.4,0.45,,,,,1.95,0.95,,,,,0.45,0.95,0.4,,,,0.4,1.95,1.95,,1.95,,,,,,0.4,,,,,3.95,3.95,1.95,1.95,2.95,1.95,1.95,1.95,1.95,1.95,1.95,2.95,,,1.95,,,0.4,7.95,7.95,,3.95,1.95,,,,,,,0.4,1.95,,0.4,3.95,,,7.95,,0.4,0.4,0.4,0.45,0.4,0.45,0.45,0.95,1.95,1.95,1.95,0.45,0.45,,,,,,,,,,1.95,1.95,1.95,1.95,1.95,1.95,,,,1.95,1.95,0.95,,,3.95,3.95,,0.45,0.45,0.45,1.95,1.95,1.95,1.95,1.95,1.95,,,1.95,,,,,0.45,,,,1.95,,,,1.95,0.4,0.4,1.95,,,,0.95,1.95,,0.45,0.45,1.95
118,10275180,,3.95,,,,,0.95,0.45,,,,3.95,3.95,,3.95,7.95,7.95,,,,,,,,,3.95,,1.95,0.45,,,0.4,,1.95,1.95,,,,1.45,1.95,0.45,,,,1.95,0.95,,,,,,0.45,,0.4,0.45,,,,,1.95,0.95,,,,,0.45,0.95,0.4,,,,0.4,1.95,1.95,,1.95,,,,,,0.4,,,,,3.95,3.95,1.95,1.95,2.95,1.95,1.95,1.95,1.95,1.95,1.95,2.95,,,1.95,,,0.4,7.95,7.95,,3.95,1.95,,,,,,,0.4,1.95,,0.4,3.95,,,7.95,,0.4,0.4,0.4,0.45,0.4,0.45,0.45,0.95,1.95,1.95,1.95,0.45,0.45,,,,,,,,,,1.95,1.95,1.95,1.95,1.95,1.95,,,,1.95,1.95,0.95,,,3.95,3.95,,0.45,0.45,0.45,1.95,1.95,1.95,1.95,1.95,1.95,,,1.95,,,,,0.45,,,,1.95,,,,1.95,0.4,0.4,1.95,,,,0.95,1.95,,0.45,0.45,1.95
118,10275240,,3.95,,,,,0.95,0.45,,,,3.95,3.95,,3.95,7.95,7.95,,,,,,,,,3.95,,1.95,0.45,,,0.4,,1.95,1.95,,,,1.45,1.95,0.45,,,,1.95,0.95,,,,,,0.45,,0.4,0.45,,,,,1.95,0.95,,,,,0.45,0.95,0.4,,,,0.4,1.95,1.95,,1.95,,,,,,0.4,,,,,3.95,3.95,1.95,1.95,2.95,1.95,1.95,1.95,1.95,1.95,1.95,2.95,,,1.95,,,0.4,7.95,7.95,,3.95,1.95,,,,,,,0.4,1.95,,0.4,3.95,,,7.95,,0.4,0.4,0.4,0.45,0.4,0.45,0.45,0.95,1.95,1.95,1.95,0.45,0.45,,,,,,,,,,1.95,1.95,1.95,1.95,1.95,1.95,,,,1.95,1.95,0.95,,,3.95,3.95,,0.45,0.45,0.45,1.95,1.95,1.95,1.95,1.95,1.95,,,1.95,,,,,0.45,,,,1.95,,,,1.95,0.4,0.4,1.95,,,,0.95,1.95,,0.45,0.45,1.95
118,10275300,,3.95,,,,,0.95,0.45,,,,3.95,3.95,,3.95,7.95,7.95,,,,,,,,,3.95,,1.95,0.45,,,0.4,,1.95,1.95,,,,1.45,1.95,0.45,,,,1.95,0.95,,,,,,0.45,,0.4,0.45,,,,,1.95,0.95,,,,,0.45,0.95,0.4,,,,0.4,1.95,1.95,,1.95,,,,,,0.4,,,,,3.95,3.95,1.95,1.95,2.95,1.95,1.95,1.95,1.95,1.95,1.95,2.95,,,1.95,,,0.4,7.95,7.95,,3.95,1.95,,,,,,,0.4,1.95,,0.4,3.95,,,7.95,,0.4,0.4,0.4,0.45,0.4,0.45,0.45,0.95,1.95,1.95,1.95,0.45,0.45,,,,,,,,,,1.95,1.95,1.95,1.95,1.95,1.95,,,,1.95,1.95,0.95,,,3.95,3.95,,0.45,0.45,0.45,1.95,1.95,1.95,1.95,1.95,1.95,,,1.95,,,,,0.45,,,,1.95,,,,1.95,0.4,0.4,1.95,,,,0.95,1.95,,0.45,0.45,1.95
118,10275360,,3.95,,,,,0.95,0.45,,,,3.95,3.95,,3.95,7.95,7.95,,,,,,,,,3.95,,1.95,0.45,,,0.4,,1.95,1.95,,,,1.45,1.95,0.45,,,,1.95,0.95,,,,,,0.45,,0.4,0.45,,,,,1.95,0.95,,,,,0.45,0.95,0.4,,,,0.4,1.95,1.95,,1.95,,,,,,0.4,,,,,3.95,3.95,1.95,1.95,2.95,1.95,1.95,1.95,1.95,1.95,1.95,2.95,,,1.95,,,0.4,7.95,7.95,,3.95,1.95,,,,,,,0.4,1.95,,0.4,3.95,,,7.95,,0.4,0.4,0.4,0.45,0.4,0.45,0.45,0.95,1.95,1.95,1.95,0.45,0.45,,,,,,,,,,1.95,1.95,1.95,1.95,1.95,1.95,,,,1.95,1.95,0.95,,,3.95,3.95,,0.45,0.45,0.45,1.95,1.95,1.95,1.95,1.95,1.95,,,1.95,,,,,0.45,,,,1.95,,,,1.95,0.4,0.4,1.95,,,,0.95,1.95,,0.45,0.45,1.95
118,10275420,,3.95,,,,,0.95,0.45,,,,3.95,3.95,,3.95,7.95,7.95,,,,,,,,,3.95,,1.95,0.45,,,0.4,,1.95,1.95,,,,1.45,1.95,0.45,,,,1.95,0.95,,,,,,0.45,,0.4,0.45,,,,,1.95,0.95,,,,,0.45,0.95,0.4,,,,0.4,1.95,1.95,,1.95,,,,,,0.4,,,,,3.95,3.95,1.95,1.95,2.95,1.95,1.95,1.95,1.95,1.95,1.95,2.95,,,1.95,,,0.4,7.95,7.95,,3.95,1.95,,,,,,,0.4,1.95,,0.4,3.95,,,7.95,,0.4,0.4,0.4,0.45,0.4,0.45,0.45,0.95,1.95,1.95,1.95,0.45,0.45,,,,,,,,,,1.95,1.95,1.95,1.95,1.95,1.95,,,,1.95,1.95,0.95,,,3.95,3.95,,0.45,0.45,0.45,1.95,1.95,1.95,1.95,1.95,1.95,,,1.95,,,,,0.45,,,,1.95,,,,1.95,0.4,0.4,1.95,,,,0.95,1.95,,0.45,0.45,1.95
118,10275480,,3.95,,,,,0.95,0.45,,,,3.95,3.95,,3.95,7.95,7.95,,,,,,,,,3.95,,1.95,0.45,,,0.4,,1.95,1.95,,,,1.45,1.95,0.45,,,,1.95,0.95,,,,,,0.45,,0.4,0.45,,,,,1.95,0.95,,,,,0.45,0.95,0.4,,,,0.4,1.95,1.95,,1.95,,,,,,0.4,,,,,3.95,3.95,1.95,1.95,2.95,1.95,1.95,1.95,1.95,1.95,1.95,2.95,,,1.95,,,0.4,7.95,7.95,,3.95,1.95,,,,,,,0.4,1.95,,0.4,3.95,,,7.95,,0.4,0.4,0.4,0.45,0.4,0.45,0.45,0.95,1.95,1.95,1.95,0.45,0.45,,,,,,,,,,1.95,1.95,1.95,1.95,1.95,1.95,,,,1.95,1.95,0.95,,,3.95,3.95,,0.45,0.45,0.45,1.95,1.95,1.95,1.95,1.95,1.95,,,1.95,,,,,0.45,,,,1.95,,,,1.95,0.4,0.4,1.95,,,,0.95,1.95,,0.45,0.45,1.95
118,10275540,,3.95,,,,,0.95,0.45,,,,3.95,3.95,,3.95,7.95,7.95,,,,,,,,,3.95,,1.95,0.45,,,0.4,,1.95,1.95,,,,1.45,1.95,0.45,,,,1.95,0.95,,,,,,0.45,,0.4,0.45,,,,,1.95,0.95,,,,,0.45,0.95,0.4,,,,0.4,1.95,1.95,,1.95,,,,,,0.4,,,,,3.95,3.95,1.95,1.95,2.95,1.95,1.95,1.95,1.95,1.95,1.95,2.95,,,1.95,,,0.4,7.95,7.95,,3.95,1.95,,,,,,,0.4,1.95,,0.4,3.95,,,7.95,,0.4,0.4,0.4,0.45,0.4,0.45,0.45,0.95,1.95,1.95,1.95,0.45,0.45,,,,,,,,,,1.95,1.95,1.95,1.95,1.95,1.95,,,,1.95,1.95,0.95,,,3.95,3.95,,0.45,0.45,0.45,1.95,1.95,1.95,1.95,1.95,1.95,,,1.95,,,,,0.45,,,,1.95,,,,1.95,0.4,0.4,1.95,,,,0.95,1.95,,0.45,0.45,1.95
118,10275600,,3.95,,,,,0.95,0.45,,,,3.95,3.95,,3.95,7.95,7.95,,,,,,,,,3.95,,1.95,0.45,,,0.4,,1.95,1.95,,,,1.45,1.95,0.45,,,,1.95,0.95,,,,,,0.45,,0.4,0.45,,,,,1.95,0.95,,,,,0.45,0.95,0.4,,,,0.4,1.95,1.95,,1.95,,,,,,0.4,,,,,3.95,3.95,1.95,1.95,2.95,1.95,1.95,1.95,1.95,1.95,1.95,2.95,,,1.95,,,0.4,7.95,7.95,,3.95,1.95,,,,,,,0.4,1.95,,0.4,3.95,,,7.95,,0.4,0.4,0.4,0.45,0.4,0.45,0.45,0.95,1.95,1.95,1.95,0.45,0.45,,,,,,,,,,1.95,1.95,1.95,1.95,1.95,1.95,,,,1.95,1.95,0.95,,,3.95,3.95,,0.45,0.45,0.45,1.95,1.95,1.95,1.95,1.95,1.95,,,1.95,,,,,0.45,,,,1.95,,,,1.95,0.4,0.4,1.95,,,,0.95,1.95,,0.45,0.45,1.95
118,10275660,,3.95,,,,,0.95,0.45,,,,3.95,3.95,,3.95,7.95,7.95,,,,,,,,,3.95,,1.95,0.45,,,0.4,,1.95,1.95,,,,1.45,1.95,0.45,,,,1.95,0.95,,,,,,0.45,,0.4,0.45,,,,,1.95,0.95,,,,,0.45,0.95,0.4,,,,0.4,1.95,1.95,,1.95,,,,,,0.4,,,,,3.95,3.95,1.95,1.95,2.95,1.95,1.95,1.95,1.95,1.95,1.95,2.95,,,1.95,,,0.4,7.95,7.95,,3.95,1.95,,,,,,,0.4,1.95,,0.4,3.95,,,7.95,,0.4,0.4,0.4,0.45,0.4,0.45,0.45,0.95,1.95,1.95,1.95,0.45,0.45,,,,,,,,,,1.95,1.95,1.95,1.95,1.95,1.95,,,,1.95,1.95,0.95,,,3.95,3.95,,0.45,0.45,0.45,1.95,1.95,1.95,1.95,1.95,1.95,,,1.95,,,,,0.45,,,,1.95,,,,1.95,0.4,0.4,1.95,,,,0.95,1.95,,0.45,0.45,1.95
118,10275720,,3.95,,,,,0.95,0.45,,,,3.95,3.95,,3.95,7.95,7.95,,,,,,,,,3.95,,1.95,0.45,,,0.4,,1.95,1.95,,,,1.283,1.95,0.45,,,,1.95,0.95,,,,,,0.45,,0.4,0.45,,,,,1.95,0.95,,,,,0.45,0.95,0.4,,,,0.4,1.95,1.95,,1.95,,,,,,0.4,,,,,3.95,3.95,1.95,1.95,2.95,1.95,1.95,1.95,1.95,1.95,1.95,2.95,,,1.95,,,0.4,7.95,7.95,,3.95,1.95,,,,,,,0.4,1.95,,0.4,3.95,,,7.95,,0.4,0.4,0.4,0.45,0.4,0.45,0.45,0.95,1.95,1.95,1.95,0.45,0.45,,,,,,,,,,1.95,1.95,1.95,1.95,1.95,1.95,,,,1.95,1.95,0.95,,,3.95,3.95,,0.45,0.45,0.45,1.95,1.95,1.95,1.95,1.95,1.95,,,1.95,,,,,0.45,,,,1.95,,,,1.95,0.4,0.4,1.95,,,,0.95,1.95,,0.45,0.45,1.95
118,10275780,,3.95,,,,,0.95,0.45,,,,3.95,3.95,,3.95,7.95,7.95,,,,,,,,,3.95,,1.95,0.45,,,0.4,,1.95,1.95,,,,1.45,1.95,0.45,,,,1.95,0.95,,,,,,0.45,,0.4,0.45,,,,,1.95,0.95,,,,,0.45,0.95,0.4,,,,0.4,1.95,1.95,,1.95,,,,,,0.4,,,,,3.95,3.95,1.95,1.95,2.95,1.95,1.95,1.95,1.95,1.95,1.95,2.95,,,1.95,,,0.4,7.95,7.95,,3.95,1.95,,,,,,,0.4,1.95,,0.4,3.95,,,7.95,,0.4,0.4,0.4,0.45,0.4,0.45,0.45,0.95,1.95,1.95,1.95,0.45,0.45,,,,,,,,,,1.95,1.95,1.95,1.95,1.95,1.95,,,,1.95,1.95,0.95,,,3.95,3.95,,0.45,0.45,0.45,1.95,1.95,1.95,1.95,1.95,1.95,,,1.95,,,,,0.45,,,,1.95,,,,1.95,0.4,0.4,1.95,,,,0.95,1.95,,0.45,0.45,1.95
118,10275840,,3.95,,,,,0.95,0.45,,,,3.95,3.95,,3.95,7.95,7.95,,,,,,,,,3.95,,1.95,0.45,,,0.4,,1.95,1.95,,,,1.45,1.95,0.45,,,,1.95,0.95,,,,,,0.45,,0.4,0.45,,,,,1.95,0.95,,,,,0.45,0.95,0.4,,,,0.4,1.95,1.95,,1.95,,,,,,0.4,,,,,3.95,3.95,1.95,1.95,2.95,1.95,1.95,1.95,1.95,1.95,1.95,2.95,,,1.95,,,0.4,7.95,7.95,,3.95,1.95,,,,,,,0.4,1.95,,0.4,3.95,,,7.95,,0.4,0.4,0.4,0.45,0.4,0.45,0.45,0.95,1.95,1.95,1.95,0.45,0.45,,,,,,,,,,1.95,1.95,1.95,1.95,1.95,1.95,,,,1.95,1.95,0.95,,,3.95,3.95,,0.45,0.45,0.45,1.95,1.95,1.95,1.95,1.95,1.95,,,1.95,,,,,0.45,,,,1.95,,,,1.95,0.4,0.4,1.95,,,,0.95,1.95,,0.45,0.45,1.95
118,10275900,,3.95,,,,,0.95,0.45,,,,3.95,3.95,,3.95,7.95,7.95,,,,,,,,,3.95,,1.95,0.45,,,0.4,,1.95,1.95,,,,1.45,1.95,0.45,,,,1.95,0.95,,,,,,0.45,,0.4,0.45,,,,,1.95,0.95,,,,,0.45,0.95,0.4,,,,0.4,1.95,1.95,,1.95,,,,,,0.4,,,,,3.95,3.95,1.95,1.95,2.95,1.95,1.95,1.95,1.95,1.95,1.95,2.95,,,1.95,,,0.4,7.95,7.95,,3.95,1.95,,,,,,,0.4,1.95,,0.4,3.95,,,7.95,,0.4,0.4,0.4,0.45,0.4,0.45,0.45,0.95,1.95,1.95,1.95,0.45,0.45,,,,,,,,,,1.95,1.95,1.95,1.95,1.95,1.95,,,,1.95,1.95,0.95,,,3.95,3.95,,0.45,0.45,0.45,1.95,1.95,1.95,1.95,1.95,1.95,,,1.95,,,,,0.45,,,,1.95,,,,1.95,0.4,0.4,1.95,,,,0.95,1.95,,0.45,0.45,1.95
118,10275960,,3.95,,,,,0.95,0.45,,,,3.95,3.95,,3.95,7.95,7.95,,,,,,,,,3.95,,1.95,0.45,,,0.4,,1.95,1.95,,,,1.45,1.95,0.45,,,,1.95,0.95,,,,,,0.45,,0.4,0.45,,,,,1.95,0.95,,,,,0.45,0.95,0.4,,,,0.4,1.95,1.95,,1.95,,,,,,0.4,,,,,3.95,3.95,1.95,1.95,2.95,1.95,1.95,1.95,1.95,1.95,1.95,2.95,,,1.95,,,0.4,7.95,7.95,,3.95,1.95,,,,,,,0.4,1.95,,0.4,3.95,,,7.95,,0.4,0.4,0.4,0.45,0.4,0.45,0.45,0.95,1.95,1.95,1.95,0.45,0.45,,,,,,,,,,1.95,1.95,1.95,1.95,1.95,1.95,,,,1.95,1.95,0.95,,,3.95,3.95,,0.45,0.45,0.45,1.95,1.95,1.95,1.95,1.95,1.95,,,1.95,,,,,0.45,,,,1.95,,,,1.95,0.4,0.4,1.95,,,,0.95,1.95,,0.45,0.45,1.95
118,10276020,,3.95,,,,,0.95,0.45,,,,3.95,3.95,,3.95,7.95,7.95,,,,,,,,,3.95,,1.95,0.45,,,0.4,,1.95,1.95,,,,1.45,1.95,0.45,,,,1.95,0.95,,,,,,0.45,,0.4,0.45,,,,,1.95,0.95,,,,,0.45,0.95,0.4,,,,0.4,1.95,1.95,,1.95,,,,,,0.4,,,,,3.95,3.95,1.95,1.95,2.95,1.95,1.95,1.95,1.95,1.95,1.95,2.95,,,1.95,,,0.4,7.95,7.95,,3.95,1.95,,,,,,,0.4,1.95,,0.4,3.95,,,7.95,,0.4,0.4,0.4,0.45,0.4,0.45,0.45,0.95,1.95,1.95,1.95,0.45,0.45,,,,,,,,,,1.95,1.95,1.95,1.95,1.95,1.95,,,,1.95,1.95,0.95,,,3.95,3.95,,0.45,0.45,0.45,1.95,1.95,1.95,1.95,1.95,1.95,,,1.95,,,,,0.45,,,,1.95,,,,1.95,0.4,0.4,1.95,,,,0.95,1.95,,0.45,0.45,1.95
118,10276080,,3.95,,,,,0.95,0.45,,,,3.95,3.95,,3.95,7.95,7.95,,,,,,,,,3.95,,1.95,0.45,,,0.4,,1.95,1.95,,,,1.45,1.95,0.45,,,,1.95,0.95,,,,,,0.45,,0.4,0.45,,,,,1.95,0.95,,,,,0.45,0.95,0.4,,,,0.4,1.95,1.95,,1.95,,,,,,0.4,,,,,3.95,3.95,1.95,1.95,2.95,1.95,1.95,1.95,1.95,1.95,1.95,2.95,,,1.95,,,0.4,7.95,7.95,,3.95,1.95,,,,,,,0.4,1.95,,0.4,3.95,,,7.95,,0.4,0.4,0.4,0.45,0.4,0.45,0.45,0.95,1.95,1.95,1.95,0.45,0.45,,,,,,,,,,1.95,1.95,1.95,1.95,1.95,1.95,,,,1.95,1.95,0.95,,,3.95,3.95,,0.45,0.45,0.45,1.95,1.95,1.95,1.95,1.95,1.95,,,1.95,,,,,0.45,,,,1.95,,,,1.95,0.4,0.4,1.95,,,,0.95,1.95,,0.45,0.45,1.95
118,10276140,,3.95,,,,,0.95,0.45,,,,3.95,3.95,,3.95,7.95,7.95,,,,,,,,,3.95,,1.95,0.45,,,0.4,,1.95,1.95,,,,1.45,1.95,0.45,,,,1.95,0.95,,,,,,0.45,,0.4,0.45,,,,,1.95,0.95,,,,,0.45,0.95,0.4,,,,0.4,1.95,1.95,,1.95,,,,,,0.4,,,,,3.95,3.95,1.95,1.95,2.95,1.95,1.95,1.95,1.95,1.95,1.95,2.95,,,1.95,,,0.4,7.95,7.95,,3.95,1.95,,,,,,,0.4,1.95,,0.4,3.95,,,7.95,,0.4,0.4,0.4,0.45,0.4,0.45,0.45,0.95,1.95,1.95,1.95,0.45,0.45,,,,,,,,,,1.95,1.95,1.95,1.95,1.95,1.95,,,,1.95,1.95,0.95,,,3.95,3.95,,0.45,0.45,0.45,1.95,1.95,1.95,1.95,1.95,1.95,,,1.95,,,,,0.45,,,,1.95,,,,1.95,0.4,0.4,1.95,,,,0.95,1.95,,0.45,0.45,1.95
118,10276200,,3.95,,,,,0.95,0.45,,,,3.95,3.95,,3.95,7.95,7.95,,,,,,,,,3.95,,1.95,0.45,,,0.4,,1.95,1.95,,,,1.45,1.95,0.45,,,,1.95,0.95,,,,,,0.45,,0.4,0.45,,,,,1.95,0.95,,,,,0.45,0.95,0.4,,,,0.4,1.95,1.95,,1.95,,,,,,0.4,,,,,3.95,3.95,1.95,1.95,2.95,1.95,1.95,1.95,1.95,1.95,1.95,2.95,,,1.95,,,0.4,7.95,7.95,,3.95,1.95,,,,,,,0.4,1.95,,0.4,3.95,,,7.95,,0.4,0.4,0.4,0.45,0.4,0.45,0.45,0.95,1.95,1.95,1.95,0.45,0.45,,,,,,,,,,1.95,1.95,1.95,1.95,1.95,1.95,,,,1.95,1.95,0.95,,,3.95,3.95,,0.45,0.45,0.45,1.95,1.95,1.95,1.95,1.95,1.95,,,1.95,,,,,0.45,,,,1.95,,,,1.95,0.4,0.4,1.95,,,,0.95,1.95,,0.45,0.45,1.95
118,10276260,,3.95,,,,,0.95,0.45,,,,3.95,3.95,,3.95,7.95,7.95,,,,,,,,,3.95,,1.95,0.45,,,0.4,,1.95,1.95,,,,1.45,1.95,0.45,,,,1.95,0.95,,,,,,0.45,,0.4,0.45,,,,,1.95,0.95,,,,,0.45,0.95,0.4,,,,0.4,1.95,1.95,,1.95,,,,,,0.4,,,,,3.95,3.95,1.95,1.95,2.95,1.95,1.95,1.95,1.95,1.95,1.95,2.95,,,1.95,,,0.4,7.95,7.95,,3.95,1.95,,,,,,,0.4,1.95,,0.4,3.95,,,7.95,,0.4,0.4,0.4,0.45,0.4,0.45,0.45,0.95,1.95,1.95,1.95,0.45,0.45,,,,,,,,,,1.95,1.95,1.95,1.95,1.95,1.95,,,,1.95,1.95,0.95,,,3.95,3.95,,0.45,0.45,0.45,1.95,1.95,1.95,1.95,1.95,1.95,,,1.95,,,,,0.45,,,,1.95,,,,1.95,0.4,0.4,1.95,,,,0.95,1.95,,0.45,0.45,1.95
118,10276320,,3.95,,,,,0.95,0.45,,,,3.95,3.95,,3.95,7.95,7.95,,,,,,,,,3.95,,1.95,0.45,,,0.4,,1.95,1.95,,,,1.45,1.95,0.45,,,,1.95,0.95,,,,,,0.45,,0.4,0.45,,,,,1.95,0.95,,,,,0.45,0.95,0.4,,,,0.4,1.95,1.95,,1.95,,,,,,0.4,,,,,3.95,3.95,1.95,1.95,2.95,1.95,1.95,1.95,1.95,1.95,1.95,2.95,,,1.95,,,0.4,7.95,7.95,,3.95,1.95,,,,,,,0.4,1.95,,0.4,3.95,,,7.95,,0.4,0.4,0.4,0.45,0.4,0.45,0.45,0.95,1.95,1.95,1.95,0.45,0.45,,,,,,,,,,1.95,1.95,1.95,1.95,1.95,1.95,,,,1.95,1.95,0.95,,,3.95,3.95,,0.45,0.45,0.45,1.95,1.95,1.95,1.95,1.95,1.95,,,1.95,,,,,0.45,,,,1.95,,,,1.95,0.4,0.4,1.95,,,,0.95,1.95,,0.45,0.45,1.95
118,10276380,,3.95,,,,,0.95,0.45,,,,3.95,3.95,,3.95,7.95,7.95,,,,,,,,,3.95,,1.95,0.45,,,0.4,,1.95,1.95,,,,1.45,1.95,0.45,,,,1.95,0.95,,,,,,0.45,,0.4,0.45,,,,,1.95,0.95,,,,,0.45,0.95,0.4,,,,0.4,1.95,1.95,,1.95,,,,,,0.4,,,,,3.95,3.95,1.95,1.95,2.95,1.95,1.95,1.95,1.95,1.95,1.95,2.95,,,1.95,,,0.4,7.95,7.95,,3.95,1.95,,,,,,,0.4,1.95,,0.4,3.95,,,7.95,,0.4,0.4,0.4,0.45,0.4,0.45,0.45,0.95,1.95,1.95,1.95,0.45,0.45,,,,,,,,,,1.95,1.95,1.95,1.95,1.95,1.95,,,,1.95,1.95,0.95,,,3.95,3.95,,0.45,0.45,0.45,1.95,1.95,1.95,1.95,1.95,1.95,,,1.95,,,,,0.45,,,,1.95,,,,1.95,0.4,0.4,1.95,,,,0.95,1.95,,0.45,0.45,1.95
118,10276440,,3.95,,,,,0.95,0.45,,,,3.95,3.95,,3.95,7.95,7.95,,,,,,,,,3.95,,1.95,0.45,,,0.4,,1.95,1.95,,,,1.45,1.95,0.45,,,,1.95,0.95,,,,,,0.45,,0.4,0.45,,,,,1.95,0.95,,,,,0.45,0.95,0.4,,,,0.4,1.95,1.95,,1.95,,,,,,0.4,,,,,3.95,3.95,1.95,1.95,2.95,1.95,1.95,1.95,1.95,1.95,1.95,2.95,,,1.95,,,0.4,7.95,7.95,,3.95,1.95,,,,,,,0.4,1.95,,0.4,3.95,,,7.95,,0.4,0.4,0.4,0.45,0.4,0.45,0.45,0.95,1.95,1.95,1.95,0.45,0.45,,,,,,,,,,1.95,1.95,1.95,1.95,1.95,1.95,,,,1.95,1.95,0.95,,,3.95,3.95,,0.45,0.45,0.45,1.95,1.95,1.95,1.95,1.95,1.95,,,1.95,,,,,0.45,,,,1.95,,,,1.95,0.4,0.4,1.95,,,,0.95,1.95,,0.45,0.45,1.95
118,10276500,,3.95,,,,,0.95,0.45,,,,3.95,3.95,,3.95,7.95,7.95,,,,,,,,,3.95,,1.95,0.45,,,0.4,,1.95,1.95,,,,1.45,1.95,0.45,,,,1.95,0.95,,,,,,0.45,,0.4,0.45,,,,,1.95,0.95,,,,,0.45,0.95,0.4,,,,0.4,1.95,1.95,,1.95,,,,,,0.4,,,,,3.95,3.95,1.95,1.95,2.95,1.95,1.95,1.95,1.95,1.95,1.95,2.95,,,1.95,,,0.4,7.95,7.95,,3.95,1.95,,,,,,,0.4,1.95,,0.4,3.95,,,7.95,,0.4,0.4,0.4,0.45,0.4,0.45,0.45,0.95,1.95,1.95,1.95,0.45,0.45,,,,,,,,,,1.95,1.95,1.95,1.95,1.95,1.95,,,,1.95,1.95,0.95,,,3.95,3.95,,0.45,0.45,0.45,1.95,1.95,1.95,1.95,1.95,1.95,,,1.95,,,,,0.45,,,,1.95,,,,1.95,0.4,0.4,1.95,,,,0.95,1.95,,0.45,0.45,1.95
118,10276560,,3.95,,,,,0.95,0.45,,,,3.95,3.95,,3.95,7.95,7.95,,,,,,,,,3.95,,1.95,0.45,,,0.4,,1.95,1.95,,,,1.45,1.95,0.45,,,,1.95,0.95,,,,,,0.45,,0.4,0.45,,,,,1.95,0.95,,,,,0.45,0.95,0.4,,,,0.4,1.95,1.95,,1.95,,,,,,0.4,,,,,3.95,3.95,1.95,1.95,2.95,1.95,1.95,1.95,1.95,1.95,1.95,2.95,,,1.95,,,0.4,7.95,7.95,,3.95,1.95,,,,,,,0.4,1.95,,0.4,3.95,,,7.95,,0.4,0.4,0.4,0.45,0.4,0.45,0.45,0.95,1.95,1.95,1.95,0.45,0.45,,,,,,,,,,1.95,1.95,1.95,1.95,1.95,1.95,,,,1.95,1.95,0.95,,,3.95,3.95,,0.45,0.45,0.45,1.95,1.95,1.95,1.95,1.95,1.95,,,1.95,,,,,0.45,,,,1.95,,,,1.95,0.4,0.4,1.95,,,,0.95,1.95,,0.45,0.45,1.95
118,10276620,,3.95,,,,,0.95,0.45,,,,3.95,3.95,,3.95,7.95,7.95,,,,,,,,,3.95,,1.95,0.45,,,0.4,,1.95,1.95,,,,1.45,1.95,0.45,,,,1.95,0.95,,,,,,0.45,,0.4,0.45,,,,,1.95,0.95,,,,,0.45,0.95,0.4,,,,0.4,1.95,1.95,,1.95,,,,,,0.4,,,,,3.95,3.95,1.95,1.95,2.95,1.95,1.95,1.95,1.95,1.95,1.95,2.95,,,1.95,,,0.4,7.95,7.95,,3.95,1.95,,,,,,,0.4,1.95,,0.4,3.95,,,7.95,,0.4,0.4,0.4,0.45,0.4,0.45,0.45,0.95,1.95,1.95,1.95,0.45,0.45,,,,,,,,,,1.95,1.95,1.95,1.95,1.95,1.95,,,,1.95,1.95,0.95,,,3.95,3.95,,0.45,0.45,0.45,1.95,1.95,1.95,1.95,1.95,1.95,,,1.95,,,,,0.45,,,,1.95,,,,1.95,0.4,0.4,1.95,,,,0.95,1.95,,0.45,0.45,1.95
118,10276680,,3.95,,,,,0.95,0.45,,,,3.95,3.95,,3.95,7.95,7.95,,,,,,,,,3.95,,1.95,0.45,,,0.4,,1.95,1.95,,,,1.45,1.95,0.45,,,,1.95,0.95,,,,,,0.45,,0.4,0.45,,,,,1.95,0.95,,,,,0.45,0.95,0.4,,,,0.4,1.95,1.95,,1.95,,,,,,0.4,,,,,3.95,3.95,1.95,1.95,2.95,1.95,1.95,1.95,1.95,1.95,1.95,2.95,,,1.95,,,0.4,7.95,7.95,,3.95,1.95,,,,,,,0.4,1.95,,0.4,3.95,,,7.95,,0.4,0.4,0.4,0.45,0.4,0.45,0.45,0.95,1.95,1.95,1.95,0.45,0.45,,,,,,,,,,1.95,1.95,1.95,1.95,1.95,1.95,,,,1.95,1.95,0.95,,,3.95,3.95,,0.45,0.45,0.45,1.95,1.95,1.95,1.95,1.95,1.95,,,1.95,,,,,0.45,,,,1.95,,,,1.95,0.4,0.4,1.95,,,,0.95,1.95,,0.45,0.45,1.95
118,10276740,,3.95,,,,,0.95,0.45,,,,3.95,3.95,,3.95,7.95,7.95,,,,,,,,,3.95,,1.95,0.45,,,0.4,,1.95,1.95,,,,1.45,1.95,0.45,,,,1.95,0.95,,,,,,0.45,,0.4,0.45,,,,,1.95,0.95,,,,,0.45,0.95,0.4,,,,0.4,1.95,1.95,,1.95,,,,,,0.4,,,,,3.95,3.95,1.95,1.95,2.95,1.95,1.95,1.95,1.95,1.95,1.95,2.95,,,1.95,,,0.4,7.95,7.95,,3.95,1.95,,,,,,,0.4,1.95,,0.4,3.95,,,7.95,,0.4,0.4,0.4,0.45,0.4,0.45,0.45,0.95,1.95,1.95,1.95,0.45,0.45,,,,,,,,,,1.95,1.95,1.95,1.95,1.95,1.95,,,,1.95,1.95,0.95,,,3.95,3.95,,0.45,0.45,0.45,1.95,1.95,1.95,1.95,1.95,1.95,,,1.95,,,,,0.45,,,,1.95,,,,1.95,0.4,0.4,1.95,,,,0.95,1.95,,0.45,0.45,1.95
118,10276800,,3.95,,,,,0.95,0.45,,,,3.95,3.95,,3.95,7.95,7.95,,,,,,,,,3.95,,1.95,0.45,,,0.4,,1.95,1.95,,,,1.45,1.95,0.45,,,,1.95,0.95,,,,,,0.45,,0.4,0.45,,,,,1.95,0.95,,,,,0.45,0.95,0.4,,,,0.4,1.95,1.95,,1.95,,,,,,0.4,,,,,3.95,3.95,1.95,1.95,2.95,1.95,1.95,1.95,1.95,1.95,1.95,2.95,,,1.95,,,0.4,7.95,7.95,,3.95,1.95,,,,,,,0.4,1.95,,0.4,3.95,,,7.95,,0.4,0.4,0.4,0.45,0.4,0.45,0.45,0.95,1.95,1.95,1.95,0.45,0.45,,,,,,,,,,1.95,1.95,1.95,1.95,1.95,1.95,,,,1.95,1.95,0.95,,,3.95,3.95,,0.45,0.45,0.45,1.95,1.95,1.95,1.95,1.95,1.95,,,1.95,,,,,0.45,,,,1.95,,,,1.95,0.4,0.4,1.95,,,,0.95,1.95,,0.45,0.45,1.95
118,10276860,,3.95,,,,,0.95,0.45,,,,3.95,3.95,,3.95,7.95,7.95,,,,,,,,,3.95,,1.95,0.45,,,0.4,,1.95,1.95,,,,1.45,1.95,0.45,,,,1.95,0.95,,,,,,0.45,,0.4,0.45,,,,,1.95,0.95,,,,,0.45,0.95,0.4,,,,0.4,1.95,1.95,,1.95,,,,,,0.4,,,,,3.95,3.95,1.95,1.95,2.95,1.95,1.95,1.95,1.95,1.95,1.95,2.95,,,1.95,,,0.4,7.95,7.95,,3.95,1.95,,,,,,,0.4,1.95,,0.4,3.95,,,7.95,,0.4,0.4,0.4,0.45,0.4,0.45,0.45,0.95,1.95,1.95,1.95,0.45,0.45,,,,,,,,,,1.95,1.95,1.95,1.95,1.95,1.95,,,,1.95,1.95,0.95,,,3.95,3.95,,0.45,0.45,0.45,1.95,1.95,1.95,1.95,1.95,1.95,,,1.95,,,,,0.45,,,,1.95,,,,1.95,0.4,0.4,1.95,,,,0.95,1.95,,0.45,0.45,1.95
118,10276920,,3.95,,,,,0.95,0.45,,,,3.95,3.95,,3.95,7.95,7.95,,,,,,,,,3.95,,1.95,0.45,,,0.4,,1.95,1.95,,,,1.45,1.95,0.45,,,,1.95,0.95,,,,,,0.45,,0.4,0.45,,,,,1.95,0.95,,,,,0.45,0.95,0.4,,,,0.4,1.95,1.95,,1.95,,,,,,0.4,,,,,3.95,3.95,1.95,1.95,2.95,1.95,1.95,1.95,1.95,1.95,1.95,2.95,,,1.95,,,0.4,7.95,7.95,,3.95,1.95,,,,,,,0.4,1.95,,0.4,3.95,,,7.95,,0.4,0.4,0.4,0.45,0.4,0.45,0.45,0.95,1.95,1.95,1.95,0.45,0.45,,,,,,,,,,1.95,1.95,1.95,1.95,1.95,1.95,,,,1.95,1.95,0.95,,,3.95,3.95,,0.45,0.45,0.45,1.95,1.95,1.95,1.95,1.95,1.95,,,1.95,,,,,0.45,,,,1.95,,,,1.95,0.4,0.4,1.95,,,,0.95,1.95,,0.45,0.45,1.95
118,10276980,,3.95,,,,,0.95,0.45,,,,3.95,3.95,,3.95,7.95,7.95,,,,,,,,,3.95,,1.95,0.45,,,0.4,,1.95,1.95,,,,1.45,1.95,0.45,,,,1.95,0.95,,,,,,0.45,,0.4,0.45,,,,,1.95,0.95,,,,,0.45,0.95,0.4,,,,0.4,1.95,1.95,,1.95,,,,,,0.4,,,,,3.95,3.95,1.95,1.95,2.95,1.95,1.95,1.95,1.95,1.95,1.95,2.95,,,1.95,,,0.4,7.95,7.95,,3.95,1.95,,,,,,,0.4,1.95,,0.4,3.95,,,7.95,,0.4,0.4,0.4,0.45,0.4,0.45,0.45,0.95,1.95,1.95,1.95,0.45,0.45,,,,,,,,,,1.95,1.95,1.95,1.95,1.95,1.95,,,,1.95,1.95,0.95,,,3.95,3.95,,0.45,0.45,0.45,1.95,1.95,1.95,1.95,1.95,1.95,,,1.95,,,,,0.45,,,,1.95,,,,1.95,0.4,0.4,1.95,,,,0.95,1.95,,0.45,0.45,1.95
118,10277040,,3.95,,,,,0.95,0.45,,,,3.95,3.95,,3.95,7.95,7.95,,,,,,,,,3.95,,1.95,0.45,,,0.4,,1.95,1.95,,,,1.45,1.95,0.45,,,,1.95,0.95,,,,,,0.45,,0.4,0.45,,,,,1.95,0.95,,,,,0.45,0.95,0.4,,,,0.4,1.95,1.95,,1.95,,,,,,0.4,,,,,3.95,3.95,1.95,1.95,2.95,1.95,1.95,1.95,1.95,1.95,1.95,2.95,,,1.95,,,0.4,7.95,7.95,,3.95,1.95,,,,,,,0.4,1.95,,0.4,3.95,,,7.95,,0.4,0.4,0.4,0.45,0.4,0.45,0.45,0.95,1.95,1.95,1.95,0.45,0.45,,,,,,,,,,1.95,1.95,1.95,1.95,1.95,1.95,,,,1.95,1.95,0.95,,,3.95,3.95,,0.45,0.45,0.45,1.95,1.95,1.95,1.95,1.95,1.95,,,1.95,,,,,0.45,,,,1.95,,,,1.95,0.4,0.4,1.95,,,,0.95,1.95,,0.45,0.45,1.95
118,10277100,,3.95,,,,,0.95,0.45,,,,3.95,3.95,,3.95,7.95,7.95,,,,,,,,,3.95,,1.95,0.45,,,0.4,,1.95,1.95,,,,1.45,1.95,0.45,,,,1.95,0.95,,,,,,0.45,,0.4,0.45,,,,,1.95,0.95,,,,,0.45,0.95,0.4,,,,0.4,1.95,1.95,,1.95,,,,,,0.4,,,,,3.95,3.95,1.95,1.95,2.95,1.95,1.95,1.95,1.95,1.95,1.95,2.95,,,1.95,,,0.4,7.95,7.95,,3.95,1.95,,,,,,,0.4,1.95,,0.4,3.95,,,7.95,,0.4,0.4,0.4,0.45,0.4,0.45,0.45,0.95,1.95,1.95,1.95,0.45,0.45,,,,,,,,,,1.95,1.95,1.95,1.95,1.95,1.95,,,,1.95,1.95,0.95,,,3.95,3.95,,0.45,0.45,0.45,1.95,1.95,1.95,1.95,1.95,1.95,,,1.95,,,,,0.45,,,,1.95,,,,1.95,0.4,0.4,1.95,,,,0.95,1.95,,0.45,0.45,1.95
118,10277160,,3.95,,,,,0.95,0.45,,,,3.95,3.95,,3.95,7.95,7.95,,,,,,,,,3.95,,1.95,0.45,,,0.4,,1.95,1.95,,,,1.45,1.95,0.45,,,,1.95,0.95,,,,,,0.45,,0.4,0.45,,,,,1.95,0.95,,,,,0.45,0.95,0.4,,,,0.4,1.95,1.95,,1.95,,,,,,0.4,,,,,3.95,3.95,1.95,1.95,2.95,1.95,1.95,1.95,1.95,1.95,1.95,2.95,,,1.95,,,0.4,7.95,7.95,,3.95,1.95,,,,,,,0.4,1.95,,0.4,3.95,,,7.95,,0.4,0.4,0.4,0.45,0.4,0.45,0.45,0.95,1.95,1.95,1.95,0.45,0.45,,,,,,,,,,1.95,1.95,1.95,1.95,1.95,1.95,,,,1.95,1.95,0.95,,,3.95,3.95,,0.45,0.45,0.45,1.95,1.95,1.95,1.95,1.95,1.95,,,1.95,,,,,0.45,,,,1.95,,,,1.95,0.4,0.4,1.95,,,,0.95,1.95,,0.45,0.45,1.95
118,10277220,,3.95,,,,,0.95,0.45,,,,3.95,3.95,,3.95,7.95,7.95,,,,,,,,,3.95,,1.95,0.45,,,0.4,,1.95,1.95,,,,1.45,1.95,0.45,,,,1.95,0.95,,,,,,0.45,,0.4,0.45,,,,,1.95,0.95,,,,,0.45,0.95,0.4,,,,0.4,1.95,1.95,,1.95,,,,,,0.4,,,,,3.95,3.95,1.95,1.95,2.95,1.95,1.95,1.95,1.95,1.95,1.95,2.95,,,1.95,,,0.4,7.95,7.95,,3.95,1.95,,,,,,,0.4,1.95,,0.4,3.95,,,7.95,,0.4,0.4,0.4,0.45,0.4,0.45,0.45,0.95,1.95,1.95,1.95,0.45,0.45,,,,,,,,,,1.95,1.95,1.95,1.95,1.95,1.95,,,,1.95,1.95,0.95,,,3.95,3.95,,0.45,0.45,0.45,1.95,1.95,1.95,1.95,1.95,1.95,,,1.95,,,,,0.45,,,,1.95,,,,1.95,0.4,0.4,1.95,,,,0.95,1.95,,0.45,0.45,1.95
118,10277280,,3.95,,,,,0.95,0.45,,,,3.95,3.95,,3.95,7.95,7.95,,,,,,,,,3.95,,1.95,0.45,,,0.4,,1.95,1.95,,,,1.45,1.95,0.45,,,,1.95,0.95,,,,,,0.45,,0.4,0.45,,,,,1.95,0.95,,,,,0.45,0.95,0.4,,,,0.4,1.95,1.95,,1.95,,,,,,0.4,,,,,3.95,3.95,1.95,1.95,2.95,1.95,1.95,1.95,1.95,1.95,1.95,2.95,,,1.95,,,0.4,7.95,7.95,,3.95,1.95,,,,,,,0.4,1.95,,0.4,3.95,,,7.95,,0.4,0.4,0.4,0.45,0.4,0.45,0.45,0.95,1.95,1.95,1.95,0.45,0.45,,,,,,,,,,1.95,1.95,1.95,1.95,1.95,1.95,,,,1.95,1.95,0.95,,,3.95,3.95,,0.45,0.45,0.45,1.95,1.95,1.95,1.95,1.95,1.95,,,1.95,,,,,0.45,,,,1.95,,,,1.95,0.4,0.4,1.95,,,,0.95,1.95,,0.45,0.45,1.95
118,10277340,,3.95,,,,,0.95,0.45,,,,3.95,3.95,,3.95,7.95,7.95,,,,,,,,,3.95,,1.95,0.45,,,0.4,,1.95,1.95,,,,1.45,1.95,0.45,,,,1.95,0.95,,,,,,0.45,,0.4,0.45,,,,,1.95,0.95,,,,,0.45,0.95,0.4,,,,0.4,1.95,1.95,,1.95,,,,,,0.4,,,,,3.95,3.95,1.95,1.95,2.95,1.95,1.95,1.95,1.95,1.95,1.95,2.95,,,1.95,,,0.4,7.95,7.95,,3.95,1.95,,,,,,,0.4,1.95,,0.4,3.95,,,7.95,,0.4,0.4,0.4,0.45,0.4,0.45,0.45,0.95,1.95,1.95,1.95,0.45,0.45,,,,,,,,,,1.95,1.95,1.95,1.95,1.95,1.95,,,,1.95,1.95,0.95,,,3.95,3.95,,0.45,0.45,0.45,1.95,1.95,1.95,1.95,1.95,1.95,,,1.95,,,,,0.45,,,,1.95,,,,1.95,0.4,0.4,1.95,,,,0.95,1.95,,0.45,0.45,1.95
118,10277400,,3.95,,,,,0.95,0.45,,,,3.95,3.95,,3.95,7.95,7.95,,,,,,,,,3.95,,1.95,0.45,,,0.4,,1.95,1.95,,,,1.45,1.95,0.45,,,,1.95,0.95,,,,,,0.45,,0.4,0.45,,,,,1.95,0.95,,,,,0.45,0.95,0.4,,,,0.4,1.95,1.95,,1.95,,,,,,0.4,,,,,3.95,3.95,1.95,1.95,2.95,1.95,1.95,1.95,1.95,1.95,1.95,2.95,,,1.95,,,0.4,7.95,7.95,,3.95,1.95,,,,,,,0.4,1.95,,0.4,3.95,,,7.95,,0.4,0.4,0.4,0.45,0.4,0.45,0.45,0.95,1.95,1.95,1.95,0.45,0.45,,,,,,,,,,1.95,1.95,1.95,1.95,1.95,1.95,,,,1.95,1.95,0.95,,,3.95,3.95,,0.45,0.45,0.45,1.95,1.95,1.95,1.95,1.95,1.95,,,1.95,,,,,0.45,,,,1.95,,,,1.95,0.4,0.4,1.95,,,,0.95,1.95,,0.45,0.45,1.95
118,10277460,,3.95,,,,,0.95,0.45,,,,3.95,3.95,,3.95,7.95,7.95,,,,,,,,,3.95,,1.95,0.45,,,0.4,,1.95,1.95,,,,1.45,1.95,0.45,,,,1.95,0.95,,,,,,0.45,,0.4,0.45,,,,,1.95,0.95,,,,,0.45,0.95,0.4,,,,0.4,1.95,1.95,,1.95,,,,,,0.4,,,,,3.95,3.95,1.95,1.95,2.95,1.95,1.95,1.95,1.95,1.95,1.95,2.95,,,1.95,,,0.4,7.95,7.95,,3.95,1.95,,,,,,,0.4,1.95,,0.4,3.95,,,7.95,,0.4,0.4,0.4,0.45,0.4,0.45,0.45,0.95,1.95,1.95,1.95,0.45,0.45,,,,,,,,,,1.95,1.95,1.95,1.95,1.95,1.95,,,,1.95,1.95,0.95,,,3.95,3.95,,0.45,0.45,0.45,1.95,1.95,1.95,1.95,1.95,1.95,,,1.95,,,,,0.45,,,,1.95,,,,1.95,0.4,0.4,1.95,,,,0.95,1.95,,0.45,0.45,1.95
118,10277520,,3.95,,,,,0.95,0.45,,,,3.95,3.95,,3.95,7.95,7.95,,,,,,,,,3.95,,1.95,0.45,,,0.4,,1.95,1.95,,,,1.45,1.95,0.45,,,,1.95,0.95,,,,,,0.45,,0.4,0.45,,,,,1.95,0.95,,,,,0.45,0.95,0.4,,,,0.4,1.95,1.95,,1.95,,,,,,0.4,,,,,3.95,3.95,1.95,1.95,2.95,1.95,1.95,1.95,1.95,1.95,1.95,2.95,,,1.95,,,0.4,7.95,7.95,,3.95,1.95,,,,,,,0.4,1.95,,0.4,3.95,,,7.95,,0.4,0.4,0.4,0.45,0.4,0.45,0.45,0.95,1.95,1.95,1.95,0.45,0.45,,,,,,,,,,1.95,1.95,1.95,1.95,1.95,1.95,,,,1.95,1.95,0.95,,,3.95,3.95,,0.45,0.45,0.45,1.95,1.95,1.95,1.95,1.95,1.95,,,1.95,,,,,0.45,,,,1.95,,,,1.95,0.4,0.4,1.95,,,,0.95,1.95,,0.45,0.45,1.95
118,10277580,,3.95,,,,,0.95,0.45,,,,3.95,3.95,,3.95,7.95,7.95,,,,,,,,,3.95,,1.95,0.45,,,0.4,,1.95,1.95,,,,1.45,1.95,0.45,,,,1.95,0.95,,,,,,0.45,,0.4,0.45,,,,,1.95,0.95,,,,,0.45,0.95,0.4,,,,0.4,1.95,1.95,,1.95,,,,,,0.4,,,,,3.95,3.95,1.95,1.95,2.95,1.95,1.95,1.95,1.95,1.95,1.95,2.95,,,1.95,,,0.4,7.95,7.95,,3.95,1.95,,,,,,,0.4,1.95,,0.4,3.95,,,7.95,,0.4,0.4,0.4,0.45,0.4,0.45,0.45,0.95,1.95,1.95,1.95,0.45,0.45,,,,,,,,,,1.95,1.95,1.95,1.95,1.95,1.95,,,,1.95,1.95,0.95,,,3.95,3.95,,0.45,0.45,0.45,1.95,1.95,1.95,1.95,1.95,1.95,,,1.95,,,,,0.45,,,,1.95,,,,1.95,0.4,0.4,1.95,,,,0.95,1.95,,0.45,0.45,1.95
118,10277640,,3.95,,,,,0.95,0.45,,,,3.95,3.95,,3.95,7.95,7.95,,,,,,,,,3.95,,1.95,0.45,,,0.4,,1.95,1.95,,,,1.45,1.95,0.45,,,,1.95,0.95,,,,,,0.45,,0.4,0.45,,,,,1.95,0.95,,,,,0.45,0.95,0.4,,,,0.4,1.95,1.95,,1.95,,,,,,0.4,,,,,3.95,3.95,1.95,1.95,2.95,1.95,1.95,1.95,1.95,1.95,1.95,2.95,,,1.95,,,0.4,7.95,7.95,,3.95,1.95,,,,,,,0.4,1.95,,0.4,3.95,,,7.95,,0.4,0.4,0.4,0.45,0.4,0.45,0.45,0.95,1.95,1.95,1.95,0.45,0.45,,,,,,,,,,1.95,1.95,1.95,1.95,1.95,1.95,,,,1.95,1.95,0.95,,,3.95,3.95,,0.45,0.45,0.45,1.95,1.95,1.95,1.95,1.95,1.95,,,1.95,,,,,0.45,,,,1.95,,,,1.95,0.4,0.4,1.95,,,,0.95,1.95,,0.45,0.45,1.95
118,10277700,,3.95,,,,,0.95,0.45,,,,3.95,3.95,,3.95,7.95,7.95,,,,,,,,,3.95,,1.95,0.45,,,0.4,,1.95,1.95,,,,1.45,1.95,0.45,,,,1.95,0.95,,,,,,0.45,,0.4,0.45,,,,,1.95,0.95,,,,,0.45,0.95,0.4,,,,0.4,1.95,1.95,,1.95,,,,,,0.4,,,,,3.95,3.95,1.95,1.95,2.95,1.95,1.95,1.95,1.95,1.95,1.95,2.95,,,1.95,,,0.4,7.95,7.95,,3.95,1.95,,,,,,,0.4,1.95,,0.4,3.95,,,7.95,,0.4,0.4,0.4,0.45,0.4,0.45,0.45,0.95,1.95,1.95,1.95,0.45,0.45,,,,,,,,,,1.95,1.95,1.95,1.95,1.95,1.95,,,,1.95,1.95,0.95,,,3.95,3.95,,0.45,0.45,0.45,1.95,1.95,1.95,1.95,1.95,1.95,,,1.95,,,,,0.45,,,,1.95,,,,1.95,0.4,0.4,1.95,,,,0.95,1.95,,0.45,0.45,1.95
118,10277760,,3.95,,,,,0.95,0.45,,,,3.95,3.95,,3.95,7.95,7.95,,,,,,,,,3.95,,1.95,0.45,,,0.4,,1.95,1.95,,,,1.45,1.95,0.45,,,,1.95,0.95,,,,,,0.45,,0.4,0.45,,,,,1.95,0.95,,,,,0.45,0.95,0.4,,,,0.4,1.95,1.95,,1.95,,,,,,0.4,,,,,3.95,3.95,1.95,1.95,2.95,1.95,1.95,1.95,1.95,1.95,1.95,2.95,,,1.95,,,0.4,7.95,7.95,,3.95,1.95,,,,,,,0.4,1.95,,0.4,3.95,,,7.95,,0.4,0.4,0.4,0.45,0.4,0.45,0.45,0.95,1.95,1.95,1.95,0.45,0.45,,,,,,,,,,1.95,1.95,1.95,1.95,1.95,1.95,,,,1.95,1.95,0.95,,,3.95,3.95,,0.45,0.45,0.45,1.95,1.95,1.95,1.95,1.95,1.95,,,1.95,,,,,0.45,,,,1.95,,,,1.95,0.4,0.4,1.95,,,,0.95,1.95,,0.45,0.45,1.95
118,10277820,,3.95,,,,,0.95,0.45,,,,3.95,3.95,,3.95,7.95,7.95,,,,,,,,,3.95,,1.95,0.45,,,0.4,,1.95,1.95,,,,1.45,1.95,0.45,,,,1.95,0.95,,,,,,0.45,,0.4,0.45,,,,,1.95,0.95,,,,,0.45,0.95,0.4,,,,0.4,1.95,1.95,,1.95,,,,,,0.4,,,,,3.95,3.95,1.95,1.95,2.95,1.95,1.95,1.95,1.95,1.95,1.95,2.95,,,1.95,,,0.4,7.95,7.95,,3.95,1.95,,,,,,,0.4,1.95,,0.4,3.95,,,7.95,,0.4,0.4,0.4,0.45,0.4,0.45,0.45,0.95,1.95,1.95,1.95,0.45,0.45,,,,,,,,,,1.95,1.95,1.95,1.95,1.95,1.95,,,,1.95,1.95,0.95,,,3.95,3.95,,0.45,0.45,0.45,1.95,1.95,1.95,1.95,1.95,1.95,,,1.95,,,,,0.45,,,,1.95,,,,1.95,0.4,0.4,1.95,,,,0.95,1.95,,0.45,0.45,1.95
118,10277880,,3.95,,,,,0.95,0.45,,,,3.95,3.95,,3.95,7.95,7.95,,,,,,,,,3.95,,1.95,0.45,,,0.4,,1.95,1.95,,,,1.45,1.95,0.45,,,,1.95,0.95,,,,,,0.45,,0.4,0.45,,,,,1.95,0.95,,,,,0.45,0.95,0.4,,,,0.4,1.95,1.95,,1.95,,,,,,0.4,,,,,3.95,3.95,1.95,1.95,2.95,1.95,1.95,1.95,1.95,1.95,1.95,2.95,,,1.95,,,0.4,7.95,7.95,,3.95,1.95,,,,,,,0.4,1.95,,0.4,3.95,,,7.95,,0.4,0.4,0.4,0.45,0.4,0.45,0.45,0.95,1.95,1.95,1.95,0.45,0.45,,,,,,,,,,1.95,1.95,1.95,1.95,1.95,1.95,,,,1.95,1.95,0.95,,,3.95,3.95,,0.45,0.45,0.45,1.95,1.95,1.95,1.95,1.95,1.95,,,1.95,,,,,0.45,,,,1.95,,,,1.95,0.4,0.4,1.95,,,,0.95,1.95,,0.45,0.45,1.95
118,10277940,,3.95,,,,,0.95,0.45,,,,3.95,3.95,,3.95,7.95,7.95,,,,,,,,,3.95,,1.95,0.45,,,0.4,,1.95,1.95,,,,1.45,1.95,0.45,,,,1.95,0.95,,,,,,0.45,,0.4,0.45,,,,,1.95,0.95,,,,,0.45,0.95,0.4,,,,0.4,1.95,1.95,,1.95,,,,,,0.4,,,,,3.95,3.95,1.95,1.95,2.95,1.95,1.95,1.95,1.95,1.95,1.95,2.95,,,1.95,,,0.4,7.95,7.95,,3.95,1.95,,,,,,,0.4,1.95,,0.4,3.95,,,7.95,,0.4,0.4,0.4,0.45,0.4,0.45,0.45,0.95,1.95,1.95,1.95,0.45,0.45,,,,,,,,,,1.95,1.95,1.95,1.95,1.95,1.95,,,,1.95,1.95,0.95,,,3.95,3.95,,0.45,0.45,0.45,1.95,1.95,1.95,1.95,1.95,1.95,,,1.95,,,,,0.45,,,,1.95,,,,1.95,0.4,0.4,1.95,,,,0.95,1.95,,0.45,0.45,1.95
118,10278000,,3.95,,,,,0.95,0.45,,,,3.95,3.95,,3.95,7.95,7.95,,,,,,,,,3.95,,1.95,0.45,,,0.4,,1.95,1.95,,,,1.283,1.95,0.45,,,,1.95,0.95,,,,,,0.45,,0.4,0.45,,,,,1.95,0.95,,,,,0.45,0.95,0.4,,,,0.4,1.95,1.95,,1.95,,,,,,0.4,,,,,3.95,3.95,1.95,1.95,2.95,1.95,1.95,1.95,1.95,1.95,1.95,2.95,,,1.95,,,0.4,7.95,7.95,,3.95,1.95,,,,,,,0.4,1.95,,0.4,3.95,,,7.95,,0.4,0.4,0.4,0.45,0.4,0.45,0.45,0.95,1.95,1.95,1.95,0.45,0.45,,,,,,,,,,1.95,1.95,1.95,1.95,1.95,1.95,,,,1.95,1.95,0.95,,,3.95,3.95,,0.45,0.45,0.45,1.95,1.95,1.95,1.95,1.95,1.95,,,1.95,,,,,0.45,,,,1.95,,,,1.95,0.4,0.4,1.95,,,,0.95,1.95,,0.45,0.45,1.95
118,10278060,,3.95,,,,,0.95,0.45,,,,3.95,3.95,,3.95,7.95,7.95,,,,,,,,,3.95,,1.95,0.45,,,0.4,,1.95,1.95,,,,1.45,1.95,0.45,,,,1.95,0.95,,,,,,0.45,,0.4,0.45,,,,,1.95,0.95,,,,,0.45,0.95,0.4,,,,0.4,1.95,1.95,,1.95,,,,,,0.4,,,,,3.95,3.95,1.95,1.95,2.95,1.95,1.95,1.95,1.95,1.95,1.95,2.95,,,1.95,,,0.4,7.95,7.95,,3.95,1.95,,,,,,,0.4,1.95,,0.4,3.95,,,7.95,,0.4,0.4,0.4,0.45,0.4,0.45,0.45,0.95,1.95,1.95,1.95,0.45,0.45,,,,,,,,,,1.95,1.95,1.95,1.95,1.95,1.95,,,,1.95,1.95,0.95,,,3.95,3.95,,0.45,0.45,0.45,1.95,1.95,1.95,1.95,1.95,1.95,,,1.95,,,,,0.45,,,,1.95,,,,1.95,0.4,0.4,1.95,,,,0.95,1.95,,0.45,0.45,1.95
118,10278120,,3.95,,,,,0.95,0.45,,,,3.95,3.95,,3.95,7.95,7.95,,,,,,,,,3.95,,1.95,0.45,,,0.4,,1.95,1.95,,,,1.45,1.95,0.45,,,,1.95,0.95,,,,,,0.45,,0.4,0.45,,,,,1.95,0.95,,,,,0.45,0.95,0.4,,,,0.4,1.95,1.95,,1.95,,,,,,0.4,,,,,3.95,3.95,1.95,1.95,2.95,1.95,1.95,1.95,1.95,1.95,1.95,2.95,,,1.95,,,0.4,7.95,7.95,,3.95,1.95,,,,,,,0.4,1.95,,0.4,3.95,,,7.95,,0.4,0.4,0.4,0.45,0.4,0.45,0.45,0.95,1.95,1.95,1.95,0.45,0.45,,,,,,,,,,1.95,1.95,1.95,1.95,1.95,1.95,,,,1.95,1.95,0.95,,,3.95,3.95,,0.45,0.45,0.45,1.95,1.95,1.95,1.95,1.95,1.95,,,1.95,,,,,0.45,,,,1.95,,,,1.95,0.4,0.4,1.95,,,,0.95,1.95,,0.45,0.45,1.95
118,10278180,,3.95,,,,,0.95,0.45,,,,3.95,3.95,,3.95,7.95,7.95,,,,,,,,,3.95,,1.95,0.45,,,0.4,,1.95,1.95,,,,1.617,1.95,0.45,,,,1.95,0.95,,,,,,0.45,,0.4,0.45,,,,,1.95,0.95,,,,,0.45,0.95,0.4,,,,0.4,1.95,1.95,,1.95,,,,,,0.4,,,,,3.95,3.95,1.95,1.95,2.95,1.95,1.95,1.95,1.95,1.95,1.95,2.95,,,1.95,,,0.4,7.95,7.95,,3.95,1.95,,,,,,,0.4,1.95,,0.4,3.95,,,7.95,,0.4,0.4,0.4,0.45,0.4,0.45,0.45,0.95,1.95,1.95,1.95,0.45,0.45,,,,,,,,,,1.95,1.95,1.95,1.95,1.95,1.95,,,,1.95,1.95,0.95,,,3.95,3.95,,0.45,0.45,0.45,1.95,1.95,1.95,1.95,1.95,1.95,,,1.95,,,,,0.45,,,,1.95,,,,1.95,0.4,0.4,1.95,,,,0.95,1.95,,0.45,0.45,1.95
118,10278240,,3.95,,,,,0.95,0.45,,,,3.95,3.95,,3.95,7.95,7.95,,,,,,,,,3.95,,1.95,0.45,,,0.4,,1.95,1.95,,,,1.45,1.95,0.45,,,,1.95,0.95,,,,,,0.45,,0.4,0.45,,,,,1.95,0.95,,,,,0.45,0.95,0.4,,,,0.4,1.95,1.95,,1.95,,,,,,0.4,,,,,3.95,3.95,1.95,1.95,2.95,1.95,1.95,1.95,1.95,1.95,1.95,2.95,,,1.95,,,0.4,7.95,7.95,,3.95,1.95,,,,,,,0.4,1.95,,0.4,3.95,,,7.95,,0.4,0.4,0.4,0.45,0.4,0.45,0.45,0.95,1.95,1.95,1.95,0.45,0.45,,,,,,,,,,1.95,1.95,1.95,1.95,1.95,1.95,,,,1.95,1.95,0.95,,,3.95,3.95,,0.45,0.45,0.45,1.95,1.95,1.95,1.95,1.95,1.95,,,1.95,,,,,0.45,,,,1.95,,,,1.95,0.4,0.4,1.95,,,,0.95,1.95,,0.45,0.45,1.95
118,10278300,,3.95,,,,,0.95,0.45,,,,3.95,3.95,,3.95,7.95,7.95,,,,,,,,,3.95,,1.95,0.45,,,0.4,,1.95,1.95,,,,1.45,1.95,0.45,,,,1.95,0.95,,,,,,0.45,,0.4,0.45,,,,,1.95,0.95,,,,,0.45,0.95,0.4,,,,0.4,1.95,1.95,,1.95,,,,,,0.4,,,,,3.95,3.95,1.95,1.95,2.95,1.95,1.95,1.95,1.95,1.95,1.95,2.95,,,1.95,,,0.4,7.95,7.95,,3.95,1.95,,,,,,,0.4,1.95,,0.4,3.95,,,7.95,,0.4,0.4,0.4,0.45,0.4,0.45,0.45,0.95,1.95,1.95,1.95,0.45,0.45,,,,,,,,,,1.95,1.95,1.95,1.95,1.95,1.95,,,,1.95,1.95,0.95,,,3.95,3.95,,0.45,0.45,0.45,1.95,1.95,1.95,1.95,1.95,1.95,,,1.95,,,,,0.45,,,,1.95,,,,1.95,0.4,0.4,1.95,,,,0.95,1.95,,0.45,0.45,1.95
118,10278360,,3.95,,,,,0.95,0.45,,,,3.95,3.95,,3.95,7.95,7.95,,,,,,,,,3.95,,1.95,0.45,,,0.4,,1.95,1.95,,,,1.45,1.95,0.45,,,,1.95,0.95,,,,,,0.45,,0.4,0.45,,,,,1.95,0.95,,,,,0.45,0.95,0.4,,,,0.4,1.95,1.95,,1.95,,,,,,0.4,,,,,3.95,3.95,1.95,1.95,2.95,1.95,1.95,1.95,1.95,1.95,1.95,2.95,,,1.95,,,0.4,7.95,7.95,,3.95,1.95,,,,,,,0.4,1.95,,0.4,3.95,,,7.95,,0.4,0.4,0.4,0.45,0.4,0.45,0.45,0.95,1.95,1.95,1.95,0.45,0.45,,,,,,,,,,1.95,1.95,1.95,1.95,1.95,1.95,,,,1.95,1.95,0.95,,,3.95,3.95,,0.45,0.45,0.45,1.95,1.95,1.95,1.95,1.95,1.95,,,1.95,,,,,0.45,,,,1.95,,,,1.95,0.4,0.4,1.95,,,,0.95,1.95,,0.45,0.45,1.95
118,10278420,,3.95,,,,,0.95,0.45,,,,3.95,3.95,,3.95,7.95,7.95,,,,,,,,,3.95,,1.95,0.45,,,0.4,,1.95,1.95,,,,1.45,1.95,0.45,,,,1.95,0.95,,,,,,0.45,,0.4,0.45,,,,,1.95,0.95,,,,,0.45,0.95,0.4,,,,0.4,1.95,1.95,,1.95,,,,,,0.4,,,,,3.95,3.95,1.95,1.95,2.95,1.95,1.95,1.95,1.95,1.95,1.95,2.95,,,1.95,,,0.4,7.95,7.95,,3.95,1.95,,,,,,,0.4,1.95,,0.4,3.95,,,7.95,,0.4,0.4,0.4,0.45,0.4,0.45,0.45,0.95,1.95,1.95,1.95,0.45,0.45,,,,,,,,,,1.95,1.95,1.95,1.95,1.95,1.95,,,,1.95,1.95,0.95,,,3.95,3.95,,0.45,0.45,0.45,1.95,1.95,1.95,1.95,1.95,1.95,,,1.95,,,,,0.45,,,,1.95,,,,1.95,0.4,0.4,1.95,,,,0.95,1.95,,0.45,0.45,1.95
118,10278480,,3.95,,,,,0.95,0.45,,,,3.95,3.95,,3.95,7.95,7.95,,,,,,,,,3.95,,1.95,0.45,,,0.4,,1.95,1.95,,,,1.45,1.95,0.45,,,,1.95,0.95,,,,,,0.45,,0.4,0.45,,,,,1.95,0.95,,,,,0.45,0.95,0.4,,,,0.4,1.95,1.95,,1.95,,,,,,0.4,,,,,3.95,3.95,1.95,1.95,2.95,1.95,1.95,1.95,1.95,1.95,1.95,2.95,,,1.95,,,0.4,7.95,7.95,,3.95,1.95,,,,,,,0.4,1.95,,0.4,3.95,,,7.95,,0.4,0.4,0.4,0.45,0.4,0.45,0.45,0.95,1.95,1.95,1.95,0.45,0.45,,,,,,,,,,1.95,1.95,1.95,1.95,1.95,1.95,,,,1.95,1.95,0.95,,,3.95,3.95,,0.45,0.45,0.45,1.95,1.95,1.95,1.95,1.95,1.95,,,1.95,,,,,0.45,,,,1.95,,,,1.95,0.4,0.4,1.95,,,,0.95,1.95,,0.45,0.45,1.95
118,10278540,,3.95,,,,,0.95,0.45,,,,3.95,3.95,,3.95,7.95,7.95,,,,,,,,,3.95,,1.95,0.45,,,0.4,,1.95,1.95,,,,1.45,1.95,0.45,,,,1.95,0.95,,,,,,0.45,,0.4,0.45,,,,,1.95,0.95,,,,,0.45,0.95,0.4,,,,0.4,1.95,1.95,,1.95,,,,,,0.4,,,,,3.95,3.95,1.95,1.95,2.95,1.95,1.95,1.95,1.95,1.95,1.95,2.95,,,1.95,,,0.4,7.95,7.95,,3.95,1.95,,,,,,,0.4,1.95,,0.4,3.95,,,7.95,,0.4,0.4,0.4,0.45,0.4,0.45,0.45,0.95,1.95,1.95,1.95,0.45,0.45,,,,,,,,,,1.95,1.95,1.95,1.95,1.95,1.95,,,,1.95,1.95,0.95,,,3.95,3.95,,0.45,0.45,0.45,1.95,1.95,1.95,1.95,1.95,1.95,,,1.95,,,,,0.45,,,,1.95,,,,1.95,0.4,0.4,1.95,,,,0.95,1.95,,0.45,0.45,1.95
118,10278600,,3.95,,,,,0.95,0.45,,,,3.95,3.95,,3.95,7.95,7.95,,,,,,,,,3.95,,1.95,0.45,,,0.4,,1.95,1.95,,,,1.45,1.95,0.45,,,,1.95,0.95,,,,,,0.45,,0.4,0.45,,,,,1.95,0.95,,,,,0.45,0.95,0.4,,,,0.4,1.95,1.95,,1.95,,,,,,0.4,,,,,3.95,3.95,1.95,1.95,2.95,1.95,1.95,1.95,1.95,1.95,1.95,2.95,,,1.95,,,0.4,7.95,7.95,,3.95,1.95,,,,,,,0.4,1.95,,0.4,3.95,,,7.95,,0.4,0.4,0.4,0.45,0.4,0.45,0.45,0.95,1.95,1.95,1.95,0.45,0.45,,,,,,,,,,1.95,1.95,1.95,1.95,1.95,1.95,,,,1.95,1.95,0.95,,,3.95,3.95,,0.45,0.45,0.45,1.95,1.95,1.95,1.95,1.95,1.95,,,1.95,,,,,0.45,,,,1.95,,,,1.95,0.4,0.4,1.95,,,,0.95,1.95,,0.45,0.45,1.95
118,10278660,,3.95,,,,,0.95,0.45,,,,3.95,3.95,,3.95,7.95,7.95,,,,,,,,,3.95,,1.95,0.45,,,0.4,,1.95,1.95,,,,1.45,1.95,0.45,,,,1.95,0.95,,,,,,0.45,,0.4,0.45,,,,,1.95,0.95,,,,,0.45,0.95,0.4,,,,0.4,1.95,1.95,,1.95,,,,,,0.4,,,,,3.95,3.95,1.95,1.95,2.95,1.95,1.95,1.95,1.95,1.95,1.95,2.95,,,1.95,,,0.4,7.95,7.95,,3.95,1.95,,,,,,,0.4,1.95,,0.4,3.95,,,7.95,,0.4,0.4,0.4,0.45,0.4,0.45,0.45,0.95,1.95,1.95,1.95,0.45,0.45,,,,,,,,,,1.95,1.95,1.95,1.95,1.95,1.95,,,,1.95,1.95,0.95,,,3.95,3.95,,0.45,0.45,0.45,1.95,1.95,1.95,1.95,1.95,1.95,,,1.95,,,,,0.45,,,,1.95,,,,1.95,0.4,0.4,1.95,,,,0.95,1.95,,0.45,0.45,1.95
118,10278720,,3.95,,,,,0.95,0.45,,,,3.95,3.95,,3.95,7.95,7.95,,,,,,,,,3.95,,1.95,0.45,,,0.4,,1.95,1.95,,,,1.45,1.95,0.45,,,,1.95,0.95,,,,,,0.45,,0.4,0.45,,,,,1.95,0.95,,,,,0.45,0.95,0.4,,,,0.4,1.95,1.95,,1.95,,,,,,0.4,,,,,3.95,3.95,1.95,1.95,2.95,1.95,1.95,1.95,1.95,1.95,1.95,2.95,,,1.95,,,0.4,7.95,7.95,,3.95,1.95,,,,,,,0.4,1.95,,0.4,3.95,,,7.95,,0.4,0.4,0.4,0.45,0.4,0.45,0.45,0.95,1.95,1.95,1.95,0.45,0.45,,,,,,,,,,1.95,1.95,1.95,1.95,1.95,1.95,,,,1.95,1.95,0.95,,,3.95,3.95,,0.45,0.45,0.45,1.95,1.95,1.95,1.95,1.95,1.95,,,1.95,,,,,0.45,,,,1.95,,,,1.95,0.4,0.4,1.95,,,,0.95,1.95,,0.45,0.45,1.95
118,10278780,,3.95,,,,,0.95,0.45,,,,3.95,3.95,,3.95,7.95,7.95,,,,,,,,,3.95,,1.95,0.45,,,0.4,,1.95,1.95,,,,1.45,1.95,0.45,,,,1.95,0.95,,,,,,0.45,,0.4,0.45,,,,,1.95,0.95,,,,,0.45,0.95,0.4,,,,0.4,1.95,1.95,,1.95,,,,,,0.4,,,,,3.95,3.95,1.95,1.95,2.95,1.95,1.95,1.95,1.95,1.95,1.95,2.95,,,1.95,,,0.4,7.95,7.95,,3.95,1.95,,,,,,,0.4,1.95,,0.4,3.95,,,7.95,,0.4,0.4,0.4,0.45,0.4,0.45,0.45,0.95,1.95,1.95,1.95,0.45,0.45,,,,,,,,,,1.95,1.95,1.95,1.95,1.95,1.95,,,,1.95,1.95,0.95,,,3.95,3.95,,0.45,0.45,0.45,1.95,1.95,1.95,1.95,1.95,1.95,,,1.95,,,,,0.45,,,,1.95,,,,1.95,0.4,0.4,1.95,,,,0.95,1.95,,0.45,0.45,1.95
118,10278840,,3.95,,,,,0.95,0.45,,,,3.95,3.95,,3.95,7.95,7.95,,,,,,,,,3.95,,1.95,0.45,,,0.4,,1.95,1.95,,,,1.45,1.95,0.45,,,,1.95,0.95,,,,,,0.45,,0.4,0.45,,,,,1.95,0.95,,,,,0.45,0.95,0.4,,,,0.4,1.95,1.95,,1.95,,,,,,0.4,,,,,3.95,3.95,1.95,1.95,2.95,1.95,1.95,1.95,1.95,1.95,1.95,2.95,,,1.95,,,0.4,7.95,7.95,,3.95,1.95,,,,,,,0.4,1.95,,0.4,3.95,,,7.95,,0.4,0.4,0.4,0.45,0.4,0.45,0.45,0.95,1.95,1.95,1.95,0.45,0.45,,,,,,,,,,1.95,1.95,1.95,1.95,1.95,1.95,,,,1.95,1.95,0.95,,,3.95,3.95,,0.45,0.45,0.45,1.95,1.95,1.95,1.95,1.95,1.95,,,1.95,,,,,0.45,,,,1.95,,,,1.95,0.4,0.4,1.95,,,,0.95,1.95,,0.45,0.45,1.95
118,10278900,,3.95,,,,,0.95,0.45,,,,3.95,3.95,,3.95,7.95,7.95,,,,,,,,,3.95,,1.95,0.45,,,0.4,,1.95,1.95,,,,1.45,1.95,0.45,,,,1.95,0.95,,,,,,0.45,,0.4,0.45,,,,,1.95,0.95,,,,,0.45,0.95,0.4,,,,0.4,1.95,1.95,,1.95,,,,,,0.4,,,,,3.95,3.95,1.95,1.95,2.95,1.95,1.95,1.95,1.95,1.95,1.95,2.95,,,1.95,,,0.4,7.95,7.95,,3.95,1.95,,,,,,,0.4,1.95,,0.4,3.95,,,7.95,,0.4,0.4,0.4,0.45,0.4,0.45,0.45,0.95,1.95,1.95,1.95,0.45,0.45,,,,,,,,,,1.95,1.95,1.95,1.95,1.95,1.95,,,,1.95,1.95,0.95,,,3.95,3.95,,0.45,0.45,0.45,1.95,1.95,1.95,1.95,1.95,1.95,,,1.95,,,,,0.45,,,,1.95,,,,1.95,0.4,0.4,1.95,,,,0.95,1.95,,0.45,0.45,1.95
118,10278960,,3.95,,,,,0.95,0.45,,,,3.95,3.95,,3.95,7.95,7.95,,,,,,,,,3.95,,1.95,0.45,,,0.4,,1.95,1.95,,,,1.45,1.95,0.45,,,,1.95,0.95,,,,,,0.45,,0.4,0.45,,,,,1.95,0.95,,,,,0.45,0.95,0.4,,,,0.4,1.95,1.95,,1.95,,,,,,0.4,,,,,3.95,3.95,1.95,1.95,2.95,1.95,1.95,1.95,1.95,1.95,1.95,2.95,,,1.95,,,0.4,7.95,7.95,,3.95,1.95,,,,,,,0.4,1.95,,0.4,3.95,,,7.95,,0.4,0.4,0.4,0.45,0.4,0.45,0.45,0.95,1.95,1.95,1.95,0.45,0.45,,,,,,,,,,1.95,1.95,1.95,1.95,1.95,1.95,,,,1.95,1.95,0.95,,,3.95,3.95,,0.45,0.45,0.45,1.95,1.95,1.95,1.95,1.95,1.95,,,1.95,,,,,0.45,,,,1.95,,,,1.95,0.4,0.4,1.95,,,,0.95,1.95,,0.45,0.45,1.95
118,10279020,,3.95,,,,,0.95,0.45,,,,3.95,3.95,,3.95,7.95,7.95,,,,,,,,,3.95,,1.95,0.45,,,0.4,,1.95,1.95,,,,1.45,1.95,0.45,,,,1.95,0.95,,,,,,0.45,,0.4,0.45,,,,,1.95,0.95,,,,,0.45,0.95,0.4,,,,0.4,1.95,1.95,,1.95,,,,,,0.4,,,,,3.95,3.95,1.95,1.95,2.95,1.95,1.95,1.95,1.95,1.95,1.95,2.95,,,1.95,,,0.4,7.95,7.95,,3.95,1.95,,,,,,,0.4,1.95,,0.4,3.95,,,7.95,,0.4,0.4,0.4,0.45,0.4,0.45,0.45,0.95,1.95,1.95,1.95,0.45,0.45,,,,,,,,,,1.95,1.95,1.95,1.95,1.95,1.95,,,,1.95,1.95,0.95,,,3.95,3.95,,0.45,0.45,0.45,1.95,1.95,1.95,1.95,1.95,1.95,,,1.95,,,,,0.45,,,,1.95,,,,1.95,0.4,0.4,1.95,,,,0.95,1.95,,0.45,0.45,1.95
118,10279080,,3.95,,,,,0.95,0.45,,,,3.95,3.95,,3.95,7.95,7.95,,,,,,,,,3.95,,1.95,0.45,,,0.4,,1.95,1.95,,,,1.45,1.95,0.45,,,,1.95,0.95,,,,,,0.45,,0.4,0.45,,,,,1.95,0.95,,,,,0.45,0.95,0.4,,,,0.4,1.95,1.95,,1.95,,,,,,0.4,,,,,3.95,3.95,1.95,1.95,2.95,1.95,1.95,1.95,1.95,1.95,1.95,2.95,,,1.95,,,0.4,7.95,7.95,,3.95,1.95,,,,,,,0.4,1.95,,0.4,3.95,,,7.95,,0.4,0.4,0.4,0.45,0.4,0.45,0.45,0.95,1.95,1.95,1.95,0.45,0.45,,,,,,,,,,1.95,1.95,1.95,1.95,1.95,1.95,,,,1.95,1.95,0.95,,,3.95,3.95,,0.45,0.45,0.45,1.95,1.95,1.95,1.95,1.95,1.95,,,1.95,,,,,0.45,,,,1.95,,,,1.95,0.4,0.4,1.95,,,,0.95,1.95,,0.45,0.45,1.95
118,10279140,,3.95,,,,,0.95,0.45,,,,3.95,3.95,,3.95,7.95,7.95,,,,,,,,,3.95,,1.95,0.45,,,0.4,,1.95,1.95,,,,1.45,1.95,0.45,,,,1.95,0.95,,,,,,0.45,,0.4,0.45,,,,,1.95,0.95,,,,,0.45,0.95,0.4,,,,0.4,1.95,1.95,,1.95,,,,,,0.4,,,,,3.95,3.95,1.95,1.95,2.95,1.95,1.95,1.95,1.95,1.95,1.95,2.95,,,1.95,,,0.4,7.95,7.95,,3.95,1.95,,,,,,,0.4,1.95,,0.4,3.95,,,7.95,,0.4,0.4,0.4,0.45,0.4,0.45,0.45,0.95,1.95,1.95,1.95,0.45,0.45,,,,,,,,,,1.95,1.95,1.95,1.95,1.95,1.95,,,,1.95,1.95,0.95,,,3.95,3.95,,0.45,0.45,0.45,1.95,1.95,1.95,1.95,1.95,1.95,,,1.95,,,,,0.45,,,,1.95,,,,1.95,0.4,0.4,1.95,,,,0.95,1.95,,0.45,0.45,1.95
118,10279200,,3.95,,,,,0.95,0.45,,,,3.95,3.95,,3.95,7.95,7.95,,,,,,,,,3.95,,1.95,0.45,,,0.4,,1.95,1.95,,,,1.45,1.95,0.45,,,,1.95,0.95,,,,,,0.45,,0.4,0.45,,,,,1.95,0.95,,,,,0.45,0.95,0.4,,,,0.4,1.95,1.95,,1.95,,,,,,0.4,,,,,3.95,3.95,1.95,1.95,2.95,1.95,1.95,1.95,1.95,1.95,1.95,2.95,,,1.95,,,0.4,7.95,7.95,,3.95,1.95,,,,,,,0.4,1.95,,0.4,3.95,,,7.95,,0.4,0.4,0.4,0.45,0.4,0.45,0.45,0.95,1.95,1.95,1.95,0.45,0.45,,,,,,,,,,1.95,1.95,1.95,1.95,1.95,1.95,,,,1.95,1.95,0.95,,,3.95,3.95,,0.45,0.45,0.45,1.95,1.95,1.95,1.95,1.95,1.95,,,1.95,,,,,0.45,,,,1.95,,,,1.95,0.4,0.4,1.95,,,,0.95,1.95,,0.45,0.45,1.95
118,10279260,,3.95,,,,,0.95,0.45,,,,3.95,3.95,,3.95,7.95,7.95,,,,,,,,,3.95,,1.95,0.45,,,0.4,,1.95,1.95,,,,1.45,1.95,0.45,,,,1.95,0.95,,,,,,0.45,,0.4,0.45,,,,,1.95,0.95,,,,,0.45,0.95,0.4,,,,0.4,1.95,1.95,,1.95,,,,,,0.4,,,,,3.95,3.95,1.95,1.95,2.95,1.95,1.95,1.95,1.95,1.95,1.95,2.95,,,1.95,,,0.4,7.95,7.95,,3.95,1.95,,,,,,,0.4,1.95,,0.4,3.95,,,7.95,,0.4,0.4,0.4,0.45,0.4,0.45,0.45,0.95,1.95,1.95,1.95,0.45,0.45,,,,,,,,,,1.95,1.95,1.95,1.95,1.95,1.95,,,,1.95,1.95,0.95,,,3.95,3.95,,0.45,0.45,0.45,1.95,1.95,1.95,1.95,1.95,1.95,,,1.95,,,,,0.45,,,,1.95,,,,1.95,0.4,0.4,1.95,,,,0.95,1.95,,0.45,0.45,1.95
118,10279320,,3.95,,,,,0.95,0.45,,,,3.95,3.95,,3.95,7.95,7.95,,,,,,,,,3.95,,1.95,0.45,,,0.4,,1.95,1.95,,,,1.45,1.95,0.45,,,,1.95,0.95,,,,,,0.45,,0.4,0.45,,,,,1.95,0.95,,,,,0.45,0.95,0.4,,,,0.4,1.95,1.95,,1.95,,,,,,0.4,,,,,3.95,3.95,1.95,1.95,2.95,1.95,1.95,1.95,1.95,1.95,1.95,2.95,,,1.95,,,0.4,7.95,7.95,,3.95,1.95,,,,,,,0.4,1.95,,0.4,3.95,,,7.95,,0.4,0.4,0.4,0.45,0.4,0.45,0.45,0.95,1.95,1.95,1.95,0.45,0.45,,,,,,,,,,1.95,1.95,1.95,1.95,1.95,1.95,,,,1.95,1.95,0.95,,,3.95,3.95,,0.45,0.45,0.45,1.95,1.95,1.95,1.95,1.95,1.95,,,1.95,,,,,0.45,,,,1.95,,,,1.95,0.4,0.4,1.95,,,,0.95,1.95,,0.45,0.45,1.95
118,10279380,,3.95,,,,,0.95,0.45,,,,3.95,3.95,,3.95,7.95,7.95,,,,,,,,,3.95,,1.95,0.45,,,0.4,,1.95,1.95,,,,1.45,1.95,0.45,,,,1.95,0.95,,,,,,0.45,,0.4,0.45,,,,,1.95,0.95,,,,,0.45,0.95,0.4,,,,0.4,1.95,1.95,,1.95,,,,,,0.4,,,,,3.95,3.95,1.95,1.95,2.95,1.95,1.95,1.95,1.95,1.95,1.95,2.95,,,1.95,,,0.4,7.95,7.95,,3.95,1.95,,,,,,,0.4,1.95,,0.4,3.95,,,7.95,,0.4,0.4,0.4,0.45,0.4,0.45,0.45,0.95,1.95,1.95,1.95,0.45,0.45,,,,,,,,,,1.95,1.95,1.95,1.95,1.95,1.95,,,,1.95,1.95,0.95,,,3.95,3.95,,0.45,0.45,0.45,1.95,1.95,1.95,1.95,1.95,1.95,,,1.95,,,,,0.45,,,,1.95,,,,1.95,0.4,0.4,1.95,,,,0.95,1.95,,0.45,0.45,1.95
118,10279440,,3.95,,,,,0.95,0.45,,,,3.95,3.95,,3.95,7.95,7.95,,,,,,,,,3.95,,1.95,0.45,,,0.4,,1.95,1.95,,,,1.45,1.95,0.45,,,,1.95,0.95,,,,,,0.45,,0.4,0.45,,,,,1.95,0.95,,,,,0.45,0.95,0.4,,,,0.4,1.95,1.95,,1.95,,,,,,0.4,,,,,3.95,3.95,1.95,1.95,2.95,1.95,1.95,1.95,1.95,1.95,1.95,2.95,,,1.95,,,0.4,7.95,7.95,,3.95,1.95,,,,,,,0.4,1.95,,0.4,3.95,,,7.95,,0.4,0.4,0.4,0.45,0.4,0.45,0.45,0.95,1.95,1.95,1.95,0.45,0.45,,,,,,,,,,1.95,1.95,1.95,1.95,1.95,1.95,,,,1.95,1.95,0.95,,,3.95,3.95,,0.45,0.45,0.45,1.95,1.95,1.95,1.95,1.95,1.95,,,1.95,,,,,0.45,,,,1.95,,,,1.95,0.4,0.4,1.95,,,,0.95,1.95,,0.45,0.45,1.95
118,10279500,,3.95,,,,,0.95,0.45,,,,3.95,3.95,,3.95,7.95,7.95,,,,,,,,,3.95,,1.95,0.45,,,0.4,,1.95,1.95,,,,1.45,1.95,0.45,,,,1.95,0.95,,,,,,0.45,,0.4,0.45,,,,,1.95,0.95,,,,,0.45,0.95,0.4,,,,0.4,1.95,1.95,,1.95,,,,,,0.4,,,,,3.95,3.95,1.95,1.95,2.95,1.95,1.95,1.95,1.95,1.95,1.95,2.95,,,1.95,,,0.4,7.95,7.95,,3.95,1.95,,,,,,,0.4,1.95,,0.4,3.95,,,7.95,,0.4,0.4,0.4,0.45,0.4,0.45,0.45,0.95,1.95,1.95,1.95,0.45,0.45,,,,,,,,,,1.95,1.95,1.95,1.95,1.95,1.95,,,,1.95,1.95,0.95,,,3.95,3.95,,0.45,0.45,0.45,1.95,1.95,1.95,1.95,1.95,1.95,,,1.95,,,,,0.45,,,,1.95,,,,1.95,0.4,0.4,1.95,,,,0.95,1.95,,0.45,0.45,1.95
118,10279560,,3.95,,,,,0.95,0.45,,,,3.95,3.95,,3.95,7.95,7.95,,,,,,,,,3.95,,1.95,0.45,,,0.4,,1.95,1.95,,,,1.45,1.95,0.45,,,,1.95,0.95,,,,,,0.45,,0.4,0.45,,,,,1.95,0.95,,,,,0.45,0.95,0.4,,,,0.4,1.95,1.95,,1.95,,,,,,0.4,,,,,3.95,3.95,1.95,1.95,2.95,1.95,1.95,1.95,1.95,1.95,1.95,2.95,,,1.95,,,0.4,7.95,7.95,,3.95,1.95,,,,,,,0.4,1.95,,0.4,3.95,,,7.95,,0.4,0.4,0.4,0.45,0.4,0.45,0.45,0.95,1.95,1.95,1.95,0.45,0.45,,,,,,,,,,1.95,1.95,1.95,1.95,1.95,1.95,,,,1.95,1.95,0.95,,,3.95,3.95,,0.45,0.45,0.45,1.95,1.95,1.95,1.95,1.95,1.95,,,1.95,,,,,0.45,,,,1.95,,,,1.95,0.4,0.4,1.95,,,,0.95,1.95,,0.45,0.45,1.95
118,10279620,,3.95,,,,,0.95,0.45,,,,3.95,3.95,,3.95,7.95,7.95,,,,,,,,,3.95,,1.95,0.45,,,0.4,,1.95,1.95,,,,1.45,1.95,0.45,,,,1.95,0.95,,,,,,0.45,,0.4,0.45,,,,,1.95,0.95,,,,,0.45,0.95,0.4,,,,0.4,1.95,1.95,,1.95,,,,,,0.4,,,,,3.95,3.95,1.95,1.95,2.95,1.95,1.95,1.95,1.95,1.95,1.95,2.95,,,1.95,,,0.4,7.95,7.95,,3.95,1.95,,,,,,,0.4,1.95,,0.4,3.95,,,7.95,,0.4,0.4,0.4,0.45,0.4,0.45,0.45,0.95,1.95,1.95,1.95,0.45,0.45,,,,,,,,,,1.95,1.95,1.95,1.95,1.95,1.95,,,,1.95,1.95,0.95,,,3.95,3.95,,0.45,0.45,0.45,1.95,1.95,1.95,1.95,1.95,1.95,,,1.95,,,,,0.45,,,,1.95,,,,1.95,0.4,0.4,1.95,,,,0.95,1.95,,0.45,0.45,1.95
118,10279680,,3.95,,,,,0.95,0.45,,,,3.95,3.95,,3.95,7.95,7.95,,,,,,,,,3.95,,1.95,0.45,,,0.4,,1.95,1.95,,,,1.45,1.95,0.45,,,,1.95,0.95,,,,,,0.45,,0.4,0.45,,,,,1.95,0.95,,,,,0.45,0.95,0.4,,,,0.4,1.95,1.95,,1.95,,,,,,0.4,,,,,3.95,3.95,1.95,1.95,2.95,1.95,1.95,1.95,1.95,1.95,1.95,2.95,,,1.95,,,0.4,7.95,7.95,,3.95,1.95,,,,,,,0.4,1.95,,0.4,3.95,,,7.95,,0.4,0.4,0.4,0.45,0.4,0.45,0.45,0.95,1.95,1.95,1.95,0.45,0.45,,,,,,,,,,1.95,1.95,1.95,1.95,1.95,1.95,,,,1.95,1.95,0.95,,,3.95,3.95,,0.45,0.45,0.45,1.95,1.95,1.95,1.95,1.95,1.95,,,1.95,,,,,0.45,,,,1.95,,,,1.95,0.4,0.4,1.95,,,,0.95,1.95,,0.45,0.45,1.95
118,10279740,,3.95,,,,,0.95,0.45,,,,3.95,3.95,,3.95,7.95,7.95,,,,,,,,,3.95,,1.95,0.45,,,0.4,,1.95,1.95,,,,1.45,1.95,0.45,,,,1.95,0.95,,,,,,0.45,,0.4,0.45,,,,,1.95,0.95,,,,,0.45,0.95,0.4,,,,0.4,1.95,1.95,,1.95,,,,,,0.4,,,,,3.95,3.95,1.95,1.95,2.95,1.95,1.95,1.95,1.95,1.95,1.95,2.95,,,1.95,,,0.4,7.95,7.95,,3.95,1.95,,,,,,,0.4,1.95,,0.4,3.95,,,7.95,,0.4,0.4,0.4,0.45,0.4,0.45,0.45,0.95,1.95,1.95,1.95,0.45,0.45,,,,,,,,,,1.95,1.95,1.95,1.95,1.95,1.95,,,,1.95,1.95,0.95,,,3.95,3.95,,0.45,0.45,0.45,1.95,1.95,1.95,1.95,1.95,1.95,,,1.95,,,,,0.45,,,,1.95,,,,1.95,0.4,0.4,1.95,,,,0.95,1.95,,0.45,0.45,1.95
118,10279800,,3.95,,,,,0.95,0.45,,,,3.95,3.95,,3.95,7.95,7.95,,,,,,,,,3.95,,1.95,0.45,,,0.4,,1.95,1.95,,,,1.45,1.95,0.45,,,,1.95,0.95,,,,,,0.45,,0.4,0.45,,,,,1.95,0.95,,,,,0.45,0.95,0.4,,,,0.4,1.95,1.95,,1.95,,,,,,0.4,,,,,3.95,3.95,1.95,1.95,2.95,1.95,1.95,1.95,1.95,1.95,1.95,2.95,,,1.95,,,0.4,7.95,7.95,,3.95,1.95,,,,,,,0.4,1.95,,0.4,3.95,,,7.95,,0.4,0.4,0.4,0.45,0.4,0.45,0.45,0.95,1.95,1.95,1.95,0.45,0.45,,,,,,,,,,1.95,1.95,1.95,1.95,1.95,1.95,,,,1.95,1.95,0.95,,,3.95,3.95,,0.45,0.45,0.45,1.95,1.95,1.95,1.95,1.95,1.95,,,1.95,,,,,0.45,,,,1.95,,,,1.95,0.4,0.4,1.95,,,,0.95,1.95,,0.45,0.45,1.95
118,10279860,,3.95,,,,,0.95,0.45,,,,3.95,3.95,,3.95,7.95,7.95,,,,,,,,,3.95,,1.95,0.45,,,0.4,,1.95,1.95,,,,1.45,1.95,0.45,,,,1.95,0.95,,,,,,0.45,,0.4,0.45,,,,,1.95,0.95,,,,,0.45,0.95,0.4,,,,0.4,1.95,1.95,,1.95,,,,,,0.4,,,,,3.95,3.95,1.95,1.95,2.95,1.95,1.95,1.95,1.95,1.95,1.95,2.95,,,1.95,,,0.4,7.95,7.95,,3.95,1.95,,,,,,,0.4,1.95,,0.4,3.95,,,7.95,,0.4,0.4,0.4,0.45,0.4,0.45,0.45,0.95,1.95,1.95,1.95,0.45,0.45,,,,,,,,,,1.95,1.95,1.95,1.95,1.95,1.95,,,,1.95,1.95,0.95,,,3.95,3.95,,0.45,0.45,0.45,1.95,1.95,1.95,1.95,1.95,1.95,,,1.95,,,,,0.45,,,,1.95,,,,1.95,0.4,0.4,1.95,,,,0.95,1.95,,0.45,0.45,1.95
118,10279920,,3.95,,,,,0.95,0.45,,,,3.95,3.95,,3.95,7.95,7.95,,,,,,,,,3.95,,1.95,0.45,,,0.4,,1.95,1.95,,,,1.45,1.95,0.45,,,,1.95,0.95,,,,,,0.45,,0.4,0.45,,,,,1.95,0.95,,,,,0.45,0.95,0.4,,,,0.4,1.95,1.95,,1.95,,,,,,0.4,,,,,3.95,3.95,1.95,1.95,2.95,1.95,1.95,1.95,1.95,1.95,1.95,2.95,,,1.95,,,0.4,7.95,7.95,,3.95,1.95,,,,,,,0.4,1.95,,0.4,3.95,,,7.95,,0.4,0.4,0.4,0.45,0.4,0.45,0.45,0.95,1.95,1.95,1.95,0.45,0.45,,,,,,,,,,1.95,1.95,1.95,1.95,1.95,1.95,,,,1.95,1.95,0.95,,,3.95,3.95,,0.45,0.45,0.45,1.95,1.95,1.95,1.95,1.95,1.95,,,1.95,,,,,0.45,,,,1.95,,,,1.95,0.4,0.4,1.95,,,,0.95,1.95,,0.45,0.45,1.95
118,10279980,,3.95,,,,,0.95,0.45,,,,3.95,3.95,,3.95,7.95,7.95,,,,,,,,,3.95,,1.95,0.45,,,0.4,,1.95,1.95,,,,1.45,1.95,0.45,,,,1.95,0.95,,,,,,0.45,,0.4,0.45,,,,,1.95,0.95,,,,,0.45,0.95,0.4,,,,0.4,1.95,1.95,,1.95,,,,,,0.4,,,,,3.95,3.95,1.95,1.95,2.95,1.95,1.95,1.95,1.95,1.95,1.95,2.95,,,1.95,,,0.4,7.95,7.95,,3.95,1.95,,,,,,,0.4,1.95,,0.4,3.95,,,7.95,,0.4,0.4,0.4,0.45,0.4,0.45,0.45,0.95,1.95,1.95,1.95,0.45,0.45,,,,,,,,,,1.95,1.95,1.95,1.95,1.95,1.95,,,,1.95,1.95,0.95,,,3.95,3.95,,0.45,0.45,0.45,1.95,1.95,1.95,1.95,1.95,1.95,,,1.95,,,,,0.45,,,,1.95,,,,1.95,0.4,0.4,1.95,,,,0.95,1.95,,0.45,0.45,1.95
118,10280040,,3.95,,,,,0.95,0.45,,,,3.95,3.95,,3.95,7.95,7.95,,,,,,,,,3.95,,1.95,0.45,,,0.4,,1.95,1.95,,,,1.45,1.95,0.45,,,,1.95,0.95,,,,,,0.45,,0.4,0.45,,,,,1.95,0.95,,,,,0.45,0.95,0.4,,,,0.4,1.95,1.95,,1.95,,,,,,0.4,,,,,3.95,3.95,1.95,1.95,2.95,1.95,1.95,1.95,1.95,1.95,1.95,2.95,,,1.95,,,0.4,7.95,7.95,,3.95,1.95,,,,,,,0.4,1.95,,0.4,3.95,,,7.95,,0.4,0.4,0.4,0.45,0.4,0.45,0.45,0.95,1.95,1.95,1.95,0.45,0.45,,,,,,,,,,1.95,1.95,1.95,1.95,1.95,1.95,,,,1.95,1.95,0.95,,,3.95,3.95,,0.45,0.45,0.45,1.95,1.95,1.95,1.95,1.95,1.95,,,1.95,,,,,0.45,,,,1.95,,,,1.95,0.4,0.4,1.95,,,,0.95,1.95,,0.45,0.45,1.95
118,10280100,,3.95,,,,,0.95,0.45,,,,3.95,3.95,,3.95,7.95,7.95,,,,,,,,,3.95,,1.95,0.45,,,0.4,,1.95,1.95,,,,1.45,1.95,0.45,,,,1.95,0.95,,,,,,0.45,,0.4,0.45,,,,,1.95,0.95,,,,,0.45,0.95,0.4,,,,0.4,1.95,1.95,,1.95,,,,,,0.4,,,,,3.95,3.95,1.95,1.95,2.95,1.95,1.95,1.95,1.95,1.95,1.95,2.95,,,1.95,,,0.4,7.95,7.95,,3.95,1.95,,,,,,,0.4,1.95,,0.4,3.95,,,7.95,,0.4,0.4,0.4,0.45,0.4,0.45,0.45,0.95,1.95,1.95,1.95,0.45,0.45,,,,,,,,,,1.95,1.95,1.95,1.95,1.95,1.95,,,,1.95,1.95,0.95,,,3.95,3.95,,0.45,0.45,0.45,1.95,1.95,1.95,1.95,1.95,1.95,,,1.95,,,,,0.45,,,,1.95,,,,1.95,0.4,0.4,1.95,,,,0.95,1.95,,0.45,0.45,1.95
118,10280160,,3.95,,,,,0.95,0.45,,,,3.95,3.95,,3.95,7.95,7.95,,,,,,,,,3.95,,1.95,0.45,,,0.4,,1.95,1.95,,,,1.45,1.95,0.45,,,,1.95,0.95,,,,,,0.45,,0.4,0.45,,,,,1.95,0.95,,,,,0.45,0.95,0.4,,,,0.4,1.95,1.95,,1.95,,,,,,0.4,,,,,3.95,3.95,1.95,1.95,2.95,1.95,1.95,1.95,1.95,1.95,1.95,2.95,,,1.95,,,0.4,7.95,7.95,,3.95,1.95,,,,,,,0.4,1.95,,0.4,3.95,,,7.95,,0.4,0.4,0.4,0.45,0.4,0.45,0.45,0.95,1.95,1.95,1.95,0.45,0.45,,,,,,,,,,1.95,1.95,1.95,1.95,1.95,1.95,,,,1.95,1.95,0.95,,,3.95,3.95,,0.45,0.45,0.45,1.95,1.95,1.95,1.95,1.95,1.95,,,1.95,,,,,0.45,,,,1.95,,,,1.95,0.4,0.4,1.95,,,,0.95,1.95,,0.45,0.45,1.95
118,10280220,,3.95,,,,,0.95,0.45,,,,3.95,3.95,,3.95,7.95,7.95,,,,,,,,,3.95,,1.95,0.45,,,0.4,,1.95,1.95,,,,1.45,1.95,0.45,,,,1.95,0.95,,,,,,0.45,,0.4,0.45,,,,,1.95,0.95,,,,,0.45,0.95,0.4,,,,0.4,1.95,1.95,,1.95,,,,,,0.4,,,,,3.95,3.95,1.95,1.95,2.95,1.95,1.95,1.95,1.95,1.95,1.95,2.95,,,1.95,,,0.4,7.95,7.95,,3.95,1.95,,,,,,,0.4,1.95,,0.4,3.95,,,7.95,,0.4,0.4,0.4,0.45,0.4,0.45,0.45,0.95,1.95,1.95,1.95,0.45,0.45,,,,,,,,,,1.95,1.95,1.95,1.95,1.95,1.95,,,,1.95,1.95,0.95,,,3.95,3.95,,0.45,0.45,0.45,1.95,1.95,1.95,1.95,1.95,1.95,,,1.95,,,,,0.45,,,,1.95,,,,1.95,0.4,0.4,1.95,,,,0.95,1.95,,0.45,0.45,1.95
118,10280280,,3.95,,,,,0.95,0.45,,,,3.95,3.95,,3.95,7.95,7.95,,,,,,,,,3.95,,1.95,0.45,,,0.4,,1.95,1.95,,,,1.45,1.95,0.45,,,,1.95,0.95,,,,,,0.45,,0.4,0.45,,,,,1.95,0.95,,,,,0.45,0.95,0.4,,,,0.4,1.95,1.95,,1.95,,,,,,0.4,,,,,3.95,3.95,1.95,1.95,2.95,1.95,1.95,1.95,1.95,1.95,1.95,2.95,,,1.95,,,0.4,7.95,7.95,,3.95,1.95,,,,,,,0.4,1.95,,0.4,3.95,,,7.95,,0.4,0.4,0.4,0.45,0.4,0.45,0.45,0.95,1.95,1.95,1.95,0.45,0.45,,,,,,,,,,1.95,1.95,1.95,1.95,1.95,1.95,,,,1.95,1.95,0.95,,,3.95,3.95,,0.45,0.45,0.45,1.95,1.95,1.95,1.95,1.95,1.95,,,1.95,,,,,0.45,,,,1.95,,,,1.95,0.4,0.4,1.95,,,,0.95,1.95,,0.45,0.45,1.95
118,10280340,,3.95,,,,,0.95,0.45,,,,3.95,3.95,,3.95,7.95,7.95,,,,,,,,,3.95,,1.95,0.45,,,0.4,,1.95,1.95,,,,1.45,1.95,0.45,,,,1.95,0.95,,,,,,0.45,,0.4,0.45,,,,,1.95,0.95,,,,,0.45,0.95,0.4,,,,0.4,1.95,1.95,,1.95,,,,,,0.4,,,,,3.95,3.95,1.95,1.95,2.95,1.95,1.95,1.95,1.95,1.95,1.95,2.95,,,1.95,,,0.4,7.95,7.95,,3.95,1.95,,,,,,,0.4,1.95,,0.4,3.95,,,7.95,,0.4,0.4,0.4,0.45,0.4,0.45,0.45,0.95,1.95,1.95,1.95,0.45,0.45,,,,,,,,,,1.95,1.95,1.95,1.95,1.95,1.95,,,,1.95,1.95,0.95,,,3.95,3.95,,0.45,0.45,0.45,1.95,1.95,1.95,1.95,1.95,1.95,,,1.95,,,,,0.45,,,,1.95,,,,1.95,0.4,0.4,1.95,,,,0.95,1.95,,0.45,0.45,1.95
118,10280400,,3.95,,,,,0.95,0.45,,,,3.95,3.95,,3.95,7.95,7.95,,,,,,,,,3.95,,1.95,0.45,,,0.4,,1.95,1.95,,,,1.45,1.95,0.45,,,,1.95,0.95,,,,,,0.45,,0.4,0.45,,,,,1.95,0.95,,,,,0.45,0.95,0.4,,,,0.4,1.95,1.95,,1.95,,,,,,0.4,,,,,3.95,3.95,1.95,1.95,2.95,1.95,1.95,1.95,1.95,1.95,1.95,2.95,,,1.95,,,0.4,7.95,7.95,,3.95,1.95,,,,,,,0.4,1.95,,0.4,3.95,,,7.95,,0.4,0.4,0.4,0.45,0.4,0.45,0.45,0.95,1.95,1.95,1.95,0.45,0.45,,,,,,,,,,1.95,1.95,1.95,1.95,1.95,1.95,,,,1.95,1.95,0.95,,,3.95,3.95,,0.45,0.45,0.45,1.95,1.95,1.95,1.95,1.95,1.95,,,1.95,,,,,0.45,,,,1.95,,,,1.95,0.4,0.4,1.95,,,,0.95,1.95,,0.45,0.45,1.95
118,10280460,,3.95,,,,,0.95,0.45,,,,3.95,3.95,,3.95,7.95,7.95,,,,,,,,,3.95,,1.95,0.45,,,0.4,,1.95,1.95,,,,1.45,1.95,0.45,,,,1.95,0.95,,,,,,0.45,,0.4,0.45,,,,,1.95,0.95,,,,,0.45,0.95,0.4,,,,0.4,1.95,1.95,,1.95,,,,,,0.4,,,,,3.95,3.95,1.95,1.95,2.95,1.95,1.95,1.95,1.95,1.95,1.95,2.95,,,1.95,,,0.4,7.95,7.95,,3.95,1.95,,,,,,,0.4,1.95,,0.4,3.95,,,7.95,,0.4,0.4,0.4,0.45,0.4,0.45,0.45,0.95,1.95,1.95,1.95,0.45,0.45,,,,,,,,,,1.95,1.95,1.95,1.95,1.95,1.95,,,,1.95,1.95,0.95,,,3.95,3.95,,0.45,0.45,0.45,1.95,1.95,1.95,1.95,1.95,1.95,,,1.95,,,,,0.45,,,,1.95,,,,1.95,0.4,0.4,1.95,,,,0.95,1.95,,0.45,0.45,1.95
118,10280520,,3.95,,,,,0.95,0.45,,,,3.95,3.95,,3.95,7.95,7.95,,,,,,,,,3.95,,1.95,0.45,,,0.4,,1.95,1.95,,,,1.45,1.95,0.45,,,,1.95,0.95,,,,,,0.45,,0.4,0.45,,,,,1.95,0.95,,,,,0.45,0.95,0.4,,,,0.4,1.95,1.95,,1.95,,,,,,0.4,,,,,3.95,3.95,1.95,1.95,2.95,1.95,1.95,1.95,1.95,1.95,1.95,2.95,,,1.95,,,0.4,7.95,7.95,,3.95,1.95,,,,,,,0.4,1.95,,0.4,3.95,,,7.95,,0.4,0.4,0.4,0.45,0.4,0.45,0.45,0.95,1.95,1.95,1.95,0.45,0.45,,,,,,,,,,1.95,1.95,1.95,1.95,1.95,1.95,,,,1.95,1.95,0.95,,,3.95,3.95,,0.45,0.45,0.45,1.95,1.95,1.95,1.95,1.95,1.95,,,1.95,,,,,0.45,,,,1.95,,,,1.95,0.4,0.4,1.95,,,,0.95,1.95,,0.45,0.45,1.95
118,10280580,,3.95,,,,,0.95,0.45,,,,3.95,3.95,,3.95,7.95,7.95,,,,,,,,,3.95,,1.95,0.45,,,0.4,,1.95,1.95,,,,1.45,1.95,0.45,,,,1.95,0.95,,,,,,0.45,,0.4,0.45,,,,,1.95,0.95,,,,,0.45,0.95,0.4,,,,0.4,1.95,1.95,,1.95,,,,,,0.4,,,,,3.95,3.95,1.95,1.95,2.95,1.95,1.95,1.95,1.95,1.95,1.95,2.95,,,1.95,,,0.4,7.95,7.95,,3.95,1.95,,,,,,,0.4,1.95,,0.4,3.95,,,7.95,,0.4,0.4,0.4,0.45,0.4,0.45,0.45,0.95,1.95,1.95,1.95,0.45,0.45,,,,,,,,,,1.95,1.95,1.95,1.95,1.95,1.95,,,,1.95,1.95,0.95,,,3.95,3.95,,0.45,0.45,0.45,1.95,1.95,1.95,1.95,1.95,1.95,,,1.95,,,,,0.45,,,,1.95,,,,1.95,0.4,0.4,1.95,,,,0.95,1.95,,0.45,0.45,1.95
118,10280640,,3.95,,,,,0.95,0.45,,,,3.95,3.95,,3.95,7.95,7.95,,,,,,,,,3.95,,1.95,0.45,,,0.4,,1.95,1.95,,,,1.45,1.95,0.45,,,,1.95,0.95,,,,,,0.45,,0.4,0.45,,,,,1.95,0.95,,,,,0.45,0.95,0.4,,,,0.4,1.95,1.95,,1.95,,,,,,0.4,,,,,3.95,3.95,1.95,1.95,2.95,1.95,1.95,1.95,1.95,1.95,1.95,2.95,,,1.95,,,0.4,7.95,7.95,,3.95,1.95,,,,,,,0.4,1.95,,0.4,3.95,,,7.95,,0.4,0.4,0.4,0.45,0.4,0.45,0.45,0.95,1.95,1.95,1.95,0.45,0.45,,,,,,,,,,1.95,1.95,1.95,1.95,1.95,1.95,,,,1.95,1.95,0.95,,,3.95,3.95,,0.45,0.45,0.45,1.95,1.95,1.95,1.95,1.95,1.95,,,1.95,,,,,0.45,,,,1.95,,,,1.95,0.4,0.4,1.95,,,,0.95,1.95,,0.45,0.45,1.95
118,10280700,,3.95,,,,,0.95,0.45,,,,3.95,3.95,,3.95,7.95,7.95,,,,,,,,,3.95,,1.95,0.45,,,0.4,,1.95,1.95,,,,1.45,1.95,0.45,,,,1.95,0.95,,,,,,0.45,,0.4,0.45,,,,,1.95,0.95,,,,,0.45,0.95,0.4,,,,0.4,1.95,1.95,,1.95,,,,,,0.4,,,,,3.95,3.95,1.95,1.95,2.95,1.95,1.95,1.95,1.95,1.95,1.95,2.95,,,1.95,,,0.4,7.95,7.95,,3.95,1.95,,,,,,,0.4,1.95,,0.4,3.95,,,7.95,,0.4,0.4,0.4,0.45,0.4,0.45,0.45,0.95,1.95,1.95,1.95,0.45,0.45,,,,,,,,,,1.95,1.95,1.95,1.95,1.95,1.95,,,,1.95,1.95,0.95,,,3.95,3.95,,0.45,0.45,0.45,1.95,1.95,1.95,1.95,1.95,1.95,,,1.95,,,,,0.45,,,,1.95,,,,1.95,0.4,0.4,1.95,,,,0.95,1.95,,0.45,0.45,1.95
118,10280760,,3.95,,,,,0.95,0.45,,,,3.95,3.95,,3.95,7.95,7.95,,,,,,,,,3.95,,1.95,0.45,,,0.4,,1.95,1.95,,,,1.45,1.95,0.45,,,,1.95,0.95,,,,,,0.45,,0.4,0.45,,,,,1.95,0.95,,,,,0.45,0.95,0.4,,,,0.4,1.95,1.95,,1.95,,,,,,0.4,,,,,3.95,3.95,1.95,1.95,2.95,1.95,1.95,1.95,1.95,1.95,1.95,2.95,,,1.95,,,0.4,7.95,7.95,,3.95,1.95,,,,,,,0.4,1.95,,0.4,3.95,,,7.95,,0.4,0.4,0.4,0.45,0.4,0.45,0.45,0.95,1.95,1.95,1.95,0.45,0.45,,,,,,,,,,1.95,1.95,1.95,1.95,1.95,1.95,,,,1.95,1.95,0.95,,,3.95,3.95,,0.45,0.45,0.45,1.95,1.95,1.95,1.95,1.95,1.95,,,1.95,,,,,0.45,,,,1.95,,,,1.95,0.4,0.4,1.95,,,,0.95,1.95,,0.45,0.45,1.95
118,10280820,,3.95,,,,,0.95,0.45,,,,3.95,3.95,,3.95,7.95,7.95,,,,,,,,,3.95,,1.95,0.45,,,0.4,,1.95,1.95,,,,1.45,1.95,0.45,,,,1.95,0.95,,,,,,0.45,,0.4,0.45,,,,,1.95,0.95,,,,,0.45,0.95,0.4,,,,0.4,1.95,1.95,,1.95,,,,,,0.4,,,,,3.95,3.95,1.95,1.95,2.95,1.95,1.95,1.95,1.95,1.95,1.95,2.95,,,1.95,,,0.4,7.95,7.95,,3.95,1.95,,,,,,,0.4,1.95,,0.4,3.95,,,7.95,,0.4,0.4,0.4,0.45,0.4,0.45,0.45,0.95,1.95,1.95,1.95,0.45,0.45,,,,,,,,,,1.95,1.95,1.95,1.95,1.95,1.95,,,,1.95,1.95,0.95,,,3.95,3.95,,0.45,0.45,0.45,1.95,1.95,1.95,1.95,1.95,1.95,,,1.95,,,,,0.45,,,,1.95,,,,1.95,0.4,0.4,1.95,,,,0.95,1.95,,0.45,0.45,1.95
118,10280880,,3.95,,,,,0.95,0.45,,,,3.95,3.95,,3.95,7.95,7.95,,,,,,,,,3.95,,1.95,0.45,,,0.4,,1.95,1.95,,,,1.45,1.95,0.45,,,,1.95,0.95,,,,,,0.45,,0.4,0.45,,,,,1.95,0.95,,,,,0.45,0.95,0.4,,,,0.4,1.95,1.95,,1.95,,,,,,0.4,,,,,3.95,3.95,1.95,1.95,2.95,1.95,1.95,1.95,1.95,1.95,1.95,2.95,,,1.95,,,0.4,7.95,7.95,,3.95,1.95,,,,,,,0.4,1.95,,0.4,3.95,,,7.95,,0.4,0.4,0.4,0.45,0.4,0.45,0.45,0.95,1.95,1.95,1.95,0.45,0.45,,,,,,,,,,1.95,1.95,1.95,1.95,1.95,1.95,,,,1.95,1.95,0.95,,,3.95,3.95,,0.45,0.45,0.45,1.95,1.95,1.95,1.95,1.95,1.95,,,1.95,,,,,0.45,,,,1.95,,,,1.95,0.4,0.4,1.95,,,,0.95,1.95,,0.45,0.45,1.95
118,10280940,,3.95,,,,,0.95,0.45,,,,3.95,3.95,,3.95,7.95,7.95,,,,,,,,,3.95,,1.95,0.45,,,0.4,,1.95,1.95,,,,1.45,1.95,0.45,,,,1.95,0.95,,,,,,0.45,,0.4,0.45,,,,,1.95,0.95,,,,,0.45,0.95,0.4,,,,0.4,1.95,1.95,,1.95,,,,,,0.4,,,,,3.95,3.95,1.95,1.95,2.95,1.95,1.95,1.95,1.95,1.95,1.95,2.95,,,1.95,,,0.4,7.95,7.95,,3.95,1.95,,,,,,,0.4,1.95,,0.4,3.95,,,7.95,,0.4,0.4,0.4,0.45,0.4,0.45,0.45,0.95,1.95,1.95,1.95,0.45,0.45,,,,,,,,,,1.95,1.95,1.95,1.95,1.95,1.95,,,,1.95,1.95,0.95,,,3.95,3.95,,0.45,0.45,0.45,1.95,1.95,1.95,1.95,1.95,1.95,,,1.95,,,,,0.45,,,,1.95,,,,1.95,0.4,0.4,1.95,,,,0.95,1.95,,0.45,0.45,1.95
118,10281000,,3.95,,,,,0.95,0.45,,,,3.95,3.95,,3.95,7.95,7.95,,,,,,,,,3.95,,1.95,0.45,,,0.4,,1.95,1.95,,,,1.45,1.95,0.45,,,,1.95,0.95,,,,,,0.45,,0.4,0.45,,,,,1.95,0.95,,,,,0.45,0.95,0.4,,,,0.4,1.95,1.95,,1.95,,,,,,0.4,,,,,3.95,3.95,1.95,1.95,2.95,1.95,1.95,1.95,1.95,1.95,1.95,2.95,,,1.95,,,0.4,7.95,7.95,,3.95,1.95,,,,,,,0.4,1.95,,0.4,3.95,,,7.95,,0.4,0.4,0.4,0.45,0.4,0.45,0.45,0.95,1.95,1.95,1.95,0.45,0.45,,,,,,,,,,1.95,1.95,1.95,1.95,1.95,1.95,,,,1.95,1.95,0.95,,,3.95,3.95,,0.45,0.45,0.45,1.95,1.95,1.95,1.95,1.95,1.95,,,1.95,,,,,0.45,,,,1.95,,,,1.95,0.4,0.4,1.95,,,,0.95,1.95,,0.45,0.45,1.95
118,10281060,,3.95,,,,,0.95,0.45,,,,3.95,3.95,,3.95,7.95,7.95,,,,,,,,,3.95,,1.95,0.45,,,0.4,,1.95,1.95,,,,1.45,1.95,0.45,,,,1.95,0.95,,,,,,0.45,,0.4,0.45,,,,,1.95,0.95,,,,,0.45,0.95,0.4,,,,0.4,1.95,1.95,,1.95,,,,,,0.4,,,,,3.95,3.95,1.95,1.95,2.95,1.95,1.95,1.95,1.95,1.95,1.95,2.95,,,1.95,,,0.4,7.95,7.95,,3.95,1.95,,,,,,,0.4,1.95,,0.4,3.95,,,7.95,,0.4,0.4,0.4,0.45,0.4,0.45,0.45,0.95,1.95,1.95,1.95,0.45,0.45,,,,,,,,,,1.95,1.95,1.95,1.95,1.95,1.95,,,,1.95,1.95,0.95,,,3.95,3.95,,0.45,0.45,0.45,1.95,1.95,1.95,1.95,1.95,1.95,,,1.95,,,,,0.45,,,,1.95,,,,1.95,0.4,0.4,1.95,,,,0.95,1.95,,0.45,0.45,1.95
118,10281120,,3.95,,,,,0.95,0.45,,,,3.95,3.95,,3.95,7.95,7.95,,,,,,,,,3.95,,1.95,0.45,,,0.4,,1.95,1.95,,,,1.45,1.95,0.45,,,,1.95,0.95,,,,,,0.45,,0.4,0.45,,,,,1.95,0.95,,,,,0.45,0.95,0.4,,,,0.4,1.95,1.95,,1.95,,,,,,0.4,,,,,3.95,3.95,1.95,1.95,2.95,1.95,1.95,1.95,1.95,1.95,1.95,2.95,,,1.95,,,0.4,7.95,7.95,,3.95,1.95,,,,,,,0.4,1.95,,0.4,3.95,,,7.95,,0.4,0.4,0.4,0.45,0.4,0.45,0.45,0.95,1.95,1.95,1.95,0.45,0.45,,,,,,,,,,1.95,1.95,1.95,1.95,1.95,1.95,,,,1.95,1.95,0.95,,,3.95,3.95,,0.45,0.45,0.45,1.95,1.95,1.95,1.95,1.95,1.95,,,1.95,,,,,0.45,,,,1.95,,,,1.95,0.4,0.4,1.95,,,,0.95,1.95,,0.45,0.45,1.95
118,10281180,,3.95,,,,,0.95,0.45,,,,3.95,3.95,,3.95,7.95,7.95,,,,,,,,,3.95,,1.95,0.45,,,0.4,,1.95,1.95,,,,1.45,1.95,0.45,,,,1.95,0.95,,,,,,0.45,,0.4,0.45,,,,,1.95,0.95,,,,,0.45,0.95,0.4,,,,0.4,1.95,1.95,,1.95,,,,,,0.4,,,,,3.95,3.95,1.95,1.95,2.95,1.95,1.95,1.95,1.95,1.95,1.95,2.95,,,1.95,,,0.4,7.95,7.95,,3.95,1.95,,,,,,,0.4,1.95,,0.4,3.95,,,7.95,,0.4,0.4,0.4,0.45,0.4,0.45,0.45,0.95,1.95,1.95,1.95,0.45,0.45,,,,,,,,,,1.95,1.95,1.95,1.95,1.95,1.95,,,,1.95,1.95,0.95,,,3.95,3.95,,0.45,0.45,0.45,1.95,1.95,1.95,1.95,1.95,1.95,,,1.95,,,,,0.45,,,,1.95,,,,1.95,0.4,0.4,1.95,,,,0.95,1.95,,0.45,0.45,1.95
118,10281240,,3.95,,,,,0.95,0.45,,,,3.95,3.95,,3.95,7.95,7.95,,,,,,,,,3.95,,1.95,0.45,,,0.4,,1.95,1.95,,,,1.45,1.95,0.45,,,,1.95,0.95,,,,,,0.45,,0.4,0.45,,,,,1.95,0.95,,,,,0.45,0.95,0.4,,,,0.4,1.95,1.95,,1.95,,,,,,0.4,,,,,3.95,3.95,1.95,1.95,2.95,1.95,1.95,1.95,1.95,1.95,1.95,2.95,,,1.95,,,0.4,7.95,7.95,,3.95,1.95,,,,,,,0.4,1.95,,0.4,3.95,,,7.95,,0.4,0.4,0.4,0.45,0.4,0.45,0.45,0.95,1.95,1.95,1.95,0.45,0.45,,,,,,,,,,1.95,1.95,1.95,1.95,1.95,1.95,,,,1.95,1.95,0.95,,,3.95,3.95,,0.45,0.45,0.45,1.95,1.95,1.95,1.95,1.95,1.95,,,1.95,,,,,0.45,,,,1.95,,,,1.95,0.4,0.4,1.95,,,,0.95,1.95,,0.45,0.45,1.95
118,10281300,,3.95,,,,,0.95,0.45,,,,3.95,3.95,,3.95,7.95,7.95,,,,,,,,,3.95,,1.95,0.45,,,0.4,,1.95,1.95,,,,1.45,1.95,0.45,,,,1.95,0.95,,,,,,0.45,,0.4,0.45,,,,,1.95,0.95,,,,,0.45,0.95,0.4,,,,0.4,1.95,1.95,,1.95,,,,,,0.4,,,,,3.95,3.95,1.95,1.95,2.95,1.95,1.95,1.95,1.95,1.95,1.95,2.95,,,1.95,,,0.4,7.95,7.95,,3.95,1.95,,,,,,,0.4,1.95,,0.4,3.95,,,7.95,,0.4,0.4,0.4,0.45,0.4,0.45,0.45,0.95,1.95,1.95,1.95,0.45,0.45,,,,,,,,,,1.95,1.95,1.95,1.95,1.95,1.95,,,,1.95,1.95,0.95,,,3.95,3.95,,0.45,0.45,0.45,1.95,1.95,1.95,1.95,1.95,1.95,,,1.95,,,,,0.45,,,,1.95,,,,1.95,0.4,0.4,1.95,,,,0.95,1.95,,0.45,0.45,1.95
118,10281360,,3.95,,,,,0.95,0.45,,,,3.95,3.95,,3.95,7.95,7.95,,,,,,,,,3.95,,1.95,0.45,,,0.4,,1.95,1.95,,,,1.45,1.95,0.45,,,,1.95,0.95,,,,,,0.45,,0.4,0.45,,,,,1.95,0.95,,,,,0.45,0.95,0.4,,,,0.4,1.95,1.95,,1.95,,,,,,0.4,,,,,3.95,3.95,1.95,1.95,2.95,1.95,1.95,1.95,1.95,1.95,1.95,2.95,,,1.95,,,0.4,7.95,7.95,,3.95,1.95,,,,,,,0.4,1.95,,0.4,3.95,,,7.95,,0.4,0.4,0.4,0.45,0.4,0.45,0.45,0.95,1.95,1.95,1.95,0.45,0.45,,,,,,,,,,1.95,1.95,1.95,1.95,1.95,1.95,,,,1.95,1.95,0.95,,,3.95,3.95,,0.45,0.45,0.45,1.95,1.95,1.95,1.95,1.95,1.95,,,1.95,,,,,0.45,,,,1.95,,,,1.95,0.4,0.4,1.95,,,,0.95,1.95,,0.45,0.45,1.95
118,10281420,,3.95,,,,,0.95,0.45,,,,3.95,3.95,,3.95,7.95,7.95,,,,,,,,,3.95,,1.95,0.45,,,0.4,,1.95,1.95,,,,1.45,1.95,0.45,,,,1.95,0.95,,,,,,0.45,,0.4,0.45,,,,,1.95,0.95,,,,,0.45,0.95,0.4,,,,0.4,1.95,1.95,,1.95,,,,,,0.4,,,,,3.95,3.95,1.95,1.95,2.95,1.95,1.95,1.95,1.95,1.95,1.95,2.95,,,1.95,,,0.4,7.95,7.95,,3.95,1.95,,,,,,,0.4,1.95,,0.4,3.95,,,7.95,,0.4,0.4,0.4,0.45,0.4,0.45,0.45,0.95,1.95,1.95,1.95,0.45,0.45,,,,,,,,,,1.95,1.95,1.95,1.95,1.95,1.95,,,,1.95,1.95,0.95,,,3.95,3.95,,0.45,0.45,0.45,1.95,1.95,1.95,1.95,1.95,1.95,,,1.95,,,,,0.45,,,,1.95,,,,1.95,0.4,0.4,1.95,,,,0.95,1.95,,0.45,0.45,1.95
118,10281480,,3.95,,,,,0.95,0.45,,,,3.95,3.95,,3.95,7.95,7.95,,,,,,,,,3.95,,1.95,0.45,,,0.4,,1.95,1.95,,,,1.45,1.95,0.45,,,,1.95,0.95,,,,,,0.45,,0.4,0.45,,,,,1.95,0.95,,,,,0.45,0.95,0.4,,,,0.4,1.95,1.95,,1.95,,,,,,0.4,,,,,3.95,3.95,1.95,1.95,2.95,1.95,1.95,1.95,1.95,1.95,1.95,2.95,,,1.95,,,0.4,7.95,7.95,,3.95,1.95,,,,,,,0.4,1.95,,0.4,3.95,,,7.95,,0.4,0.4,0.4,0.45,0.4,0.45,0.45,0.95,1.95,1.95,1.95,0.45,0.45,,,,,,,,,,1.95,1.95,1.95,1.95,1.95,1.95,,,,1.95,1.95,0.95,,,3.95,3.95,,0.45,0.45,0.45,1.95,1.95,1.95,1.95,1.95,1.95,,,1.95,,,,,0.45,,,,1.95,,,,1.95,0.4,0.4,1.95,,,,0.95,1.95,,0.45,0.45,1.95
118,10281540,,3.95,,,,,0.95,0.45,,,,3.95,3.95,,3.95,7.95,7.95,,,,,,,,,3.95,,1.95,0.45,,,0.4,,1.95,1.95,,,,1.45,1.95,0.45,,,,1.95,0.95,,,,,,0.45,,0.4,0.45,,,,,1.95,0.95,,,,,0.45,0.95,0.4,,,,0.4,1.95,1.95,,1.95,,,,,,0.4,,,,,3.95,3.95,1.95,1.95,2.95,1.95,1.95,1.95,1.95,1.95,1.95,2.95,,,1.95,,,0.4,7.95,7.95,,3.95,1.95,,,,,,,0.4,1.95,,0.4,3.95,,,7.95,,0.4,0.4,0.4,0.45,0.4,0.45,0.45,0.95,1.95,1.95,1.95,0.45,0.45,,,,,,,,,,1.95,1.95,1.95,1.95,1.95,1.95,,,,1.95,1.95,0.95,,,3.95,3.95,,0.45,0.45,0.45,1.95,1.95,1.95,1.95,1.95,1.95,,,1.95,,,,,0.45,,,,1.95,,,,1.95,0.4,0.4,1.95,,,,0.95,1.95,,0.45,0.45,1.95
