day,time,0,1,2,3,4,5,6,7,8,9,10,11,12,13,14,15,16,17,18,19,20,21,22,23,24,25,26,27,28,29,30,31,32,33,34,35,36,37,38,39,40,41,42,43,44,45,46,47,48,49,50,51,52,53,54,55,56,57,58,59,60,61,62,63,64,65,66,67,68,69,70,71,72,73,74,75,76,77,78,79,80,81,82,83,84,85,86,87,88,89,90,91,92,93,94,95,96,97,98,99,100,101,102,103,104,105,106,107,108,109,110,111,112,113,114,115,116,117,118,119,120,121,122,123,124,125,126,127,128,129,130,131,132,133,134,135,136,137,138,139,140,141,142,143,144,145,146,147,148,149,150,151,152,153,154,155,156,157,158,159,160,161,162,163,164,165,166,167,168,169,170,171,172,173,174,175,176,177,178,179,180,181,182,183,184,185,186,187,188,189,190,191,192,193,194,195,196,197,198,199
162,13996800,,0.568,0.57,,,,0.176,,,,,0.073,0.184,,0.201,0.159,,0.155,,,,,,,,0.456,,0.391,0.204,,,0.097,,0.389,0.271,,,,0.188,0.124,0.168,,,,0.078,0.507,0.524,0.489,,,0.225,0.24,,0.093,,,,,,0.202,0.154,,,,0.202,0.168,0.055,0.124,,,,0.102,0.197,0.185,,0.388,,,,,,0.094,,,,,0.129,0.06,0.461,0.558,0.038,0.101,0.499,0.237,0.518,0.071,0.172,0.123,,,0.186,,,0.096,0.029,0.017,,0.159,0.216,,,,,,,,0.209,,0.093,0.918,,,0.027,,0.093,,0.087,0.169,0.091,0.164,0.136,0.363,0.562,0.238,0.114,0.159,0.139,,,,,,,,,,0.279,0.204,0.11,0.143,0.427,,,,,0.109,0.178,0.586,,,0.538,0.619,,0.144,0.15,0.195,0.64,0.638,0.16,0.138,0.626,0.186,,,0.221,,,,,0.156,,,,0.199,,0.105,,0.147,0.114,0.115,0.092,,,,0.455,0.095,,,0.127,0.116
162,13996860,,0.568,0.57,,,,0.176,,,,,0.104,0.099,,0.201,0.155,,0.155,,,,,,,,0.456,,0.421,0.204,,,0.096,,0.389,0.267,,,,0.185,0.124,0.168,,,,0.078,0.507,0.524,0.489,,,0.225,0.24,,0.093,,,,,,0.201,0.154,,,,0.202,0.167,0.055,0.125,,,,0.102,0.194,0.183,,0.387,,,,,,0.095,,,,,0.128,0.06,0.465,0.579,0.038,0.101,0.495,0.234,0.516,0.071,0.171,0.122,,,0.186,,,0.096,0.041,0.064,,0.202,0.216,,,,,,,,0.207,,0.094,0.919,,,0.027,,0.094,,0.09,0.167,0.092,0.157,0.134,0.363,0.576,0.245,0.116,0.158,0.139,,,,,,,,,,0.249,0.196,0.11,0.143,0.429,,,,,0.109,0.178,0.586,,,0.538,0.619,,0.145,0.15,0.195,0.64,0.638,0.16,0.138,0.631,0.187,,,0.222,,,,,0.157,,,,0.203,,0.105,,0.149,0.112,0.114,0.092,,,,0.458,0.095,,,0.127,0.115
162,13996920,,0.567,0.57,,,,0.176,,,,,0.072,0.158,,0.2,0.155,,0.155,,,,,,,,0.457,,0.403,0.203,,,0.096,,0.389,0.267,,,,0.18,0.124,0.168,,,,0.078,0.507,0.524,0.489,,,0.225,0.24,,0.094,,,,,,0.198,0.154,,,,0.202,0.168,0.055,0.124,,,,0.1,0.185,0.174,,0.382,,,,,,0.095,,,,,0.127,0.06,0.453,0.554,0.038,0.101,0.495,0.235,0.518,0.071,0.171,0.124,,,0.186,,,0.097,0.028,0.015,,0.077,0.216,,,,,,,,0.21,,0.093,0.924,,,0.026,,0.095,,0.09,0.169,0.093,0.159,0.133,0.363,0.583,0.239,0.113,0.158,0.139,,,,,,,,,,0.235,0.182,0.11,0.143,0.427,,,,,0.108,0.178,0.586,,,0.538,0.619,,0.145,0.15,0.195,0.64,0.638,0.16,0.138,0.644,0.188,,,0.223,,,,,0.159,,,,0.199,,0.104,,0.163,0.114,0.115,0.092,,,,0.455,0.095,,,0.127,0.115
162,13996980,,0.567,0.57,,,,0.176,,,,,0.077,0.136,,0.2,0.157,,0.155,,,,,,,,0.457,,0.393,0.204,,,0.096,,0.389,0.267,,,,0.18,0.124,0.169,,,,0.078,0.507,0.524,0.489,,,0.224,0.24,,0.093,,,,,,0.193,0.154,,,,0.202,0.168,0.055,0.125,,,,0.101,0.177,0.163,,0.373,,,,,,0.095,,,,,0.125,0.06,0.445,0.563,0.038,0.101,0.494,0.233,0.519,0.071,0.173,0.123,,,0.184,,,0.096,0.025,0.015,,0.056,0.215,,,,,,,,0.211,,0.094,0.923,,,0.026,,0.093,,0.091,0.169,0.093,0.157,0.133,0.363,0.564,0.236,0.11,0.158,0.139,,,,,,,,,,0.226,0.176,0.11,0.143,0.427,,,,,0.108,0.178,0.587,,,0.538,0.619,,0.146,0.15,0.194,0.64,0.638,0.16,0.138,0.645,0.187,,,0.228,,,,,0.159,,,,0.191,,0.104,,0.165,0.115,0.116,0.092,,,,0.452,0.095,,,0.127,0.115
162,13997040,,0.567,0.57,,,,0.176,,,,,0.072,0.06,,0.2,0.159,,0.155,,,,,,,,0.456,,0.385,0.201,,,0.097,,0.389,0.27,,,,0.179,0.124,0.17,,,,0.078,0.507,0.524,0.489,,,0.224,0.24,,0.093,,,,,,0.199,0.153,,,,0.202,0.168,0.055,0.124,,,,0.101,0.175,0.159,,0.362,,,,,,0.094,,,,,0.126,0.06,0.438,0.561,0.038,0.101,0.496,0.233,0.519,0.071,0.171,0.122,,,0.183,,,0.096,0.031,0.037,,0.044,0.215,,,,,,,,0.206,,0.094,0.921,,,0.028,,0.094,,0.09,0.169,0.092,0.157,0.134,0.363,0.593,0.233,0.111,0.159,0.134,,,,,,,,,,0.225,0.176,0.11,0.143,0.426,,,,,0.108,0.178,0.587,,,0.538,0.619,,0.145,0.152,0.194,0.64,0.638,0.16,0.137,0.64,0.187,,,0.23,,,,,0.157,,,,0.188,,0.104,,0.164,0.115,0.115,0.092,,,,0.452,0.095,,,0.127,0.115
162,13997100,,0.567,0.57,,,,0.176,,,,,0.074,0.049,,0.2,0.146,,0.155,,,,,,,,0.456,,0.423,0.204,,,0.095,,0.39,0.274,,,,0.179,0.124,0.169,,,,0.078,0.505,0.524,0.489,,,0.224,0.24,,0.093,,,,,,0.203,0.153,,,,0.202,0.168,0.055,0.123,,,,0.102,0.174,0.158,,0.358,,,,,,0.094,,,,,0.127,0.06,0.45,0.552,0.037,0.101,0.487,0.229,0.516,0.071,0.171,0.121,,,0.183,,,0.097,0.028,0.043,,0.044,0.213,,,,,,,,0.215,,0.094,0.924,,,0.027,,0.095,,0.09,0.168,0.092,0.157,0.134,0.363,0.605,0.235,0.112,0.158,0.134,,,,,,,,,,0.225,0.176,0.109,0.143,0.426,,,,,0.108,0.178,0.587,,,0.538,0.619,,0.144,0.153,0.194,0.64,0.638,0.16,0.137,0.64,0.186,,,0.231,,,,,0.158,,,,0.184,,0.104,,0.161,0.113,0.116,0.098,,,,0.454,0.095,,,0.127,0.115
162,13997160,,0.567,0.57,,,,0.176,,,,,0.073,0.165,,0.201,0.151,,0.155,,,,,,,,0.456,,0.438,0.204,,,0.096,,0.39,0.275,,,,0.179,0.125,0.168,,,,0.077,0.505,0.524,0.489,,,0.224,0.24,,0.095,,,,,,0.226,0.153,,,,0.202,0.168,0.055,0.124,,,,0.101,0.173,0.158,,0.358,,,,,,0.095,,,,,0.125,0.06,0.394,0.57,0.037,0.101,0.496,0.228,0.517,0.071,0.17,0.121,,,0.185,,,0.096,0.024,0.016,,0.044,0.213,,,,,,,,0.208,,0.094,0.926,,,0.027,,0.095,,0.092,0.169,0.093,0.158,0.135,0.363,0.597,0.237,0.111,0.159,0.133,,,,,,,,,,0.222,0.175,0.109,0.143,0.426,,,,,0.108,0.178,0.587,,,0.538,0.619,,0.145,0.154,0.195,0.64,0.638,0.16,0.137,0.643,0.186,,,0.235,,,,,0.157,,,,0.182,,0.104,,0.158,0.114,0.115,0.106,,,,0.456,0.096,,,0.127,0.115
162,13997220,,0.567,0.57,,,,0.176,,,,,0.073,0.063,,0.202,0.149,,0.155,,,,,,,,0.456,,0.438,0.204,,,0.097,,0.39,0.274,,,,0.18,0.124,0.169,,,,0.078,0.505,0.524,0.489,,,0.224,0.24,,0.092,,,,,,0.213,0.153,,,,0.202,0.169,0.055,0.124,,,,0.102,0.173,0.157,,0.355,,,,,,0.095,,,,,0.126,0.06,0.425,0.579,0.037,0.101,0.496,0.23,0.519,0.071,0.172,0.123,,,0.185,,,0.096,0.033,0.023,,0.046,0.213,,,,,,,,0.205,,0.095,0.939,,,0.027,,0.094,,0.092,0.162,0.093,0.157,0.136,0.363,0.595,0.222,0.115,0.158,0.134,,,,,,,,,,0.222,0.175,0.109,0.143,0.425,,,,,0.108,0.177,0.587,,,0.538,0.619,,0.145,0.151,0.194,0.64,0.638,0.16,0.137,0.656,0.188,,,0.23,,,,,0.156,,,,0.179,,0.105,,0.155,0.115,0.116,0.105,,,,0.457,0.096,,,0.127,0.115
162,13997280,,0.567,0.57,,,,0.176,,,,,0.073,0.037,,0.202,0.149,,0.155,,,,,,,,0.457,,0.431,0.204,,,0.096,,0.39,0.271,,,,0.18,0.124,0.169,,,,0.078,0.505,0.524,0.49,,,0.224,0.24,,0.093,,,,,,0.2,0.153,,,,0.202,0.169,0.055,0.125,,,,0.102,0.173,0.157,,0.354,,,,,,0.095,,,,,0.124,0.06,0.435,0.577,0.037,0.101,0.491,0.226,0.519,0.071,0.17,0.122,,,0.184,,,0.096,0.034,0.053,,0.04,0.212,,,,,,,,0.199,,0.094,0.934,,,0.027,,0.094,,0.091,0.167,0.093,0.157,0.138,0.363,0.598,0.23,0.11,0.158,0.134,,,,,,,,,,0.203,0.174,0.109,0.143,0.42,,,,,0.108,0.177,0.587,,,0.538,0.619,,0.145,0.151,0.195,0.64,0.638,0.16,0.137,0.661,0.188,,,0.226,,,,,0.156,,,,0.18,,0.105,,0.149,0.113,0.117,0.102,,,,0.456,0.095,,,0.127,0.115
162,13997340,,0.567,0.57,,,,0.176,,,,,0.073,0.044,,0.202,0.154,,0.155,,,,,,,,0.456,,0.436,0.204,,,0.095,,0.39,0.272,,,,0.18,0.124,0.169,,,,0.078,0.506,0.524,0.489,,,0.224,0.24,,0.093,,,,,,0.199,0.153,,,,0.202,0.168,0.055,0.124,,,,0.103,0.173,0.157,,0.349,,,,,,0.095,,,,,0.127,0.06,0.444,0.563,0.037,0.101,0.496,0.227,0.517,0.071,0.171,0.122,,,0.186,,,0.097,0.037,0.017,,0.099,0.212,,,,,,,,0.193,,0.095,0.926,,,0.027,,0.095,,0.091,0.168,0.093,0.157,0.13,0.363,0.587,0.223,0.111,0.159,0.134,,,,,,,,,,0.209,0.174,0.109,0.143,0.421,,,,,0.108,0.177,0.587,,,0.538,0.619,,0.146,0.151,0.195,0.64,0.638,0.16,0.137,0.656,0.189,,,0.222,,,,,0.157,,,,0.18,,0.105,,0.147,0.113,0.116,0.098,,,,0.458,0.096,,,0.127,0.115
162,13997400,,0.567,0.57,,,,0.176,,,,,0.072,0.137,,0.201,0.153,,0.155,,,,,,,,0.457,,0.431,0.205,,,0.097,,0.39,0.272,,,,0.18,0.125,0.169,,,,0.078,0.506,0.524,0.49,,,0.224,0.24,,0.093,,,,,,0.2,0.154,,,,0.202,0.169,0.055,0.123,,,,0.102,0.173,0.157,,0.351,,,,,,0.096,,,,,0.124,0.06,0.477,0.589,0.037,0.101,0.492,0.226,0.522,0.071,0.17,0.123,,,0.186,,,0.097,0.023,0.015,,0.074,0.211,,,,,,,,0.204,,0.093,0.893,,,0.027,,0.095,,0.091,0.168,0.093,0.156,0.134,0.363,0.595,0.222,0.111,0.158,0.133,,,,,,,,,,0.206,0.174,0.109,0.143,0.423,,,,,0.108,0.177,0.587,,,0.538,0.62,,0.147,0.151,0.195,0.64,0.638,0.16,0.137,0.652,0.19,,,0.221,,,,,0.157,,,,0.185,,0.105,,0.147,0.113,0.116,0.093,,,,0.456,0.096,,,0.127,0.116
162,13997460,,0.567,0.57,,,,0.176,,,,,0.077,0.134,,0.201,0.133,,0.155,,,,,,,,0.456,,0.427,0.205,,,0.097,,0.391,0.272,,,,0.18,0.125,0.17,,,,0.078,0.506,0.524,0.49,,,0.224,0.24,,0.093,,,,,,0.197,0.154,,,,0.202,0.169,0.055,0.124,,,,0.102,0.173,0.157,,0.351,,,,,,0.096,,,,,0.124,0.06,0.481,0.603,0.037,0.101,0.491,0.225,0.517,0.071,0.171,0.123,,,0.183,,,0.096,0.025,0.015,,0.042,0.211,,,,,,,,0.198,,0.094,0.897,,,0.026,,0.094,,0.092,0.168,0.094,0.157,0.137,0.363,0.582,0.221,0.109,0.158,0.133,,,,,,,,,,0.208,0.174,0.109,0.143,0.422,,,,,0.108,0.177,0.587,,,0.538,0.619,,0.144,0.151,0.195,0.64,0.638,0.16,0.137,0.65,0.19,,,0.221,,,,,0.156,,,,0.183,,0.105,,0.149,0.114,0.117,0.092,,,,0.456,0.096,,,0.127,0.116
162,13997520,,0.567,0.571,,,,0.176,,,,,0.073,0.082,,0.201,0.093,,0.155,,,,,,,,0.457,,0.432,0.203,,,0.097,,0.391,0.272,,,,0.18,0.124,0.17,,,,0.078,0.506,0.524,0.49,,,0.224,0.24,,0.093,,,,,,0.194,0.154,,,,0.202,0.169,0.055,0.125,,,,0.103,0.173,0.156,,0.348,,,,,,0.095,,,,,0.122,0.059,0.483,0.609,0.037,0.101,0.5,0.222,0.517,0.071,0.171,0.121,,,0.183,,,0.096,0.028,0.016,,0.117,0.21,,,,,,,,0.193,,0.094,0.904,,,0.026,,0.094,,0.091,0.168,0.092,0.156,0.137,0.363,0.573,0.224,0.105,0.158,0.133,,,,,,,,,,0.205,0.173,0.109,0.143,0.419,,,,,0.108,0.177,0.586,,,0.538,0.619,,0.145,0.151,0.195,0.64,0.638,0.16,0.137,0.651,0.189,,,0.226,,,,,0.156,,,,0.18,,0.105,,0.154,0.115,0.115,0.092,,,,0.456,0.096,,,0.127,0.116
162,13997580,,0.567,0.57,,,,0.176,,,,,0.072,0.077,,0.201,0.088,,0.155,,,,,,,,0.457,,0.441,0.202,,,0.096,,0.391,0.274,,,,0.18,0.124,0.169,,,,0.078,0.505,0.524,0.49,,,0.224,0.24,,0.093,,,,,,0.193,0.154,,,,0.202,0.169,0.056,0.125,,,,0.103,0.173,0.157,,0.343,,,,,,0.095,,,,,0.122,0.059,0.446,0.609,0.037,0.101,0.491,0.22,0.511,0.071,0.169,0.122,,,0.182,,,0.097,0.039,0.017,,0.069,0.21,,,,,,,,0.197,,0.095,0.909,,,0.026,,0.095,,0.091,0.168,0.093,0.157,0.138,0.363,0.562,0.224,0.108,0.157,0.133,,,,,,,,,,0.204,0.173,0.109,0.143,0.415,,,,,0.108,0.177,0.586,,,0.538,0.619,,0.144,0.15,0.194,0.64,0.638,0.16,0.137,0.646,0.189,,,0.23,,,,,0.155,,,,0.181,,0.106,,0.152,0.113,0.116,0.091,,,,0.457,0.096,,,0.127,0.116
162,13997640,,0.567,0.57,,,,0.176,,,,,0.071,0.182,,0.202,0.079,,0.155,,,,,,,,0.457,,0.432,0.203,,,0.097,,0.391,0.273,,,,0.18,0.124,0.168,,,,0.078,0.505,0.524,0.49,,,0.224,0.24,,0.092,,,,,,0.191,0.154,,,,0.202,0.169,0.056,0.123,,,,0.101,0.172,0.156,,0.342,,,,,,0.096,,,,,0.123,0.059,0.455,0.595,0.037,0.101,0.491,0.218,0.513,0.071,0.168,0.12,,,0.182,,,0.097,0.023,0.015,,0.044,0.209,,,,,,,,0.198,,0.094,0.913,,,0.026,,0.094,,0.092,0.173,0.094,0.158,0.14,0.363,0.56,0.215,0.106,0.158,0.133,,,,,,,,,,0.203,0.172,0.109,0.143,0.412,,,,,0.108,0.177,0.586,,,0.538,0.619,,0.144,0.152,0.195,0.64,0.638,0.16,0.137,0.646,0.19,,,0.23,,,,,0.156,,,,0.181,,0.106,,0.154,0.114,0.117,0.091,,,,0.457,0.096,,,0.127,0.116
162,13997700,,0.567,0.57,,,,0.176,,,,,0.072,0.069,,0.201,0.078,,0.155,,,,,,,,0.457,,0.427,0.2,,,0.097,,0.391,0.272,,,,0.18,0.125,0.169,,,,0.077,0.507,0.524,0.49,,,0.224,0.24,,0.093,,,,,,0.196,0.154,,,,0.202,0.169,0.056,0.122,,,,0.102,0.173,0.156,,0.338,,,,,,0.096,,,,,0.121,0.059,0.486,0.609,0.037,0.101,0.482,0.216,0.506,0.071,0.169,0.123,,,0.182,,,0.096,0.024,0.014,,0.103,0.209,,,,,,,,0.199,,0.094,0.904,,,0.026,,0.094,,0.091,0.176,0.094,0.158,0.137,0.363,0.572,0.219,0.11,0.158,0.134,,,,,,,,,,0.204,0.172,0.109,0.143,0.415,,,,,0.108,0.178,0.586,,,0.539,0.619,,0.144,0.152,0.195,0.64,0.638,0.16,0.137,0.644,0.19,,,0.228,,,,,0.156,,,,0.18,,0.106,,0.152,0.115,0.117,0.091,,,,0.457,0.096,,,0.127,0.116
162,13997760,,0.567,0.57,,,,0.176,,,,,0.073,0.174,,0.202,0.074,,0.155,,,,,,,,0.456,,0.422,0.205,,,0.096,,0.392,0.273,,,,0.18,0.124,0.169,,,,0.077,0.507,0.524,0.49,,,0.224,0.24,,0.093,,,,,,0.197,0.154,,,,0.202,0.169,0.056,0.123,,,,0.103,0.172,0.156,,0.336,,,,,,0.094,,,,,0.122,0.059,0.497,0.603,0.037,0.101,0.478,0.214,0.506,0.071,0.17,0.121,,,0.182,,,0.097,0.034,0.015,,0.044,0.208,,,,,,,,0.208,,0.095,0.905,,,0.026,,0.094,,0.091,0.176,0.094,0.158,0.135,0.363,0.567,0.22,0.107,0.159,0.133,,,,,,,,,,0.199,0.173,0.109,0.143,0.413,,,,,0.108,0.178,0.586,,,0.539,0.619,,0.144,0.152,0.195,0.64,0.638,0.16,0.137,0.644,0.191,,,0.227,,,,,0.156,,,,0.179,,0.106,,0.149,0.114,0.116,0.091,,,,0.456,0.096,,,0.127,0.116
162,13997820,,0.567,0.57,,,,0.176,,,,,0.073,0.199,,0.201,0.07,,0.155,,,,,,,,0.456,,0.428,0.205,,,0.096,,0.392,0.274,,,,0.18,0.124,0.169,,,,0.078,0.507,0.524,0.49,,,0.224,0.24,,0.093,,,,,,0.203,0.154,,,,0.202,0.169,0.056,0.123,,,,0.101,0.173,0.156,,0.338,,,,,,0.096,,,,,0.13,0.059,0.522,0.602,0.037,0.101,0.484,0.214,0.499,0.071,0.168,0.122,,,0.184,,,0.097,0.027,0.027,,0.053,0.208,,,,,,,,0.201,,0.095,0.903,,,0.026,,0.095,,0.09,0.176,0.093,0.157,0.133,0.363,0.575,0.215,0.114,0.158,0.133,,,,,,,,,,0.194,0.171,0.108,0.143,0.41,,,,,0.108,0.178,0.587,,,0.539,0.62,,0.144,0.152,0.194,0.64,0.638,0.16,0.138,0.657,0.19,,,0.23,,,,,0.155,,,,0.178,,0.106,,0.148,0.114,0.116,0.091,,,,0.457,0.096,,,0.127,0.116
162,13997880,,0.567,0.57,,,,0.176,,,,,0.073,0.153,,0.201,0.068,,0.155,,,,,,,,0.456,,0.431,0.206,,,0.096,,0.391,0.273,,,,0.18,0.124,0.169,,,,0.078,0.507,0.524,0.49,,,0.224,0.24,,0.093,,,,,,0.202,0.154,,,,0.202,0.168,0.056,0.123,,,,0.102,0.172,0.156,,0.337,,,,,,0.096,,,,,0.129,0.059,0.297,0.616,0.037,0.101,0.472,0.211,0.516,0.071,0.166,0.121,,,0.183,,,0.097,0.022,0.014,,0.044,0.208,,,,,,,,0.194,,0.095,0.909,,,0.026,,0.093,,0.091,0.166,0.093,0.158,0.133,0.363,0.559,0.222,0.112,0.159,0.134,,,,,,,,,,0.192,0.171,0.108,0.143,0.412,,,,,0.108,0.178,0.586,,,0.539,0.62,,0.145,0.151,0.194,0.64,0.638,0.16,0.138,0.658,0.189,,,0.231,,,,,0.158,,,,0.177,,0.106,,0.146,0.115,0.116,0.091,,,,0.456,0.096,,,0.127,0.116
162,13997940,,0.567,0.57,,,,0.176,,,,,0.073,0.143,,0.201,0.061,,0.155,,,,,,,,0.456,,0.437,0.206,,,0.096,,0.392,0.271,,,,0.18,0.124,0.168,,,,0.079,0.507,0.524,0.49,,,0.224,0.24,,0.092,,,,,,0.201,0.154,,,,0.202,0.169,0.056,0.123,,,,0.102,0.172,0.156,,0.333,,,,,,0.095,,,,,0.132,0.059,0.404,0.609,0.037,0.101,0.467,0.212,0.502,0.071,0.17,0.121,,,0.183,,,0.097,0.033,0.014,,0.044,0.207,,,,,,,,0.191,,0.094,0.915,,,0.026,,0.094,,0.092,0.165,0.092,0.158,0.133,0.363,0.527,0.212,0.107,0.159,0.133,,,,,,,,,,0.189,0.172,0.108,0.143,0.413,,,,,0.108,0.178,0.586,,,0.539,0.62,,0.145,0.152,0.195,0.64,0.638,0.16,0.138,0.65,0.19,,,0.228,,,,,0.156,,,,0.176,,0.104,,0.145,0.115,0.117,0.091,,,,0.457,0.096,,,0.127,0.116
162,13998000,,0.567,0.57,,,,0.176,,,,,0.076,0.16,,0.2,0.065,,0.155,,,,,,,,0.457,,0.45,0.206,,,0.097,,0.392,0.27,,,,0.18,0.124,0.17,,,,0.078,0.506,0.524,0.49,,,0.224,0.24,,0.094,,,,,,0.192,0.154,,,,0.202,0.169,0.056,0.124,,,,0.103,0.172,0.156,,0.332,,,,,,0.095,,,,,0.135,0.059,0.401,0.614,0.037,0.101,0.461,0.208,0.484,0.071,0.169,0.12,,,0.181,,,0.097,0.035,0.014,,0.117,0.207,,,,,,,,0.193,,0.095,0.919,,,0.026,,0.095,,0.092,0.167,0.092,0.157,0.133,0.363,0.57,0.207,0.111,0.158,0.132,,,,,,,,,,0.205,0.173,0.108,0.143,0.409,,,,,0.108,0.178,0.587,,,0.539,0.62,,0.144,0.151,0.194,0.64,0.638,0.16,0.138,0.644,0.191,,,0.228,,,,,0.157,,,,0.181,,0.105,,0.142,0.114,0.117,0.09,,,,0.458,0.096,,,0.127,0.116
162,13998060,,0.567,0.57,,,,0.176,,,,,0.093,0.151,,0.2,0.06,,0.155,,,,,,,,0.457,,0.445,0.206,,,0.095,,0.392,0.269,,,,0.18,0.124,0.17,,,,0.078,0.505,0.524,0.49,,,0.224,0.24,,0.094,,,,,,0.193,0.154,,,,0.202,0.169,0.056,0.125,,,,0.103,0.172,0.156,,0.334,,,,,,0.096,,,,,0.132,0.059,0.377,0.61,0.037,0.101,0.486,0.207,0.506,0.071,0.168,0.119,,,0.183,,,0.097,0.026,0.015,,0.052,0.207,,,,,,,,0.201,,0.094,0.916,,,0.026,,0.095,,0.093,0.167,0.092,0.157,0.134,0.363,0.562,0.208,0.105,0.158,0.134,,,,,,,,,,0.204,0.172,0.108,0.143,0.408,,,,,0.108,0.178,0.587,,,0.539,0.62,,0.144,0.152,0.194,0.64,0.638,0.16,0.138,0.642,0.189,,,0.226,,,,,0.155,,,,0.18,,0.105,,0.143,0.115,0.116,0.09,,,,0.459,0.096,,,0.127,0.116
162,13998120,,0.567,0.571,,,,0.176,,,,,0.082,0.164,,0.2,0.067,,0.155,,,,,,,,0.457,,0.444,0.205,,,0.097,,0.392,0.272,,,,0.18,0.124,0.169,,,,0.078,0.505,0.523,0.49,,,0.224,0.24,,0.093,,,,,,0.197,0.154,,,,0.202,0.169,0.055,0.124,,,,0.101,0.172,0.156,,0.328,,,,,,0.096,,,,,0.13,0.059,0.39,0.615,0.037,0.101,0.47,0.208,0.517,0.071,0.169,0.119,,,0.182,,,0.097,0.024,0.014,,0.048,0.206,,,,,,,,0.193,,0.094,0.912,,,0.026,,0.094,,0.091,0.167,0.093,0.157,0.135,0.363,0.559,0.209,0.105,0.159,0.133,,,,,,,,,,0.197,0.171,0.108,0.143,0.409,,,,,0.108,0.178,0.587,,,0.539,0.62,,0.147,0.152,0.196,0.64,0.638,0.16,0.138,0.642,0.19,,,0.225,,,,,0.155,,,,0.176,,0.105,,0.146,0.115,0.117,0.09,,,,0.459,0.096,,,0.127,0.116
162,13998180,,0.567,0.571,,,,0.176,,,,,0.08,0.208,,0.2,0.062,,0.154,,,,,,,,0.457,,0.434,0.205,,,0.097,,0.392,0.276,,,,0.181,0.124,0.17,,,,0.077,0.505,0.523,0.49,,,0.224,0.24,,0.093,,,,,,0.194,0.154,,,,0.202,0.169,0.056,0.124,,,,0.102,0.171,0.156,,0.33,,,,,,0.094,,,,,0.129,0.059,0.438,0.607,0.037,0.101,0.447,0.206,0.511,0.071,0.168,0.122,,,0.182,,,0.096,0.027,0.037,,0.113,0.206,,,,,,,,0.184,,0.096,0.898,,,0.026,,0.094,,0.092,0.168,0.092,0.157,0.135,0.363,0.546,0.208,0.106,0.158,0.133,,,,,,,,,,0.197,0.171,0.108,0.143,0.41,,,,,0.108,0.178,0.587,,,0.539,0.62,,0.148,0.151,0.195,0.64,0.638,0.16,0.138,0.649,0.189,,,0.224,,,,,0.156,,,,0.174,,0.105,,0.145,0.116,0.116,0.09,,,,0.46,0.096,,,0.127,0.116
162,13998240,,0.567,0.571,,,,0.176,,,,,0.074,0.21,,0.201,0.069,,0.154,,,,,,,,0.457,,0.438,0.206,,,0.098,,0.392,0.277,,,,0.18,0.124,0.17,,,,0.077,0.505,0.524,0.49,,,0.224,0.24,,0.094,,,,,,0.192,0.153,,,,0.202,0.166,0.056,0.124,,,,0.102,0.171,0.156,,0.331,,,,,,0.096,,,,,0.136,0.058,0.446,0.614,0.037,0.101,0.496,0.206,0.506,0.071,0.169,0.12,,,0.183,,,0.097,0.022,0.014,,0.042,0.206,,,,,,,,0.187,,0.094,0.909,,,0.026,,0.095,,0.093,0.168,0.093,0.158,0.135,0.363,0.558,0.208,0.105,0.159,0.133,,,,,,,,,,0.197,0.171,0.108,0.143,0.41,,,,,0.108,0.177,0.586,,,0.539,0.62,,0.149,0.151,0.195,0.64,0.638,0.16,0.138,0.654,0.189,,,0.223,,,,,0.156,,,,0.174,,0.104,,0.142,0.113,0.117,0.09,,,,0.46,0.096,,,0.127,0.116
162,13998300,,0.567,0.57,,,,0.176,,,,,0.074,0.188,,0.201,0.072,,0.154,,,,,,,,0.457,,0.426,0.205,,,0.096,,0.392,0.278,,,,0.18,0.124,0.17,,,,0.077,0.505,0.524,0.49,,,0.224,0.24,,0.094,,,,,,0.196,0.153,,,,0.202,0.166,0.056,0.125,,,,0.103,0.171,0.156,,0.329,,,,,,0.096,,,,,0.135,0.058,0.456,0.61,0.037,0.101,0.456,0.205,0.494,0.071,0.17,0.118,,,0.182,,,0.098,0.033,0.037,,0.042,0.205,,,,,,,,0.19,,0.095,0.911,,,0.026,,0.095,,0.092,0.167,0.093,0.157,0.135,0.363,0.531,0.205,0.109,0.16,0.133,,,,,,,,,,0.199,0.17,0.108,0.143,0.409,,,,,0.108,0.177,0.586,,,0.539,0.62,,0.145,0.153,0.195,0.64,0.638,0.16,0.138,0.647,0.192,,,0.224,,,,,0.157,,,,0.174,,0.105,,0.142,0.115,0.117,0.094,,,,0.459,0.096,,,0.127,0.115
162,13998360,,0.567,0.571,,,,0.176,,,,,0.133,0.184,,0.201,0.065,,0.154,,,,,,,,0.457,,0.439,0.206,,,0.097,,0.392,0.281,,,,0.18,0.125,0.17,,,,0.077,0.505,0.524,0.49,,,0.224,0.24,,0.093,,,,,,0.223,0.153,,,,0.202,0.167,0.056,0.124,,,,0.102,0.172,0.155,,0.324,,,,,,0.096,,,,,0.147,0.058,0.459,0.602,0.037,0.101,0.458,0.205,0.506,0.071,0.167,0.119,,,0.181,,,0.097,0.022,0.014,,0.048,0.205,,,,,,,,0.189,,0.096,0.909,,,0.027,,0.095,,0.091,0.168,0.094,0.157,0.136,0.363,0.527,0.202,0.107,0.16,0.132,,,,,,,,,,0.195,0.17,0.108,0.143,0.404,,,,,0.108,0.177,0.587,,,0.539,0.62,,0.145,0.153,0.195,0.64,0.638,0.16,0.138,0.648,0.194,,,0.227,,,,,0.157,,,,0.174,,0.104,,0.14,0.114,0.117,0.102,,,,0.461,0.096,,,0.127,0.115
162,13998420,,0.567,0.571,,,,0.176,,,,,0.077,0.152,,0.201,0.066,,0.155,,,,,,,,0.457,,0.448,0.206,,,0.096,,0.393,0.278,,,,0.18,0.125,0.169,,,,0.077,0.505,0.524,0.491,,,0.224,0.24,,0.093,,,,,,0.213,0.153,,,,0.202,0.167,0.056,0.124,,,,0.102,0.172,0.155,,0.328,,,,,,0.095,,,,,0.146,0.058,0.468,0.612,0.037,0.101,0.488,0.204,0.509,0.071,0.168,0.12,,,0.181,,,0.097,0.023,0.014,,0.057,0.205,,,,,,,,0.187,,0.096,0.915,,,0.026,,0.095,,0.092,0.168,0.092,0.157,0.136,0.363,0.514,0.203,0.103,0.159,0.133,,,,,,,,,,0.192,0.17,0.108,0.143,0.401,,,,,0.108,0.177,0.587,,,0.539,0.62,,0.145,0.152,0.195,0.64,0.638,0.16,0.138,0.644,0.195,,,0.224,,,,,0.156,,,,0.174,,0.103,,0.14,0.115,0.118,0.102,,,,0.459,0.096,,,0.127,0.115
162,13998480,,0.567,0.571,,,,0.176,,,,,0.075,0.13,,0.199,0.065,,0.155,,,,,,,,0.457,,0.449,0.206,,,0.096,,0.393,0.274,,,,0.18,0.124,0.169,,,,0.077,0.505,0.524,0.49,,,0.224,0.24,,0.093,,,,,,0.202,0.153,,,,0.202,0.166,0.056,0.124,,,,0.103,0.171,0.155,,0.328,,,,,,0.095,,,,,0.148,0.058,0.481,0.598,0.037,0.101,0.436,0.205,0.495,0.071,0.168,0.119,,,0.181,,,0.097,0.03,0.022,,0.044,0.204,,,,,,,,0.19,,0.096,0.913,,,0.026,,0.095,,0.093,0.167,0.092,0.156,0.136,0.363,0.528,0.199,0.102,0.16,0.133,,,,,,,,,,0.191,0.17,0.108,0.143,0.402,,,,,0.108,0.177,0.586,,,0.539,0.62,,0.145,0.153,0.195,0.64,0.638,0.16,0.138,0.635,0.196,,,0.221,,,,,0.156,,,,0.172,,0.104,,0.138,0.114,0.117,0.1,,,,0.457,0.097,,,0.127,0.115
162,13998540,,0.567,0.57,,,,0.176,,,,,0.09,0.186,,0.2,0.068,,0.155,,,,,,,,0.457,,0.434,0.206,,,0.096,,0.393,0.272,,,,0.18,0.124,0.169,,,,0.077,0.505,0.524,0.491,,,0.224,0.24,,0.094,,,,,,0.202,0.154,,,,0.202,0.166,0.056,0.121,,,,0.102,0.171,0.155,,0.325,,,,,,0.096,,,,,0.145,0.058,0.474,0.599,0.037,0.101,0.489,0.203,0.489,0.071,0.168,0.119,,,0.183,,,0.098,0.038,0.057,,0.048,0.204,,,,,,,,0.203,,0.095,0.913,,,0.026,,0.096,,0.093,0.168,0.094,0.158,0.136,0.363,0.529,0.198,0.101,0.159,0.133,,,,,,,,,,0.195,0.17,0.108,0.143,0.405,,,,,0.108,0.177,0.586,,,0.539,0.62,,0.145,0.153,0.195,0.64,0.638,0.16,0.138,0.631,0.196,,,0.222,,,,,0.158,,,,0.173,,0.104,,0.137,0.115,0.119,0.095,,,,0.458,0.096,,,0.127,0.115
162,13998600,,0.567,0.571,,,,0.176,,,,,0.074,0.188,,0.201,0.064,,0.155,,,,,,,,0.457,,0.437,0.206,,,0.097,,0.393,0.27,,,,0.18,0.124,0.17,,,,0.078,0.507,0.524,0.491,,,0.224,0.24,,0.093,,,,,,0.201,0.154,,,,0.202,0.167,0.056,0.121,,,,0.102,0.175,0.162,,0.335,,,,,,0.096,,,,,0.14,0.058,0.499,0.594,0.037,0.101,0.471,0.201,0.487,0.071,0.168,0.118,,,0.185,,,0.097,0.021,0.014,,0.081,0.205,,,,,,,,0.193,,0.095,0.918,,,0.026,,0.095,,0.092,0.168,0.095,0.159,0.135,0.363,0.517,0.196,0.1,0.159,0.133,,,,,,,,,,0.261,0.179,0.108,0.143,0.406,,,,,0.108,0.177,0.586,,,0.539,0.62,,0.145,0.153,0.195,0.64,0.638,0.16,0.138,0.63,0.194,,,0.218,,,,,0.156,,,,0.196,,0.104,,0.139,0.115,0.118,0.094,,,,0.46,0.096,,,0.127,0.115
162,13998660,,0.567,0.57,,,,0.176,,,,,0.088,0.127,,0.201,0.065,,0.155,,,,,,,,0.457,,0.449,0.206,,,0.097,,0.393,0.269,,,,0.181,0.125,0.17,,,,0.077,0.507,0.524,0.492,,,0.224,0.24,,0.093,,,,,,0.203,0.154,,,,0.202,0.168,0.056,0.12,,,,0.102,0.173,0.158,,0.335,,,,,,0.095,,,,,0.146,0.058,0.489,0.61,0.037,0.101,0.434,0.2,0.483,0.071,0.168,0.117,,,0.184,,,0.096,0.021,0.014,,0.042,0.205,,,,,,,,0.191,,0.095,0.922,,,0.026,,0.095,,0.092,0.167,0.093,0.158,0.135,0.363,0.491,0.201,0.101,0.16,0.133,,,,,,,,,,0.273,0.171,0.108,0.143,0.406,,,,,0.108,0.177,0.586,,,0.539,0.62,,0.145,0.153,0.196,0.64,0.638,0.16,0.138,0.632,0.192,,,0.217,,,,,0.156,,,,0.195,,0.104,,0.142,0.115,0.118,0.094,,,,0.458,0.096,,,0.127,0.115
162,13998720,,0.568,0.571,,,,0.176,,,,,0.076,0.169,,0.202,0.065,,0.155,,,,,,,,0.457,,0.456,0.206,,,0.096,,0.393,0.269,,,,0.181,0.125,0.17,,,,0.078,0.507,0.524,0.493,,,0.224,0.24,,0.093,,,,,,0.196,0.154,,,,0.202,0.167,0.056,0.122,,,,0.102,0.172,0.156,,0.33,,,,,,0.095,,,,,0.147,0.058,0.509,0.61,0.037,0.101,0.464,0.2,0.486,0.071,0.168,0.119,,,0.183,,,0.098,0.021,0.014,,0.041,0.205,,,,,,,,0.196,,0.096,0.924,,,0.026,,0.095,,0.092,0.168,0.093,0.157,0.137,0.363,0.481,0.197,0.101,0.16,0.133,,,,,,,,,,0.263,0.17,0.108,0.143,0.403,,,,,0.108,0.177,0.586,,,0.539,0.62,,0.145,0.153,0.195,0.64,0.638,0.16,0.138,0.635,0.191,,,0.223,,,,,0.157,,,,0.19,,0.104,,0.146,0.114,0.117,0.092,,,,0.458,0.097,,,0.127,0.115
162,13998780,,0.568,0.57,,,,0.177,,,,,0.076,0.165,,0.201,0.063,,0.155,,,,,,,,0.457,,0.454,0.206,,,0.097,,0.393,0.267,,,,0.18,0.125,0.165,,,,0.077,0.507,0.524,0.493,,,0.224,0.24,,0.093,,,,,,0.197,0.153,,,,0.202,0.168,0.056,0.121,,,,0.103,0.171,0.156,,0.325,,,,,,0.097,,,,,0.143,0.058,0.506,0.607,0.037,0.101,0.468,0.197,0.468,0.071,0.169,0.119,,,0.183,,,0.098,0.021,0.014,,0.041,0.204,,,,,,,,0.191,,0.095,0.929,,,0.026,,0.095,,0.093,0.167,0.094,0.157,0.137,0.363,0.51,0.193,0.103,0.159,0.133,,,,,,,,,,0.256,0.169,0.108,0.143,0.402,,,,,0.108,0.177,0.586,,,0.539,0.62,,0.145,0.153,0.194,0.64,0.638,0.16,0.138,0.641,0.19,,,0.227,,,,,0.155,,,,0.187,,0.104,,0.147,0.114,0.118,0.092,,,,0.459,0.097,,,0.127,0.115
162,13998840,,0.568,0.571,,,,0.177,,,,,0.075,0.12,,0.201,0.066,,0.155,,,,,,,,0.457,,0.451,0.206,,,0.098,,0.393,0.268,,,,0.18,0.124,0.165,,,,0.077,0.507,0.524,0.493,,,0.224,0.24,,0.094,,,,,,0.197,0.153,,,,0.202,0.168,0.056,0.121,,,,0.102,0.171,0.156,,0.324,,,,,,0.097,,,,,0.143,0.058,0.477,0.596,0.037,0.101,0.447,0.197,0.49,0.071,0.169,0.118,,,0.185,,,0.097,0.022,0.014,,0.041,0.204,,,,,,,,0.187,,0.095,0.893,,,0.026,,0.095,,0.091,0.168,0.095,0.157,0.139,0.363,0.531,0.191,0.105,0.16,0.133,,,,,,,,,,0.256,0.168,0.108,0.143,0.403,,,,,0.108,0.177,0.586,,,0.539,0.62,,0.145,0.153,0.195,0.64,0.638,0.16,0.138,0.637,0.19,,,0.229,,,,,0.156,,,,0.185,,0.105,,0.145,0.114,0.119,0.091,,,,0.457,0.097,,,0.127,0.115
162,13998900,,0.567,0.571,,,,0.176,,,,,0.075,0.103,,0.201,0.069,,0.155,,,,,,,,0.457,,0.437,0.206,,,0.097,,0.393,0.271,,,,0.18,0.124,0.165,,,,0.077,0.506,0.524,0.493,,,0.224,0.24,,0.094,,,,,,0.2,0.153,,,,0.202,0.168,0.056,0.121,,,,0.103,0.171,0.156,,0.322,,,,,,0.095,,,,,0.146,0.058,0.487,0.61,0.037,0.101,0.458,0.198,0.475,0.071,0.168,0.118,,,0.184,,,0.097,0.021,0.014,,0.04,0.204,,,,,,,,0.184,,0.097,0.893,,,0.026,,0.095,,0.092,0.168,0.093,0.157,0.138,0.363,0.497,0.192,0.103,0.16,0.133,,,,,,,,,,0.257,0.169,0.108,0.143,0.403,,,,,0.108,0.177,0.586,,,0.539,0.62,,0.145,0.154,0.195,0.64,0.638,0.16,0.138,0.636,0.189,,,0.23,,,,,0.156,,,,0.183,,0.104,,0.143,0.114,0.118,0.092,,,,0.458,0.097,,,0.127,0.115
162,13998960,,0.567,0.571,,,,0.177,,,,,0.077,0.123,,0.201,0.065,,0.154,,,,,,,,0.457,,0.449,0.206,,,0.096,,0.393,0.271,,,,0.18,0.124,0.164,,,,0.077,0.505,0.524,0.493,,,0.224,0.24,,0.095,,,,,,0.196,0.153,,,,0.202,0.168,0.055,0.121,,,,0.103,0.171,0.156,,0.323,,,,,,0.096,,,,,0.151,0.058,0.5,0.588,0.037,0.101,0.436,0.197,0.458,0.071,0.167,0.118,,,0.181,,,0.097,0.021,0.014,,0.043,0.203,,,,,,,,0.187,,0.097,0.899,,,0.026,,0.095,,0.093,0.167,0.094,0.157,0.137,0.363,0.515,0.196,0.104,0.16,0.133,,,,,,,,,,0.255,0.168,0.108,0.143,0.401,,,,,0.108,0.177,0.586,,,0.539,0.62,,0.145,0.154,0.195,0.64,0.638,0.16,0.138,0.632,0.188,,,0.233,,,,,0.157,,,,0.182,,0.104,,0.141,0.115,0.117,0.091,,,,0.459,0.097,,,0.127,0.115
162,13999020,,0.567,0.571,,,,0.177,,,,,0.076,0.175,,0.2,0.063,,0.154,,,,,,,,0.457,,0.447,0.206,,,0.097,,0.393,0.27,,,,0.18,0.124,0.164,,,,0.077,0.505,0.524,0.493,,,0.224,0.24,,0.093,,,,,,0.195,0.152,,,,0.202,0.169,0.056,0.121,,,,0.102,0.171,0.156,,0.32,,,,,,0.097,,,,,0.14,0.058,0.502,0.599,0.037,0.101,0.445,0.196,0.464,0.071,0.166,0.118,,,0.181,,,0.098,0.021,0.014,,0.062,0.203,,,,,,,,0.192,,0.096,0.903,,,0.026,,0.095,,0.092,0.168,0.094,0.157,0.135,0.363,0.464,0.198,0.102,0.155,0.133,,,,,,,,,,0.251,0.169,0.108,0.143,0.4,,,,,0.108,0.177,0.586,,,0.539,0.62,,0.145,0.155,0.195,0.64,0.638,0.16,0.138,0.631,0.187,,,0.234,,,,,0.156,,,,0.181,,0.105,,0.14,0.115,0.119,0.091,,,,0.46,0.097,,,0.127,0.115
162,13999080,,0.567,0.571,,,,0.177,,,,,0.076,0.152,,0.2,0.061,,0.154,,,,,,,,0.457,,0.449,0.206,,,0.098,,0.394,0.269,,,,0.18,0.125,0.164,,,,0.077,0.505,0.524,0.494,,,0.224,0.24,,0.095,,,,,,0.191,0.152,,,,0.202,0.169,0.056,0.121,,,,0.102,0.171,0.156,,0.318,,,,,,0.096,,,,,0.146,0.058,0.49,0.569,0.037,0.101,0.452,0.194,0.496,0.071,0.166,0.118,,,0.181,,,0.096,0.021,0.015,,0.086,0.203,,,,,,,,0.188,,0.097,0.904,,,0.026,,0.095,,0.092,0.169,0.095,0.157,0.136,0.363,0.499,0.191,0.1,0.156,0.133,,,,,,,,,,0.251,0.169,0.108,0.143,0.399,,,,,0.108,0.177,0.586,,,0.539,0.62,,0.146,0.155,0.195,0.64,0.638,0.16,0.138,0.635,0.186,,,0.233,,,,,0.155,,,,0.179,,0.105,,0.139,0.116,0.119,0.09,,,,0.461,0.097,,,0.127,0.115
162,13999140,,0.567,0.57,,,,0.176,,,,,0.075,0.189,,0.201,0.06,,0.154,,,,,,,,0.457,,0.447,0.206,,,0.097,,0.393,0.269,,,,0.18,0.125,0.164,,,,0.077,0.505,0.524,0.494,,,0.224,0.24,,0.095,,,,,,0.191,0.152,,,,0.202,0.169,0.056,0.122,,,,0.103,0.171,0.155,,0.315,,,,,,0.096,,,,,0.142,0.058,0.469,0.599,0.037,0.101,0.454,0.196,0.487,0.071,0.168,0.119,,,0.18,,,0.097,0.038,0.06,,0.04,0.203,,,,,,,,0.19,,0.097,0.908,,,0.026,,0.095,,0.093,0.169,0.092,0.157,0.14,0.363,0.437,0.189,0.098,0.156,0.133,,,,,,,,,,0.246,0.168,0.108,0.143,0.398,,,,,0.108,0.177,0.586,,,0.539,0.62,,0.146,0.155,0.195,0.64,0.638,0.16,0.138,0.629,0.186,,,0.232,,,,,0.156,,,,0.177,,0.105,,0.14,0.116,0.12,0.09,,,,0.462,0.097,,,0.127,0.116
162,13999200,,0.567,0.57,,,,0.176,,,,,0.075,0.16,,0.2,0.065,,0.154,,,,,,,,0.457,,0.436,0.206,,,0.097,,0.394,0.273,,,,0.18,0.124,0.164,,,,0.077,0.505,0.524,0.494,,,0.224,0.24,,0.095,,,,,,0.19,0.153,,,,0.202,0.169,0.056,0.121,,,,0.103,0.171,0.156,,0.314,,,,,,0.097,,,,,0.141,0.058,0.504,0.575,0.037,0.101,0.436,0.195,0.463,0.071,0.165,0.119,,,0.181,,,0.098,0.021,0.014,,0.04,0.202,,,,,,,,0.188,,0.097,0.901,,,0.026,,0.095,,0.094,0.168,0.094,0.157,0.14,0.363,0.488,0.19,0.098,0.156,0.133,,,,,,,,,,0.246,0.168,0.108,0.143,0.398,,,,,0.108,0.178,0.586,,,0.539,0.62,,0.145,0.155,0.194,0.64,0.638,0.16,0.138,0.626,0.185,,,0.232,,,,,0.156,,,,0.177,,0.105,,0.14,0.115,0.118,0.09,,,,0.463,0.097,,,0.127,0.116
162,13999260,,0.567,0.57,,,,0.177,,,,,0.078,0.142,,0.2,0.062,,0.155,,,,,,,,0.457,,0.417,0.206,,,0.097,,0.394,0.274,,,,0.18,0.124,0.164,,,,0.077,0.505,0.524,0.493,,,0.224,0.24,,0.094,,,,,,0.191,0.153,,,,0.202,0.169,0.056,0.12,,,,0.102,0.171,0.156,,0.31,,,,,,0.097,,,,,0.143,0.058,0.506,0.59,0.037,0.101,0.438,0.193,0.491,0.071,0.166,0.12,,,0.181,,,0.098,0.022,0.014,,0.041,0.202,,,,,,,,0.19,,0.096,0.904,,,0.026,,0.096,,0.093,0.168,0.095,0.157,0.141,0.363,0.476,0.183,0.101,0.156,0.133,,,,,,,,,,0.246,0.168,0.108,0.143,0.396,,,,,0.108,0.178,0.586,,,0.539,0.62,,0.145,0.155,0.195,0.64,0.638,0.16,0.138,0.626,0.186,,,0.233,,,,,0.156,,,,0.176,,0.105,,0.138,0.116,0.118,0.09,,,,0.462,0.097,,,0.127,0.115
162,13999320,,0.567,0.57,,,,0.177,,,,,0.083,0.12,,0.2,0.064,,0.155,,,,,,,,0.457,,0.442,0.206,,,0.097,,0.394,0.274,,,,0.18,0.125,0.164,,,,0.077,0.505,0.524,0.493,,,0.224,0.24,,0.094,,,,,,0.187,0.152,,,,0.202,0.169,0.056,0.12,,,,0.103,0.17,0.155,,0.315,,,,,,0.096,,,,,0.141,0.058,0.499,0.574,0.037,0.101,0.405,0.193,0.469,0.071,0.167,0.12,,,0.179,,,0.097,0.021,0.014,,0.052,0.202,,,,,,,,0.191,,0.097,0.906,,,0.026,,0.094,,0.092,0.167,0.094,0.157,0.145,0.363,0.47,0.19,0.102,0.156,0.134,,,,,,,,,,0.233,0.168,0.108,0.143,0.394,,,,,0.108,0.178,0.586,,,0.539,0.62,,0.146,0.155,0.195,0.641,0.638,0.16,0.138,0.631,0.185,,,0.227,,,,,0.156,,,,0.174,,0.105,,0.138,0.116,0.119,0.09,,,,0.461,0.097,,,0.127,0.115
162,13999380,,0.567,0.57,,,,0.177,,,,,0.079,0.173,,0.201,0.071,,0.154,,,,,,,,0.457,,0.445,0.205,,,0.098,,0.394,0.274,,,,0.169,0.124,0.164,,,,0.077,0.505,0.524,0.493,,,0.224,0.24,,0.095,,,,,,0.192,0.152,,,,0.202,0.169,0.056,0.12,,,,0.103,0.17,0.156,,0.311,,,,,,0.096,,,,,0.139,0.058,0.513,0.581,0.037,0.101,0.444,0.193,0.483,0.071,0.165,0.118,,,0.18,,,0.097,0.021,0.014,,0.083,0.202,,,,,,,,0.203,,0.097,0.91,,,0.026,,0.095,,0.092,0.169,0.096,0.157,0.141,0.363,0.474,0.184,0.1,0.157,0.133,,,,,,,,,,0.227,0.168,0.108,0.143,0.395,,,,,0.108,0.178,0.587,,,0.539,0.62,,0.145,0.154,0.195,0.641,0.638,0.16,0.138,0.639,0.186,,,0.226,,,,,0.157,,,,0.173,,0.105,,0.138,0.116,0.119,0.09,,,,0.461,0.098,,,0.127,0.115
162,13999440,,0.567,0.57,,,,0.177,,,,,0.078,0.192,,0.201,0.066,,0.154,,,,,,,,0.457,,0.439,0.206,,,0.096,,0.395,0.272,,,,0.169,0.125,0.164,,,,0.077,0.505,0.524,0.494,,,0.225,0.24,,0.095,,,,,,0.196,0.151,,,,0.202,0.169,0.056,0.121,,,,0.104,0.17,0.156,,0.313,,,,,,0.097,,,,,0.139,0.058,0.509,0.544,0.037,0.101,0.462,0.193,0.444,0.071,0.167,0.116,,,0.18,,,0.098,0.023,0.014,,0.039,0.201,,,,,,,,0.182,,0.096,0.911,,,0.026,,0.096,,0.094,0.169,0.094,0.158,0.142,0.363,0.465,0.184,0.101,0.156,0.134,,,,,,,,,,0.224,0.167,0.108,0.143,0.395,,,,,0.108,0.177,0.586,,,0.539,0.62,,0.145,0.154,0.195,0.641,0.638,0.16,0.138,0.642,0.188,,,0.226,,,,,0.156,,,,0.172,,0.104,,0.138,0.114,0.118,0.09,,,,0.463,0.097,,,0.127,0.115
162,13999500,,0.567,0.57,,,,0.177,,,,,0.08,0.144,,0.201,0.069,,0.155,,,,,,,,0.457,,0.437,0.205,,,0.098,,0.395,0.272,,,,0.168,0.125,0.164,,,,0.077,0.507,0.524,0.494,,,0.225,0.24,,0.094,,,,,,0.192,0.151,,,,0.202,0.169,0.056,0.121,,,,0.102,0.17,0.156,,0.309,,,,,,0.097,,,,,0.145,0.058,0.507,0.582,0.037,0.101,0.402,0.191,0.451,0.071,0.167,0.117,,,0.183,,,0.097,0.021,0.014,,0.039,0.201,,,,,,,,0.213,,0.097,0.906,,,0.026,,0.096,,0.093,0.169,0.094,0.157,0.142,0.363,0.462,0.184,0.098,0.156,0.135,,,,,,,,,,0.227,0.168,0.107,0.143,0.398,,,,,0.108,0.177,0.586,,,0.539,0.62,,0.145,0.154,0.194,0.64,0.638,0.16,0.139,0.64,0.188,,,0.231,,,,,0.155,,,,0.172,,0.104,,0.138,0.115,0.118,0.101,,,,0.462,0.098,,,0.127,0.115
162,13999560,,0.567,0.57,,,,0.177,,,,,0.079,0.119,,0.202,0.066,,0.155,,,,,,,,0.457,,0.427,0.205,,,0.098,,0.395,0.272,,,,0.168,0.125,0.165,,,,0.077,0.507,0.524,0.494,,,0.225,0.24,,0.095,,,,,,0.215,0.151,,,,0.202,0.169,0.056,0.121,,,,0.103,0.17,0.156,,0.306,,,,,,0.095,,,,,0.142,0.058,0.504,0.562,0.037,0.101,0.471,0.19,0.443,0.071,0.167,0.117,,,0.181,,,0.097,0.021,0.014,,0.042,0.201,,,,,,,,0.213,,0.097,0.917,,,0.026,,0.095,,0.093,0.168,0.093,0.157,0.143,0.363,0.447,0.185,0.096,0.156,0.134,,,,,,,,,,0.221,0.167,0.107,0.143,0.396,,,,,0.108,0.177,0.586,,,0.539,0.62,,0.146,0.154,0.195,0.64,0.638,0.16,0.139,0.628,0.19,,,0.231,,,,,0.156,,,,0.172,,0.105,,0.137,0.116,0.119,0.104,,,,0.46,0.097,,,0.127,0.115
162,13999620,,0.567,0.57,,,,0.177,,,,,0.078,0.188,,0.201,0.063,,0.154,,,,,,,,0.457,,0.422,0.206,,,0.098,,0.395,0.272,,,,0.168,0.124,0.165,,,,0.077,0.507,0.524,0.494,,,0.225,0.24,,0.095,,,,,,0.203,0.151,,,,0.202,0.169,0.056,0.12,,,,0.103,0.17,0.156,,0.305,,,,,,0.097,,,,,0.138,0.057,0.507,0.57,0.037,0.101,0.427,0.189,0.452,0.071,0.166,0.116,,,0.18,,,0.098,0.021,0.014,,0.211,0.201,,,,,,,,0.222,,0.098,0.924,,,0.026,,0.095,,0.092,0.169,0.093,0.157,0.143,0.363,0.43,0.182,0.096,0.156,0.134,,,,,,,,,,0.213,0.167,0.107,0.143,0.393,,,,,0.108,0.177,0.587,,,0.539,0.62,,0.146,0.155,0.195,0.64,0.638,0.16,0.139,0.631,0.188,,,0.236,,,,,0.156,,,,0.172,,0.104,,0.136,0.115,0.119,0.104,,,,0.461,0.098,,,0.127,0.115
162,13999680,,0.567,0.57,,,,0.177,,,,,0.08,0.185,,0.201,0.063,,0.154,,,,,,,,0.457,,0.434,0.206,,,0.098,,0.395,0.273,,,,0.168,0.124,0.164,,,,0.077,0.507,0.524,0.494,,,0.225,0.24,,0.096,,,,,,0.196,0.151,,,,0.202,0.169,0.056,0.121,,,,0.104,0.17,0.156,,0.303,,,,,,0.097,,,,,0.136,0.057,0.51,0.563,0.037,0.101,0.436,0.188,0.432,0.071,0.166,0.119,,,0.18,,,0.098,0.021,0.014,,0.039,0.201,,,,,,,,0.228,,0.096,0.903,,,0.026,,0.096,,0.093,0.168,0.094,0.158,0.144,0.363,0.429,0.182,0.095,0.156,0.134,,,,,,,,,,0.211,0.167,0.107,0.143,0.393,,,,,0.108,0.177,0.587,,,0.539,0.62,,0.146,0.155,0.195,0.64,0.638,0.16,0.139,0.637,0.186,,,0.238,,,,,0.156,,,,0.171,,0.105,,0.137,0.115,0.118,0.097,,,,0.461,0.097,,,0.127,0.115
162,13999740,,0.567,0.57,,,,0.177,,,,,0.078,0.136,,0.201,0.062,,0.154,,,,,,,,0.457,,0.443,0.206,,,0.098,,0.395,0.273,,,,0.168,0.124,0.164,,,,0.077,0.507,0.524,0.493,,,0.225,0.24,,0.094,,,,,,0.191,0.151,,,,0.202,0.17,0.056,0.121,,,,0.101,0.169,0.156,,0.303,,,,,,0.097,,,,,0.134,0.057,0.518,0.578,0.037,0.101,0.442,0.187,0.449,0.071,0.166,0.116,,,0.182,,,0.097,0.022,0.014,,0.039,0.201,,,,,,,,0.226,,0.096,0.92,,,0.026,,0.095,,0.094,0.168,0.094,0.157,0.143,0.363,0.459,0.182,0.097,0.157,0.133,,,,,,,,,,0.207,0.167,0.107,0.143,0.392,,,,,0.108,0.177,0.587,,,0.539,0.62,,0.146,0.154,0.195,0.64,0.638,0.16,0.139,0.645,0.186,,,0.235,,,,,0.158,,,,0.17,,0.104,,0.136,0.116,0.117,0.095,,,,0.46,0.097,,,0.127,0.115
162,13999800,,0.567,0.571,,,,0.177,,,,,0.08,0.157,,0.201,0.075,,0.154,,,,,,,,0.457,,0.44,0.207,,,0.098,,0.395,0.273,,,,0.168,0.125,0.165,,,,0.077,0.505,0.524,0.493,,,0.224,0.24,,0.094,,,,,,0.193,0.152,,,,0.202,0.169,0.056,0.12,,,,0.103,0.17,0.156,,0.305,,,,,,0.096,,,,,0.14,0.057,0.464,0.559,0.037,0.101,0.439,0.187,0.468,0.071,0.166,0.117,,,0.182,,,0.097,0.037,0.032,,0.141,0.201,,,,,,,,0.229,,0.097,0.919,,,0.026,,0.095,,0.092,0.169,0.094,0.156,0.149,0.363,0.442,0.183,0.095,0.157,0.133,,,,,,,,,,0.215,0.168,0.107,0.143,0.393,,,,,0.108,0.178,0.587,,,0.539,0.62,,0.145,0.154,0.195,0.64,0.638,0.16,0.139,0.641,0.189,,,0.23,,,,,0.157,,,,0.172,,0.105,,0.136,0.116,0.118,0.091,,,,0.462,0.097,,,0.127,0.115
162,13999860,,0.567,0.57,,,,0.177,,,,,0.085,0.169,,0.201,0.067,,0.154,,,,,,,,0.457,,0.446,0.207,,,0.097,,0.395,0.272,,,,0.167,0.124,0.165,,,,0.077,0.505,0.524,0.494,,,0.224,0.24,,0.095,,,,,,0.201,0.151,,,,0.202,0.169,0.056,0.121,,,,0.103,0.17,0.156,,0.303,,,,,,0.097,,,,,0.138,0.057,0.485,0.568,0.037,0.101,0.399,0.186,0.439,0.071,0.166,0.116,,,0.178,,,0.098,0.021,0.014,,0.041,0.201,,,,,,,,0.247,,0.097,0.921,,,0.026,,0.095,,0.093,0.168,0.094,0.157,0.142,0.363,0.417,0.184,0.097,0.157,0.134,,,,,,,,,,0.213,0.167,0.107,0.143,0.391,,,,,0.108,0.178,0.587,,,0.539,0.62,,0.146,0.154,0.195,0.64,0.638,0.16,0.138,0.638,0.191,,,0.226,,,,,0.157,,,,0.171,,0.104,,0.137,0.116,0.116,0.092,,,,0.461,0.098,,,0.127,0.115
162,13999920,,0.567,0.57,,,,0.177,,,,,0.078,0.174,,0.201,0.064,,0.154,,,,,,,,0.457,,0.457,0.207,,,0.098,,0.395,0.274,,,,0.167,0.125,0.163,,,,0.077,0.505,0.523,0.494,,,0.224,0.24,,0.096,,,,,,0.2,0.15,,,,0.202,0.169,0.056,0.12,,,,0.104,0.17,0.156,,0.302,,,,,,0.097,,,,,0.138,0.057,0.496,0.573,0.037,0.101,0.408,0.185,0.444,0.071,0.167,0.117,,,0.178,,,0.098,0.022,0.015,,0.077,0.2,,,,,,,,0.23,,0.096,0.918,,,0.026,,0.096,,0.093,0.167,0.094,0.157,0.15,0.363,0.415,0.179,0.098,0.157,0.133,,,,,,,,,,0.208,0.167,0.107,0.143,0.39,,,,,0.108,0.178,0.587,,,0.539,0.62,,0.145,0.153,0.195,0.64,0.638,0.16,0.138,0.625,0.192,,,0.225,,,,,0.157,,,,0.169,,0.105,,0.136,0.115,0.118,0.093,,,,0.462,0.097,,,0.127,0.115
162,13999980,,0.567,0.57,,,,0.177,,,,,0.084,0.159,,0.201,0.062,,0.154,,,,,,,,0.457,,0.461,0.207,,,0.098,,0.395,0.274,,,,0.167,0.125,0.164,,,,0.077,0.505,0.523,0.494,,,0.224,0.24,,0.094,,,,,,0.199,0.15,,,,0.202,0.169,0.056,0.12,,,,0.103,0.17,0.155,,0.303,,,,,,0.098,,,,,0.139,0.057,0.459,0.55,0.037,0.101,0.413,0.185,0.433,0.071,0.167,0.118,,,0.18,,,0.099,0.021,0.014,,0.064,0.2,,,,,,,,0.217,,0.096,0.914,,,0.026,,0.095,,0.092,0.168,0.095,0.157,0.154,0.363,0.428,0.178,0.099,0.157,0.133,,,,,,,,,,0.203,0.167,0.107,0.143,0.389,,,,,0.108,0.178,0.587,,,0.54,0.62,,0.146,0.154,0.194,0.64,0.638,0.16,0.138,0.626,0.191,,,0.225,,,,,0.157,,,,0.168,,0.105,,0.136,0.115,0.118,0.092,,,,0.463,0.098,,,0.127,0.115
162,14000040,,0.567,0.57,,,,0.177,,,,,0.096,0.124,,0.203,0.063,,0.154,,,,,,,,0.457,,0.454,0.207,,,0.098,,0.395,0.271,,,,0.167,0.124,0.165,,,,0.077,0.505,0.523,0.494,,,0.224,0.24,,0.095,,,,,,0.196,0.151,,,,0.202,0.17,0.056,0.121,,,,0.103,0.17,0.155,,0.305,,,,,,0.097,,,,,0.133,0.057,0.485,0.565,0.037,0.101,0.412,0.184,0.435,0.071,0.164,0.117,,,0.181,,,0.098,0.021,0.014,,0.042,0.2,,,,,,,,0.221,,0.097,0.918,,,0.026,,0.095,,0.092,0.167,0.094,0.157,0.157,0.363,0.441,0.178,0.094,0.157,0.134,,,,,,,,,,0.2,0.167,0.107,0.143,0.388,,,,,0.108,0.178,0.587,,,0.54,0.62,,0.146,0.153,0.194,0.64,0.638,0.16,0.138,0.63,0.192,,,0.224,,,,,0.157,,,,0.167,,0.105,,0.135,0.116,0.118,0.091,,,,0.463,0.097,,,0.127,0.115
162,14000100,,0.567,0.57,,,,0.177,,,,,0.078,0.16,,0.202,0.075,,0.154,,,,,,,,0.458,,0.445,0.207,,,0.097,,0.396,0.269,,,,0.167,0.124,0.165,,,,0.076,0.505,0.524,0.494,,,0.224,0.24,,0.096,,,,,,0.196,0.153,,,,0.202,0.17,0.056,0.121,,,,0.104,0.169,0.155,,0.305,,,,,,0.097,,,,,0.134,0.057,0.466,0.56,0.037,0.101,0.413,0.183,0.442,0.071,0.165,0.116,,,0.181,,,0.098,0.021,0.014,,0.042,0.2,,,,,,,,0.225,,0.097,0.899,,,0.026,,0.096,,0.093,0.168,0.095,0.158,0.156,0.363,0.46,0.181,0.093,0.156,0.134,,,,,,,,,,0.2,0.168,0.107,0.143,0.389,,,,,0.108,0.178,0.587,,,0.54,0.62,,0.146,0.155,0.195,0.64,0.638,0.16,0.138,0.638,0.194,,,0.219,,,,,0.156,,,,0.168,,0.105,,0.135,0.116,0.12,0.091,,,,0.45,0.097,,,0.127,0.115
162,14000160,,0.567,0.57,,,,0.177,,,,,0.079,0.147,,0.202,0.068,,0.154,,,,,,,,0.458,,0.455,0.205,,,0.098,,0.396,0.268,,,,0.166,0.124,0.169,,,,0.077,0.505,0.524,0.494,,,0.225,0.24,,0.117,,,,,,0.194,0.153,,,,0.202,0.17,0.055,0.121,,,,0.104,0.169,0.156,,0.307,,,,,,0.097,,,,,0.132,0.057,0.472,0.544,0.037,0.101,0.406,0.182,0.435,0.071,0.165,0.117,,,0.18,,,0.099,0.076,0.049,,0.043,0.2,,,,,,,,0.213,,0.096,0.915,,,0.026,,0.096,,0.093,0.169,0.096,0.158,0.156,0.363,0.46,0.178,0.094,0.156,0.134,,,,,,,,,,0.196,0.168,0.107,0.143,0.391,,,,,0.108,0.178,0.587,,,0.54,0.62,,0.145,0.155,0.195,0.64,0.638,0.16,0.138,0.641,0.194,,,0.22,,,,,0.157,,,,0.168,,0.104,,0.133,0.117,0.117,0.091,,,,0.457,0.098,,,0.127,0.115
162,14000220,,0.567,0.57,,,,0.177,,,,,0.077,0.165,,0.202,0.064,,0.154,,,,,,,,0.458,,0.44,0.205,,,0.098,,0.396,0.266,,,,0.166,0.124,0.164,,,,0.076,0.505,0.524,0.494,,,0.225,0.24,,0.116,,,,,,0.196,0.153,,,,0.202,0.17,0.055,0.12,,,,0.103,0.169,0.156,,0.307,,,,,,0.097,,,,,0.137,0.057,0.466,0.539,0.037,0.101,0.424,0.183,0.435,0.071,0.166,0.117,,,0.179,,,0.098,0.022,0.014,,0.043,0.2,,,,,,,,0.233,,0.097,0.909,,,0.026,,0.095,,0.093,0.167,0.095,0.157,0.155,0.363,0.437,0.178,0.099,0.156,0.134,,,,,,,,,,0.193,0.168,0.107,0.143,0.389,,,,,0.108,0.178,0.587,,,0.54,0.62,,0.146,0.154,0.195,0.64,0.638,0.16,0.138,0.643,0.196,,,0.221,,,,,0.157,,,,0.167,,0.104,,0.133,0.117,0.119,0.09,,,,0.453,0.098,,,0.127,0.115
162,14000280,,0.567,0.57,,,,0.177,,,,,0.078,0.124,,0.201,0.065,,0.154,,,,,,,,0.458,,0.463,0.206,,,0.099,,0.396,0.268,,,,0.166,0.125,0.164,,,,0.076,0.505,0.524,0.494,,,0.225,0.24,,0.117,,,,,,0.197,0.153,,,,0.202,0.17,0.055,0.121,,,,0.103,0.169,0.156,,0.308,,,,,,0.096,,,,,0.131,0.057,0.482,0.557,0.037,0.101,0.391,0.181,0.44,0.071,0.166,0.115,,,0.179,,,0.098,0.024,0.015,,0.043,0.2,,,,,,,,0.211,,0.097,0.918,,,0.026,,0.096,,0.093,0.168,0.095,0.158,0.156,0.363,0.484,0.178,0.094,0.156,0.133,,,,,,,,,,0.19,0.167,0.107,0.143,0.388,,,,,0.108,0.178,0.587,,,0.54,0.62,,0.146,0.155,0.195,0.64,0.638,0.16,0.138,0.635,0.195,,,0.232,,,,,0.157,,,,0.168,,0.104,,0.133,0.117,0.118,0.089,,,,0.454,0.098,,,0.127,0.115
162,14000340,,0.567,0.57,,,,0.177,,,,,0.078,0.115,,0.202,0.067,,0.154,,,,,,,,0.458,,0.465,0.206,,,0.098,,0.396,0.271,,,,0.166,0.126,0.164,,,,0.077,0.505,0.524,0.494,,,0.225,0.24,,0.117,,,,,,0.2,0.153,,,,0.202,0.17,0.055,0.121,,,,0.104,0.17,0.156,,0.307,,,,,,0.096,,,,,0.134,0.057,0.468,0.553,0.037,0.101,0.396,0.181,0.436,0.071,0.166,0.118,,,0.182,,,0.098,0.022,0.014,,0.043,0.2,,,,,,,,0.223,,0.097,0.926,,,0.026,,0.096,,0.094,0.168,0.095,0.18,0.155,0.363,0.468,0.179,0.095,0.156,0.135,,,,,,,,,,0.202,0.173,0.107,0.143,0.388,,,,,0.108,0.178,0.588,,,0.54,0.62,,0.146,0.156,0.195,0.64,0.638,0.16,0.138,0.629,0.193,,,0.233,,,,,0.157,,,,0.175,,0.104,,0.132,0.115,0.119,0.089,,,,0.452,0.097,,,0.127,0.115
162,14000400,,,,,,,,,,,,,,,,,,,,,,,,,,,,,,,,,,,,,,,,,,,,,,,,,,,,,,,,,,,,,,,,,,,,,,,,,,,,,,,,,,,,,,,,,,,,,,,,,,,,,,,,,,,,,,,,,,,,,,,,,,,,,,,,,,,,,,,,,,,,,,,,,,,,,,,,,,,,,,,,,,,,,,,,,,,,,,,,,,,,,,,,,,,,,,,,,,,,,,,,
162,14000460,,,,,,,,,,,,,,,,,,,,,,,,,,,,,,,,,,,,,,,,,,,,,,,,,,,,,,,,,,,,,,,,,,,,,,,,,,,,,,,,,,,,,,,,,,,,,,,,,,,,,,,,,,,,,,,,,,,,,,,,,,,,,,,,,,,,,,,,,,,,,,,,,,,,,,,,,,,,,,,,,,,,,,,,,,,,,,,,,,,,,,,,,,,,,,,,,,,,,,,,
162,14000520,,,,,,,,,,,,,0.09,,,0.083,,,,,,,,,,,,,,,,,,,,,,,0.164,,,,,,,,,0.494,,,,,,,,,,,,,,,,,,,,,,,,,,,,,,,,,,,,,,,,,,,,,,,,,,,,,,,,,0.055,,,0.037,0.207,,,,,,,,,,,,,,,,,,,,,,0.133,0.363,,,,,,,,,,,,,,,0.256,,0.095,,,,,,,0.108,,,,,,,,,,,,,,,,,,,,,,,,,,,,,,,,,,,,,,,0.455,0.099,,,,
162,14000580,,0.567,0.57,,,,0.177,,,,,0.063,0.169,,0.202,0.094,,0.154,,,,,,,,0.37,,0.433,0.179,,,0.097,,0.396,0.267,,,,0.163,0.124,0.165,,,,0.079,0.506,0.524,0.494,,,,0.24,,0.117,,,,,,0.199,0.157,,,,0.202,0.172,0.055,0.12,,,,0.105,0.171,0.157,,0.388,,,,,,0.097,,,,,0.078,0.057,0.488,0.535,0.037,0.101,0.401,0.197,0.467,0.071,0.164,0.117,,,0.18,,,0.098,0.021,0.015,,0.06,0.206,,,,,,,,0.225,,0.097,0.894,,,0.026,,0.096,,0.093,0.167,0.095,0.181,0.132,0.363,0.409,0.176,0.097,0.157,0.134,,0.648,,,,,,,,0.246,0.17,0.095,0.143,0.394,,,,,0.108,0.177,0.588,,,0.54,0.621,,0.147,0.151,0.195,0.64,0.638,0.16,0.138,0.628,0.19,,,0.232,,,,,0.158,,,,0.193,,0.104,,0.184,0.116,0.118,0.09,,,,0.456,0.098,,,0.127,0.115
162,14000640,,0.567,0.57,,,,0.177,,,,,0.06,0.17,,0.201,0.079,,0.154,,,,,,,,0.37,,0.44,0.161,,,0.098,,0.396,0.268,,,,0.163,0.124,0.164,,,,0.078,0.507,0.524,0.494,,,,0.24,,0.117,,,,,,0.195,0.155,,,,0.202,0.171,0.055,0.12,,,,0.104,0.171,0.157,,0.375,,,,,,0.098,,,,,0.079,0.057,0.474,0.552,0.037,0.101,0.426,0.195,0.491,0.071,0.165,0.117,,,0.18,,,0.099,0.023,0.015,,0.043,0.206,,,,,,,,0.203,,0.097,0.893,,,0.026,,0.096,,0.094,0.17,0.095,0.182,0.132,0.363,0.42,0.178,0.094,0.157,0.134,,0.648,,,,,,,,0.242,0.169,0.095,0.143,0.394,,,,,0.108,0.177,0.588,,,0.54,0.621,,0.146,0.151,0.195,0.64,0.638,0.16,0.138,0.625,0.188,,,0.233,,,,,0.157,,,,0.193,,0.105,,0.183,0.115,0.117,0.09,,,,0.456,0.098,,,0.127,0.115
162,14000700,,0.567,0.57,,,,0.177,,,,,0.059,0.17,,0.202,0.096,,0.154,,,,,,,,0.37,,0.438,0.173,,,0.099,,0.396,0.273,,,,0.162,0.127,0.163,,,,0.079,0.505,0.524,0.494,,,,0.24,,0.117,,,,,,0.195,0.155,,,,0.202,0.171,0.055,0.12,,,,0.103,0.171,0.158,,0.361,,,,,,0.097,,,,,0.079,0.057,0.486,0.549,0.037,0.101,0.421,0.193,0.449,0.071,0.165,0.118,,,0.18,,,0.098,0.023,0.015,,0.05,0.205,,,,,,,,0.257,,0.097,0.901,,,0.027,,0.095,,0.093,0.17,0.094,0.155,0.133,0.363,0.408,0.173,0.094,0.157,0.134,,0.648,,,,,,,,0.243,0.174,0.095,0.143,0.393,,,,,0.108,0.177,0.588,,,0.54,0.621,,0.146,0.152,0.195,0.64,0.638,0.16,0.138,0.634,0.185,,,0.235,,,,,0.157,,,,0.192,,0.104,,0.181,0.117,0.118,0.095,,,,0.457,0.098,,,0.127,0.115
162,14000760,,0.567,0.57,,,,0.179,,,,,0.06,0.171,,0.202,0.115,,0.154,,,,,,,,0.369,,0.449,0.171,,,0.099,,0.396,0.276,,,,0.162,0.127,0.165,,,,0.08,0.505,0.524,0.494,,,,0.24,,0.118,,,,,,0.226,0.155,,,,0.202,0.171,0.055,0.121,,,,0.104,0.171,0.157,,0.349,,,,,,0.097,,,,,0.078,0.057,0.494,0.539,0.037,0.101,0.402,0.191,0.482,0.071,0.164,0.117,,,0.179,,,0.098,0.023,0.025,,0.046,0.205,,,,,,,,0.262,,0.098,0.899,,,0.026,,0.096,,0.094,0.17,0.095,0.155,0.133,0.363,0.412,0.173,0.093,0.156,0.134,,0.648,,,,,,,,0.243,0.172,0.095,0.143,0.391,,,,,0.108,0.177,0.587,,,0.54,0.621,,0.146,0.149,0.195,0.64,0.638,0.16,0.138,0.635,0.186,,,0.231,,,,,0.157,,,,0.189,,0.105,,0.181,0.118,0.119,0.11,,,,0.454,0.098,,,0.127,0.115
162,14000820,,0.567,0.57,,,,0.179,,,,,0.06,0.177,,0.201,0.125,,0.154,,,,,,,,0.37,,0.448,0.169,,,0.098,,0.396,0.277,,,,0.161,0.125,0.165,,,,0.079,0.505,0.524,0.494,,,,0.24,,0.118,,,,,,0.217,0.154,,,,0.202,0.171,0.055,0.121,,,,0.105,0.171,0.156,,0.337,,,,,,0.097,,,,,0.078,0.057,0.454,0.554,0.037,0.101,0.4,0.191,0.485,0.071,0.165,0.116,,,0.18,,,0.099,0.022,0.016,,0.046,0.205,,,,,,,,0.261,,0.098,0.902,,,0.029,,0.096,,0.094,0.169,0.096,0.153,0.133,0.363,0.41,0.171,0.096,0.156,0.135,,0.648,,,,,,,,0.239,0.175,0.095,0.143,0.392,,,,,0.108,0.177,0.588,,,0.54,0.621,,0.146,0.15,0.195,0.64,0.638,0.16,0.138,0.638,0.186,,,0.229,,,,,0.157,,,,0.186,,0.105,,0.177,0.117,0.118,0.11,,,,0.456,0.098,,,0.127,0.115
162,14000880,,0.567,0.57,,,,0.179,,,,,0.061,0.173,,0.2,0.116,,0.154,,,,,,,,0.369,,0.431,0.167,,,0.098,,0.396,0.276,,,,0.16,0.126,0.164,,,,0.078,0.505,0.524,0.494,,,,0.24,,0.117,,,,,,0.206,0.153,,,,0.202,0.17,0.055,0.12,,,,0.104,0.171,0.156,,0.326,,,,,,0.098,,,,,0.078,0.057,0.478,0.514,0.037,0.101,0.412,0.189,0.468,0.071,0.164,0.116,,,0.179,,,0.099,0.031,0.016,,0.047,0.204,,,,,,,,0.247,,0.097,0.894,,,0.028,,0.097,,0.094,0.169,0.095,0.154,0.132,0.363,0.404,0.172,0.095,0.157,0.135,,0.648,,,,,,,,0.241,0.193,0.095,0.143,0.391,,,,,0.108,0.177,0.587,,,0.54,0.621,,0.146,0.15,0.195,0.64,0.638,0.16,0.138,0.634,0.186,,,0.23,,,,,0.157,,,,0.185,,0.104,,0.195,0.118,0.117,0.106,,,,0.456,0.098,,,0.127,0.115
162,14000940,,0.567,0.57,,,,0.179,,,,,0.06,0.182,,0.2,0.113,,0.154,,,,,,,,0.369,,0.434,0.165,,,0.098,,0.397,0.275,,,,0.16,0.126,0.163,,,,0.077,0.505,0.524,0.494,,,,0.24,,0.118,,,,,,0.196,0.153,,,,0.202,0.171,0.055,0.121,,,,0.103,0.171,0.157,,0.317,,,,,,0.096,,,,,0.076,0.057,0.483,0.526,0.036,0.101,0.389,0.187,0.441,0.071,0.166,0.118,,,0.178,,,0.098,0.036,0.036,,0.046,0.204,,,,,,,,0.252,,0.097,0.859,,,0.027,,0.096,,0.093,0.169,0.096,0.155,0.133,0.363,0.395,0.169,0.098,0.157,0.134,,0.647,,,,,,,,0.239,0.192,0.095,0.143,0.39,,,,,0.108,0.177,0.587,,,0.54,0.621,,0.146,0.149,0.196,0.64,0.638,0.16,0.138,0.635,0.185,,,0.237,,,,,0.156,,,,0.183,,0.105,,0.2,0.118,0.119,0.103,,,,0.456,0.098,,,0.127,0.116
162,14001000,,0.567,0.57,,,,0.179,,,,,0.06,0.201,,0.2,0.125,,0.154,,,,,,,,0.37,,0.424,0.17,,,0.098,,0.397,0.274,,,,0.16,0.125,0.163,,,,0.079,0.505,0.524,0.495,,,,0.24,,0.116,,,,,,0.196,0.154,,,,0.202,0.171,0.055,0.121,,,,0.103,0.172,0.157,,0.309,,,,,,0.097,,,,,0.077,0.057,0.45,0.524,0.036,0.101,0.399,0.186,0.456,0.071,0.165,0.118,,,0.178,,,0.098,0.169,0.419,,0.059,0.204,,,,,,,,0.261,,0.098,0.842,,,0.028,,0.096,,0.094,0.167,0.097,0.155,0.132,0.363,0.388,0.17,0.097,0.156,0.134,,0.648,,,,,,,,0.238,0.189,0.095,0.143,0.389,,,,,0.108,0.177,0.586,,,0.54,0.621,,0.147,0.149,0.196,0.64,0.638,0.16,0.138,0.636,0.187,,,0.239,,,,,0.157,,,,0.182,,0.105,,0.189,0.118,0.119,0.102,,,,0.459,0.097,,,0.127,0.116
162,14001060,,0.567,0.57,,,,0.179,,,,,0.062,0.16,,0.2,0.118,,0.154,,,,,,,,0.37,,0.443,0.164,,,0.098,,0.397,0.274,,,,0.159,0.128,0.164,,,,0.079,0.505,0.524,0.494,,,,0.24,,0.115,,,,,,0.198,0.154,,,,0.202,0.17,0.056,0.121,,,,0.105,0.173,0.157,,0.305,,,,,,0.097,,,,,0.077,0.057,0.45,0.55,0.036,0.101,0.405,0.185,0.447,0.071,0.164,0.117,,,0.179,,,0.099,0.104,0.301,,0.053,0.204,,,,,,,,0.251,,0.097,0.848,,,0.027,,0.096,,0.094,0.169,0.096,0.156,0.133,0.363,0.4,0.168,0.092,0.156,0.134,,0.648,,,,,,,,0.236,0.209,0.095,0.143,0.384,,,,,0.108,0.177,0.586,,,0.54,0.621,,0.146,0.149,0.196,0.64,0.638,0.16,0.138,0.638,0.186,,,0.242,,,,,0.156,,,,0.182,,0.105,,0.181,0.117,0.118,0.098,,,,0.458,0.098,,,0.127,0.116
162,14001120,,0.567,0.57,,,,0.179,,,,,0.06,0.105,,0.2,0.112,,0.154,,,,,,,,0.37,,0.446,0.171,,,0.098,,0.397,0.272,,,,0.158,0.128,0.164,,,,0.077,0.505,0.524,0.494,,,,0.241,,0.115,,,,,,0.195,0.154,,,,0.202,0.171,0.055,0.12,,,,0.104,0.173,0.156,,0.302,,,,,,0.098,,,,,0.079,0.056,0.444,0.52,0.036,0.101,0.393,0.185,0.426,0.071,0.163,0.117,,,0.179,,,0.099,0.021,0.016,,0.046,0.203,,,,,,,,0.265,,0.097,0.866,,,0.027,,0.096,,0.094,0.169,0.095,0.157,0.133,0.363,0.377,0.172,0.091,0.156,0.134,,0.648,,,,,,,,0.233,0.206,0.095,0.143,0.386,,,,,0.108,0.177,0.586,,,0.54,0.621,,0.146,0.149,0.196,0.64,0.638,0.16,0.138,0.626,0.185,,,0.239,,,,,0.156,,,,0.18,,0.105,,0.173,0.118,0.119,0.094,,,,0.456,0.097,,,0.127,0.116
162,14001180,,0.567,0.57,,,,0.179,,,,,0.06,0.094,,0.201,0.11,,0.154,,,,,,,,0.37,,0.442,0.171,,,0.099,,0.397,0.27,,,,0.157,0.127,0.164,,,,0.076,0.505,0.524,0.495,,,,0.241,,0.115,,,,,,0.197,0.154,,,,0.202,0.171,0.055,0.121,,,,0.104,0.173,0.156,,0.298,,,,,,0.096,,,,,0.08,0.056,0.435,0.53,0.036,0.101,0.395,0.183,0.426,0.071,0.164,0.116,,,0.179,,,0.098,0.022,0.016,,0.046,0.203,,,,,,,,0.25,,0.098,0.877,,,0.027,,0.096,,0.094,0.168,0.096,0.157,0.132,0.363,0.377,0.171,0.094,0.157,0.134,,0.647,,,,,,,,0.231,0.195,0.095,0.143,0.384,,,,,0.108,0.177,0.587,,,0.54,0.621,,0.146,0.145,0.196,0.64,0.638,0.16,0.138,0.628,0.182,,,0.236,,,,,0.157,,,,0.178,,0.105,,0.166,0.118,0.118,0.092,,,,0.458,0.098,,,0.127,0.116
162,14001240,,0.567,0.57,,,,0.179,,,,,0.06,0.084,,0.201,0.115,,0.154,,,,,,,,0.37,,0.434,0.171,,,0.097,,0.397,0.268,,,,0.157,0.127,0.164,,,,0.076,0.505,0.524,0.494,,,,0.241,,0.116,,,,,,0.198,0.154,,,,0.202,0.171,0.055,0.121,,,,0.104,0.173,0.156,,0.299,,,,,,0.097,,,,,0.077,0.056,0.469,0.484,0.036,0.101,0.385,0.184,0.436,0.071,0.164,0.115,,,0.178,,,0.099,0.022,0.016,,0.046,0.203,,,,,,,,0.232,,0.098,0.882,,,0.027,,0.097,,0.094,0.169,0.096,0.156,0.132,0.363,0.399,0.167,0.094,0.156,0.134,,0.648,,,,,,,,0.229,0.187,0.095,0.143,0.384,,,,,0.108,0.177,0.587,,,0.54,0.621,,0.147,0.145,0.195,0.64,0.638,0.16,0.138,0.625,0.183,,,0.233,,,,,0.157,,,,0.176,,0.105,,0.162,0.118,0.118,0.092,,,,0.458,0.088,,,0.127,0.116
162,14001300,,0.567,0.57,,,,0.179,,,,,0.06,0.101,,0.203,0.116,,0.154,,,,,,,,0.37,,0.412,0.172,,,0.098,,0.397,0.268,,,,0.156,0.126,0.165,,,,0.076,0.507,0.524,0.494,,,,0.241,,0.117,,,,,,0.198,0.155,,,,0.202,0.171,0.055,0.122,,,,0.104,0.172,0.156,,0.301,,,,,,0.097,,,,,0.077,0.056,0.439,0.485,0.036,0.101,0.374,0.182,0.421,0.071,0.165,0.117,,,0.178,,,0.1,0.052,0.059,,0.046,0.202,,,,,,,,0.237,,0.098,0.887,,,0.027,,0.097,,0.094,0.169,0.095,0.156,0.133,0.363,0.389,0.166,0.092,0.156,0.134,,0.647,,,,,,,,0.228,0.193,0.095,0.143,0.384,,,,,0.108,0.177,0.587,,,0.54,0.621,,0.147,0.145,0.196,0.64,0.638,0.16,0.138,0.628,0.185,,,0.233,,,,,0.156,,,,0.175,,0.105,,0.163,0.116,0.118,0.092,,,,0.458,0.082,,,0.127,0.116
162,14001360,,0.567,0.57,,,,0.179,,,,,0.061,0.129,,0.204,0.091,,0.154,,,,,,,,0.37,,0.425,0.173,,,0.098,,0.397,0.271,,,,0.156,0.126,0.164,,,,0.076,0.508,0.524,0.494,,,,0.241,,0.116,,,,,,0.196,0.155,,,,0.202,0.171,0.055,0.121,,,,0.104,0.173,0.156,,0.298,,,,,,0.098,,,,,0.076,0.056,0.46,0.5,0.036,0.101,0.367,0.179,0.4,0.071,0.164,0.116,,,0.179,,,0.1,0.026,0.016,,0.048,0.202,,,,,,,,0.248,,0.097,0.887,,,0.029,,0.096,,0.094,0.169,0.096,0.156,0.134,0.363,0.369,0.168,0.091,0.156,0.134,,0.648,,,,,,,,0.226,0.195,0.095,0.143,0.382,,,,,0.108,0.177,0.587,,,0.54,0.621,,0.146,0.145,0.196,0.64,0.638,0.16,0.138,0.631,0.187,,,0.241,,,,,0.156,,,,0.173,,0.105,,0.162,0.118,0.117,0.091,,,,0.46,0.09,,,0.127,0.115
162,14001420,,0.567,0.57,,,,0.179,,,,,0.065,0.114,,0.203,0.096,,0.154,,,,,,,,0.369,,0.438,0.172,,,0.099,,0.397,0.273,,,,0.155,0.125,0.163,,,,0.076,0.508,0.524,0.495,,,,0.241,,0.116,,,,,,0.195,0.155,,,,0.202,0.171,0.055,0.121,,,,0.104,0.173,0.156,,0.294,,,,,,0.097,,,,,0.076,0.056,0.429,0.526,0.036,0.101,0.396,0.18,0.411,0.071,0.164,0.116,,,0.179,,,0.098,0.07,0.162,,0.046,0.202,,,,,,,,0.246,,0.098,0.891,,,0.028,,0.096,,0.094,0.169,0.097,0.155,0.134,0.363,0.364,0.167,0.09,0.157,0.134,,0.647,,,,,,,,0.224,0.186,0.095,0.143,0.379,,,,,0.108,0.177,0.587,,,0.54,0.621,,0.146,0.145,0.195,0.64,0.638,0.16,0.138,0.638,0.188,,,0.244,,,,,0.156,,,,0.173,,0.104,,0.171,0.118,0.119,0.09,,,,0.459,0.092,,,0.127,0.115
162,14001480,,0.567,0.57,,,,0.179,,,,,0.061,0.126,,0.202,0.111,,0.154,,,,,,,,0.37,,0.432,0.174,,,0.098,,0.397,0.273,,,,0.154,0.125,0.164,,,,0.076,0.508,0.524,0.495,,,,0.241,,0.117,,,,,,0.194,0.154,,,,0.202,0.171,0.055,0.122,,,,0.104,0.172,0.156,,0.296,,,,,,0.097,,,,,0.076,0.056,0.445,0.582,0.036,0.101,0.389,0.178,0.424,0.071,0.164,0.115,,,0.178,,,0.099,0.031,0.016,,0.046,0.202,,,,,,,,0.237,,0.098,0.9,,,0.027,,0.096,,0.094,0.17,0.095,0.157,0.134,0.363,0.364,0.166,0.09,0.157,0.135,,0.648,,,,,,,,0.223,0.185,0.095,0.143,0.378,,,,,0.108,0.177,0.587,,,0.54,0.621,,0.147,0.146,0.196,0.64,0.638,0.16,0.138,0.641,0.185,,,0.242,,,,,0.156,,,,0.172,,0.105,,0.17,0.117,0.118,0.089,,,,0.458,0.093,,,0.127,0.115
162,14001540,,0.567,0.57,,,,0.179,,,,,0.075,0.163,,0.202,0.11,,0.154,,,,,,,,0.369,,0.423,0.175,,,0.098,,0.397,0.272,,,,0.154,0.125,0.164,,,,0.076,0.507,0.524,0.494,,,,0.241,,0.115,,,,,,0.196,0.154,,,,0.202,0.171,0.055,0.121,,,,0.104,0.173,0.156,,0.296,,,,,,0.098,,,,,0.075,0.056,0.412,0.594,0.036,0.101,0.376,0.179,0.429,0.071,0.163,0.118,,,0.178,,,0.1,0.037,0.027,,0.058,0.202,,,,,,,,0.226,,0.098,0.9,,,0.028,,0.097,,0.095,0.169,0.096,0.157,0.134,0.363,0.379,0.165,0.091,0.157,0.134,,0.648,,,,,,,,0.221,0.186,0.095,0.143,0.378,,,,,0.108,0.177,0.587,,,0.54,0.621,,0.146,0.146,0.196,0.64,0.638,0.16,0.138,0.646,0.181,,,0.241,,,,,0.156,,,,0.172,,0.105,,0.168,0.119,0.118,0.089,,,,0.458,0.093,,,0.127,0.115
162,14001600,,0.567,0.57,,,,0.179,,,,,0.061,0.16,,0.201,0.104,,0.154,,,,,,,,0.369,,0.438,0.175,,,0.099,,0.397,0.271,,,,0.153,0.125,0.164,,,,0.077,0.506,0.524,0.494,,,,0.241,,0.116,,,,,,0.192,0.154,,,,0.202,0.171,0.055,0.122,,,,0.103,0.173,0.156,,0.293,,,,,,0.098,,,,,0.076,0.056,0.4,0.609,0.036,0.101,0.398,0.178,0.415,0.071,0.163,0.117,,,0.177,,,0.1,0.028,0.033,,0.047,0.201,,,,,,,,0.256,,0.098,0.908,,,0.028,,0.097,,0.094,0.168,0.096,0.156,0.134,0.363,0.346,0.163,0.091,0.156,0.134,,0.648,,,,,,,,0.221,0.184,0.095,0.143,0.378,,,,,0.108,0.177,0.587,,,0.54,0.621,,0.146,0.146,0.196,0.64,0.638,0.16,0.138,0.644,0.183,,,0.235,,,,,0.156,,,,0.172,,0.105,,0.154,0.117,0.119,0.09,,,,0.46,0.093,,,0.127,0.115
162,14001660,,0.566,0.57,,,,0.179,,,,,0.063,0.16,,0.202,0.109,,0.154,,,,,,,,0.369,,0.427,0.174,,,0.1,,0.397,0.271,,,,0.153,0.125,0.164,,,,0.077,0.506,0.524,0.495,,,,0.241,,0.117,,,,,,0.193,0.154,,,,0.202,0.171,0.055,0.121,,,,0.104,0.173,0.156,,0.291,,,,,,0.097,,,,,0.076,0.056,0.389,0.611,0.036,0.101,0.409,0.18,0.41,0.071,0.163,0.116,,,0.177,,,0.098,0.022,0.015,,0.046,0.201,,,,,,,,0.234,,0.099,0.912,,,0.028,,0.096,,0.095,0.169,0.095,0.156,0.134,0.363,0.338,0.164,0.091,0.157,0.134,,0.648,,,,,,,,0.219,0.186,0.095,0.143,0.378,,,,,0.108,0.177,0.587,,,0.54,0.621,,0.147,0.146,0.196,0.64,0.638,0.16,0.138,0.64,0.182,,,0.235,,,,,0.155,,,,0.172,,0.104,,0.164,0.118,0.12,0.09,,,,0.458,0.094,,,0.127,0.115
162,14001720,,0.567,0.57,,,,0.179,,,,,0.062,0.134,,0.203,0.091,,0.154,,,,,,,,0.369,,0.429,0.175,,,0.098,,0.397,0.274,,,,0.151,0.125,0.163,,,,0.076,0.506,0.524,0.494,,,,0.241,,0.118,,,,,,0.189,0.155,,,,0.202,0.171,0.055,0.122,,,,0.104,0.173,0.155,,0.291,,,,,,0.097,,,,,0.075,0.056,0.408,0.609,0.036,0.101,0.444,0.176,0.42,0.071,0.163,0.113,,,0.177,,,0.099,0.022,0.016,,0.045,0.201,,,,,,,,0.232,,0.098,0.881,,,0.028,,0.096,,0.094,0.168,0.096,0.157,0.134,0.363,0.386,0.162,0.09,0.156,0.138,,0.648,,,,,,,,0.217,0.185,0.095,0.143,0.376,,,,,0.108,0.177,0.587,,,0.54,0.621,,0.147,0.146,0.196,0.64,0.638,0.16,0.138,0.639,0.182,,,0.235,,,,,0.157,,,,0.171,,0.105,,0.164,0.118,0.118,0.09,,,,0.455,0.095,,,0.127,0.115
162,14001780,,0.567,0.57,,,,0.179,,,,,0.062,0.12,,0.203,0.091,,0.154,,,,,,,,0.369,,0.413,0.175,,,0.099,,0.397,0.273,,,,0.149,0.125,0.164,,,,0.076,0.506,0.524,0.494,,,,0.241,,0.118,,,,,,0.19,0.155,,,,0.202,0.171,0.055,0.12,,,,0.104,0.171,0.155,,0.293,,,,,,0.098,,,,,0.075,0.056,0.373,0.609,0.036,0.101,0.423,0.175,0.405,0.071,0.163,0.115,,,0.177,,,0.099,0.024,0.015,,0.063,0.201,,,,,,,,0.223,,0.098,0.891,,,0.028,,0.097,,0.094,0.169,0.096,0.156,0.134,0.363,0.345,0.164,0.091,0.156,0.139,,0.648,,,,,,,,0.215,0.182,0.095,0.143,0.373,,,,,0.108,0.177,0.587,,,0.54,0.621,,0.147,0.146,0.195,0.64,0.638,0.16,0.138,0.638,0.184,,,0.238,,,,,0.157,,,,0.171,,0.105,,0.164,0.118,0.119,0.09,,,,0.458,0.095,,,0.127,0.115
162,14001840,,0.567,0.57,,,,0.179,,,,,0.065,0.106,,0.202,0.092,,0.154,,,,,,,,0.37,,0.416,0.176,,,0.099,,0.397,0.274,,,,0.146,0.125,0.164,,,,0.076,0.506,0.524,0.495,,,,0.241,,0.117,,,,,,0.195,0.155,,,,0.202,0.171,0.055,0.121,,,,0.104,0.17,0.154,,0.292,,,,,,0.099,,,,,0.076,0.056,0.386,0.606,0.036,0.101,0.421,0.174,0.401,0.071,0.163,0.115,,,0.177,,,0.1,0.04,0.073,,0.155,0.201,,,,,,,,0.218,,0.098,0.889,,,0.027,,0.097,,0.092,0.169,0.097,0.156,0.134,0.363,0.333,0.167,0.091,0.156,0.139,,0.648,,,,,,,,0.212,0.183,0.095,0.143,0.372,,,,,0.108,0.177,0.587,,,0.54,0.621,,0.146,0.146,0.195,0.64,0.638,0.16,0.138,0.639,0.185,,,0.239,,,,,0.156,,,,0.17,,0.105,,0.159,0.119,0.12,0.091,,,,0.457,0.094,,,0.127,0.115
162,14001900,,0.567,0.57,,,,0.179,,,,,0.063,0.097,,0.201,0.115,,0.154,,,,,,,,0.37,,0.407,0.175,,,0.099,,0.397,0.273,,,,0.145,0.125,0.164,,,,0.077,0.506,0.523,0.495,,,,0.241,,0.117,,,,,,0.197,0.156,,,,0.202,0.171,0.055,0.121,,,,0.104,0.168,0.154,,0.293,,,,,,0.097,,,,,0.075,0.056,0.446,0.63,0.036,0.101,0.476,0.176,0.395,0.071,0.162,0.116,,,0.178,,,0.099,0.024,0.015,,0.036,0.201,,,,,,,,0.246,,0.099,0.892,,,0.027,,0.096,,0.093,0.169,0.096,0.156,0.134,0.363,0.36,0.162,0.09,0.156,0.138,,0.648,,,,,,,,0.212,0.186,0.095,0.143,0.372,,,,,0.108,0.177,0.587,,,0.54,0.621,,0.149,0.147,0.195,0.64,0.638,0.16,0.138,0.634,0.185,,,0.243,,,,,0.156,,,,0.169,,0.105,,0.158,0.119,0.119,0.098,,,,0.458,0.095,,,0.127,0.115
162,14001960,,0.567,0.57,,,,0.179,,,,,0.063,0.095,,0.202,0.122,,0.154,,,,,,,,0.371,,0.421,0.174,,,0.098,,0.397,0.271,,,,0.144,0.125,0.164,,,,0.077,0.506,0.524,0.495,,,,0.241,,0.118,,,,,,0.222,0.156,,,,0.202,0.172,0.054,0.122,,,,0.105,0.168,0.155,,0.293,,,,,,0.098,,,,,0.075,0.056,0.415,0.618,0.036,0.101,0.466,0.174,0.409,0.071,0.162,0.117,,,0.178,,,0.099,0.023,0.015,,0.041,0.2,,,,,,,,0.219,,0.099,0.89,,,0.027,,0.097,,0.094,0.17,0.097,0.156,0.135,0.363,0.35,0.16,0.087,0.157,0.138,,0.648,,,,,,,,0.209,0.186,0.095,0.143,0.372,,,,,0.108,0.177,0.586,,,0.54,0.621,,0.15,0.148,0.195,0.64,0.638,0.16,0.138,0.632,0.187,,,0.239,,,,,0.156,,,,0.169,,0.104,,0.155,0.117,0.118,0.106,,,,0.458,0.094,,,0.127,0.115
162,14002020,,0.567,0.57,,,,0.179,,,,,0.064,0.108,,0.201,0.121,,0.154,,,,,,,,0.371,,0.436,0.174,,,0.098,,0.397,0.272,,,,0.144,0.124,0.164,,,,0.077,0.506,0.524,0.495,,,,0.241,,0.116,,,,,,0.21,0.156,,,,0.202,0.171,0.054,0.122,,,,0.104,0.169,0.155,,0.291,,,,,,0.099,,,,,0.074,0.056,0.357,0.621,0.036,0.101,0.403,0.175,0.406,0.071,0.163,0.118,,,0.177,,,0.1,0.022,0.015,,0.041,0.2,,,,,,,,0.23,,0.097,0.895,,,0.028,,0.097,,0.095,0.17,0.095,0.156,0.135,0.363,0.364,0.159,0.086,0.156,0.138,,0.647,,,,,,,,0.208,0.185,0.095,0.143,0.373,,,,,0.108,0.177,0.586,,,0.54,0.621,,0.146,0.147,0.195,0.64,0.638,0.16,0.138,0.624,0.189,,,0.235,,,,,0.155,,,,0.17,,0.104,,0.154,0.119,0.119,0.104,,,,0.457,0.095,,,0.127,0.115
162,14002080,,0.567,0.57,,,,0.179,,,,,0.065,0.066,,0.201,0.103,,0.154,,,,,,,,0.371,,0.453,0.175,,,0.099,,0.397,0.271,,,,0.141,0.124,0.164,,,,0.076,0.506,0.524,0.495,,,,0.241,,0.116,,,,,,0.199,0.156,,,,0.202,0.172,0.054,0.121,,,,0.103,0.17,0.155,,0.287,,,,,,0.099,,,,,0.076,0.056,0.392,0.616,0.036,0.101,0.428,0.172,0.402,0.071,0.161,0.116,,,0.177,,,0.099,0.024,0.015,,0.036,0.2,,,,,,,,0.219,,0.097,0.892,,,0.028,,0.098,,0.094,0.169,0.095,0.156,0.135,0.363,0.348,0.16,0.088,0.156,0.134,,0.647,,,,,,,,0.206,0.184,0.095,0.143,0.37,,,,,0.108,0.177,0.586,,,0.54,0.621,,0.147,0.147,0.195,0.64,0.638,0.16,0.138,0.626,0.188,,,0.23,,,,,0.156,,,,0.17,,0.104,,0.152,0.119,0.121,0.099,,,,0.457,0.094,,,0.127,0.115
162,14002140,,0.567,0.57,,,,0.179,,,,,0.064,0.061,,0.201,0.096,,0.154,,,,,,,,0.371,,0.446,0.175,,,0.1,,0.397,0.275,,,,0.14,0.125,0.165,,,,0.076,0.506,0.524,0.495,,,,0.241,,0.117,,,,,,0.193,0.156,,,,0.202,0.172,0.054,0.122,,,,0.105,0.17,0.155,,0.284,,,,,,0.097,,,,,0.075,0.056,0.389,0.635,0.036,0.101,0.449,0.172,0.391,0.071,0.161,0.116,,,0.177,,,0.1,0.026,0.015,,0.173,0.2,,,,,,,,0.218,,0.098,0.897,,,0.028,,0.096,,0.095,0.169,0.095,0.156,0.135,0.363,0.343,0.159,0.088,0.157,0.133,,0.647,,,,,,,,0.205,0.182,0.095,0.143,0.369,,,,,0.108,0.177,0.586,,,0.54,0.621,,0.148,0.147,0.195,0.64,0.638,0.16,0.138,0.629,0.185,,,0.231,,,,,0.156,,,,0.17,,0.104,,0.151,0.118,0.119,0.096,,,,0.457,0.094,,,0.127,0.115
162,14002200,,0.567,0.57,,,,0.179,,,,,0.065,0.048,,0.201,0.096,,0.154,,,,,,,,0.371,,0.423,0.175,,,0.098,,0.397,0.277,,,,0.139,0.124,0.164,,,,0.076,0.508,0.524,0.495,,,,0.241,,0.118,,,,,,0.191,0.156,,,,0.202,0.172,0.054,0.12,,,,0.105,0.17,0.156,,0.295,,,,,,0.098,,,,,0.075,0.056,0.416,0.599,0.036,0.101,0.442,0.171,0.402,0.071,0.161,0.115,,,0.176,,,0.101,0.023,0.015,,0.037,0.2,,,,,,,,0.218,,0.098,0.891,,,0.028,,0.097,,0.094,0.17,0.095,0.156,0.135,0.363,0.334,0.156,0.089,0.157,0.134,,0.647,,,,,,,,0.21,0.187,0.095,0.143,0.369,,,,,0.108,0.177,0.586,,,0.54,0.621,,0.147,0.148,0.196,0.64,0.638,0.16,0.138,0.631,0.185,,,0.235,,,,,0.156,,,,0.188,,0.104,,0.15,0.118,0.119,0.094,,,,0.456,0.093,,,0.127,0.115
162,14002260,,0.567,0.57,,,,0.179,,,,,0.065,0.072,,0.201,0.089,,0.154,,,,,,,,0.37,,0.423,0.175,,,0.099,,0.397,0.277,,,,0.138,0.124,0.164,,,,0.076,0.508,0.524,0.495,,,,0.241,,0.116,,,,,,0.189,0.156,,,,0.202,0.172,0.055,0.121,,,,0.105,0.17,0.156,,0.296,,,,,,0.099,,,,,0.076,0.056,0.38,0.621,0.036,0.101,0.466,0.17,0.38,0.071,0.161,0.115,,,0.177,,,0.101,0.024,0.015,,0.043,0.2,,,,,,,,0.223,,0.097,0.9,,,0.028,,0.097,,0.095,0.169,0.095,0.156,0.135,0.363,0.337,0.158,0.087,0.156,0.133,,0.647,,,,,,,,0.212,0.182,0.095,0.143,0.367,,,,,0.108,0.177,0.587,,,0.54,0.621,,0.147,0.147,0.196,0.64,0.638,0.16,0.138,0.636,0.183,,,0.237,,,,,0.156,,,,0.184,,0.104,,0.15,0.118,0.12,0.092,,,,0.457,0.093,,,0.127,0.115
162,14002320,,0.567,0.57,,,,0.179,,,,,0.066,0.075,,0.201,0.086,,0.154,,,,,,,,0.371,,0.411,0.175,,,0.1,,0.397,0.277,,,,0.138,0.124,0.165,,,,0.076,0.508,0.524,0.495,,,,0.241,,0.117,,,,,,0.192,0.156,,,,0.202,0.172,0.054,0.121,,,,0.104,0.165,0.156,,0.29,,,,,,0.099,,,,,0.075,0.056,0.401,0.603,0.036,0.101,0.46,0.171,0.401,0.071,0.163,0.116,,,0.177,,,0.099,0.032,0.033,,0.037,0.2,,,,,,,,0.218,,0.098,0.901,,,0.029,,0.097,,0.094,0.169,0.096,0.156,0.135,0.363,0.337,0.157,0.087,0.157,0.133,,0.648,,,,,,,,0.203,0.183,0.095,0.143,0.367,,,,,0.108,0.177,0.587,,,0.54,0.621,,0.147,0.147,0.195,0.64,0.638,0.16,0.138,0.637,0.182,,,0.236,,,,,0.156,,,,0.183,,0.104,,0.15,0.118,0.12,0.091,,,,0.457,0.095,,,0.127,0.115
162,14002380,,0.567,0.57,,,,0.179,,,,,0.065,0.097,,0.201,0.111,,0.154,,,,,,,,0.371,,0.425,0.175,,,0.1,,0.397,0.275,,,,0.137,0.124,0.165,,,,0.076,0.508,0.524,0.495,,,,0.241,,0.118,,,,,,0.192,0.156,,,,0.202,0.173,0.054,0.121,,,,0.105,0.163,0.156,,0.287,,,,,,0.098,,,,,0.074,0.056,0.416,0.617,0.036,0.101,0.463,0.171,0.384,0.071,0.164,0.116,,,0.176,,,0.1,0.033,0.048,,0.037,0.2,,,,,,,,0.219,,0.097,0.901,,,0.028,,0.097,,0.094,0.17,0.094,0.157,0.136,0.363,0.344,0.158,0.09,0.157,0.134,,0.648,,,,,,,,0.201,0.182,0.095,0.143,0.367,,,,,0.108,0.177,0.587,,,0.54,0.621,,0.147,0.147,0.196,0.64,0.638,0.16,0.138,0.637,0.183,,,0.236,,,,,0.156,,,,0.182,,0.103,,0.151,0.119,0.121,0.09,,,,0.458,0.094,,,0.127,0.115
162,14002440,,0.567,0.571,,,,0.179,,,,,0.065,0.127,,0.201,0.109,,0.154,,,,,,,,0.371,,0.444,0.175,,,0.099,,0.398,0.274,,,,0.137,0.124,0.164,,,,0.076,0.509,0.524,0.495,,,,0.241,,0.118,,,,,,0.192,0.156,,,,0.202,0.172,0.054,0.122,,,,0.105,0.163,0.156,,0.282,,,,,,0.097,,,,,0.074,0.056,0.398,0.619,0.036,0.101,0.487,0.169,0.396,0.071,0.163,0.114,,,0.176,,,0.1,0.022,0.015,,0.041,0.2,,,,,,,,0.211,,0.098,0.904,,,0.027,,0.097,,0.095,0.17,0.095,0.156,0.132,0.363,0.338,0.157,0.089,0.152,0.133,,0.648,,,,,,,,0.2,0.184,0.095,0.143,0.367,,,,,0.108,0.177,0.587,,,0.54,0.621,,0.147,0.147,0.196,0.64,0.638,0.16,0.138,0.639,0.181,,,0.235,,,,,0.156,,,,0.182,,0.104,,0.149,0.117,0.119,0.09,,,,0.458,0.09,,,0.127,0.115
162,14002500,,0.567,0.57,,,,0.179,,,,,0.066,0.096,,0.201,0.114,,0.154,,,,,,,,0.37,,0.431,0.175,,,0.099,,0.398,0.272,,,,0.136,0.124,0.165,,,,0.076,0.506,0.524,0.495,,,,0.241,,0.117,,,,,,0.195,0.157,,,,0.202,0.173,0.054,0.122,,,,0.104,0.163,0.155,,0.281,,,,,,0.098,,,,,0.075,0.056,0.403,0.628,0.036,0.101,0.478,0.169,0.397,0.071,0.161,0.117,,,0.176,,,0.101,0.057,0.105,,0.037,0.199,,,,,,,,0.22,,0.097,0.903,,,0.027,,0.098,,0.094,0.17,0.096,0.157,0.135,0.363,0.339,0.158,0.088,0.153,0.133,,0.648,,,,,,,,0.199,0.182,0.095,0.143,0.365,,,,,0.108,0.177,0.587,,,0.54,0.621,,0.147,0.146,0.196,0.64,0.638,0.16,0.138,0.645,0.182,,,0.236,,,,,0.157,,,,0.179,,0.104,,0.147,0.118,0.12,0.09,,,,0.459,0.089,,,0.127,0.115
162,14002560,,0.567,0.57,,,,0.179,,,,,0.066,0.1,,0.201,0.1,,0.154,,,,,,,,0.371,,0.429,0.175,,,0.099,,0.398,0.273,,,,0.136,0.125,0.165,,,,0.076,0.506,0.524,0.495,,,,0.241,,0.117,,,,,,0.192,0.157,,,,0.202,0.173,0.054,0.122,,,,0.105,0.163,0.156,,0.283,,,,,,0.099,,,,,0.074,0.056,0.378,0.614,0.036,0.101,0.418,0.168,0.376,0.071,0.162,0.116,,,0.176,,,0.1,0.031,0.041,,0.039,0.2,,,,,,,,0.215,,0.097,0.892,,,0.027,,0.097,,0.094,0.17,0.096,0.156,0.135,0.363,0.316,0.158,0.087,0.153,0.134,,0.648,,,,,,,,0.198,0.181,0.095,0.143,0.365,,,,,0.108,0.177,0.586,,,0.54,0.621,,0.147,0.147,0.197,0.64,0.638,0.16,0.138,0.643,0.184,,,0.233,,,,,0.156,,,,0.177,,0.103,,0.146,0.118,0.121,0.091,,,,0.459,0.092,,,0.127,0.116
162,14002620,,0.566,0.57,,,,0.179,,,,,0.066,0.094,,0.202,0.128,,0.154,,,,,,,,0.371,,0.417,0.175,,,0.1,,0.398,0.273,,,,0.136,0.125,0.166,,,,0.076,0.506,0.524,0.496,,,,0.241,,0.118,,,,,,0.19,0.157,,,,0.202,0.173,0.055,0.121,,,,0.105,0.162,0.155,,0.283,,,,,,0.097,,,,,0.075,0.056,0.363,0.624,0.036,0.101,0.404,0.168,0.398,0.071,0.162,0.115,,,0.176,,,0.1,0.027,0.018,,0.038,0.2,,,,,,,,0.209,,0.098,0.895,,,0.026,,0.097,,0.094,0.17,0.095,0.156,0.135,0.363,0.321,0.154,0.087,0.152,0.134,,0.647,,,,,,,,0.195,0.184,0.095,0.143,0.365,,,,,0.108,0.177,0.586,,,0.54,0.621,,0.148,0.147,0.197,0.64,0.638,0.16,0.138,0.636,0.184,,,0.233,,,,,0.156,,,,0.176,,0.103,,0.155,0.117,0.12,0.092,,,,0.459,0.092,,,0.127,0.116
162,14002680,,0.566,0.57,,,,0.179,,,,,0.066,0.046,,0.203,0.102,,0.154,,,,,,,,0.371,,0.428,0.176,,,0.099,,0.398,0.272,,,,0.136,0.124,0.165,,,,0.076,0.506,0.524,0.496,,,,0.241,,0.118,,,,,,0.188,0.157,,,,0.202,0.173,0.055,0.122,,,,0.106,0.16,0.156,,0.281,,,,,,0.098,,,,,0.073,0.056,0.33,0.62,0.036,0.101,0.407,0.167,0.387,0.071,0.162,0.115,,,0.176,,,0.101,0.022,0.015,,0.055,0.199,,,,,,,,0.21,,0.098,0.894,,,0.026,,0.097,,0.095,0.17,0.096,0.156,0.135,0.363,0.326,0.155,0.085,0.152,0.133,,0.648,,,,,,,,0.193,0.183,0.095,0.143,0.364,,,,,0.108,0.177,0.586,,,0.541,0.621,,0.147,0.147,0.197,0.64,0.638,0.16,0.139,0.634,0.182,,,0.232,,,,,0.156,,,,0.174,,0.104,,0.155,0.117,0.12,0.09,,,,0.46,0.092,,,0.127,0.116
162,14002740,,0.567,0.57,,,,0.182,,,,,0.066,0.047,,0.203,0.113,,0.154,,,,,,,,0.372,,0.436,0.176,,,0.099,,0.398,0.27,,,,0.136,0.124,0.165,,,,0.076,0.506,0.524,0.496,,,,0.241,,0.119,,,,,,0.193,0.157,,,,0.202,0.173,0.055,0.121,,,,0.104,0.159,0.157,,0.282,,,,,,0.098,,,,,0.075,0.056,0.385,0.609,0.036,0.101,0.449,0.167,0.388,0.071,0.161,0.116,,,0.176,,,0.101,0.023,0.015,,0.039,0.199,,,,,,,,0.222,,0.097,0.894,,,0.026,,0.098,,0.094,0.17,0.096,0.157,0.135,0.363,0.318,0.156,0.085,0.152,0.134,,0.648,,,,,,,,0.192,0.182,0.095,0.143,0.363,,,,,0.108,0.177,0.587,,,0.541,0.621,,0.147,0.148,0.196,0.64,0.638,0.16,0.139,0.637,0.182,,,0.237,,,,,0.156,,,,0.171,,0.104,,0.155,0.119,0.121,0.089,,,,0.458,0.092,,,0.127,0.116
162,14002800,,0.567,0.57,,,,0.182,,,,,0.066,0.063,,0.203,0.101,,0.154,,,,,,,,0.372,,0.411,0.176,,,0.1,,0.398,0.269,,,,0.136,0.124,0.166,,,,0.076,0.506,0.524,0.496,,,,0.241,,0.118,,,,,,0.19,0.157,,,,0.202,0.173,0.055,0.122,,,,0.105,0.158,0.157,,0.282,,,,,,0.097,,,,,0.074,0.056,0.386,0.609,0.036,0.101,0.49,0.166,0.374,0.071,0.161,0.115,,,0.176,,,0.099,0.022,0.015,,0.039,0.199,,,,,,,,0.225,,0.097,0.888,,,0.026,,0.097,,0.094,0.17,0.096,0.157,0.136,0.363,0.313,0.154,0.085,0.152,0.134,,0.648,,,,,,,,0.192,0.182,0.095,0.143,0.362,,,,,0.108,0.177,0.586,,,0.541,0.621,,0.148,0.147,0.197,0.64,0.638,0.16,0.14,0.641,0.183,,,0.246,,,,,0.156,,,,0.172,,0.104,,0.153,0.118,0.12,0.089,,,,0.458,0.094,,,0.127,0.116
162,14002860,,0.567,0.57,,,,0.182,,,,,0.066,0.09,,0.203,0.088,,0.154,,,,,,,,0.372,,0.423,0.176,,,0.099,,0.398,0.272,,,,0.136,0.124,0.165,,,,0.076,0.506,0.524,0.496,,,,0.241,,0.119,,,,,,0.189,0.157,,,,0.202,0.173,0.055,0.122,,,,0.106,0.157,0.158,,0.279,,,,,,0.098,,,,,0.074,0.056,0.387,0.601,0.036,0.101,0.462,0.166,0.365,0.071,0.16,0.113,,,0.176,,,0.1,0.029,0.037,,0.039,0.199,,,,,,,,0.221,,0.098,0.889,,,0.026,,0.097,,0.094,0.169,0.097,0.156,0.136,0.364,0.323,0.157,0.085,0.153,0.133,,0.648,,,,,,,,0.19,0.179,0.095,0.143,0.359,,,,,0.108,0.177,0.586,,,0.541,0.621,,0.147,0.148,0.196,0.64,0.638,0.16,0.14,0.645,0.186,,,0.251,,,,,0.156,,,,0.171,,0.103,,0.148,0.117,0.12,0.089,,,,0.458,0.093,,,0.127,0.116
162,14002920,,0.567,0.57,,,,0.183,,,,,0.067,0.113,,0.203,0.097,,0.154,,,,,,,,0.372,,0.433,0.176,,,0.098,,0.398,0.274,,,,0.136,0.124,0.166,,,,0.076,0.506,0.524,0.496,,,,0.241,,0.119,,,,,,0.189,0.157,,,,0.202,0.172,0.054,0.122,,,,0.106,0.155,0.158,,0.278,,,,,,0.098,,,,,0.073,0.056,0.361,0.614,0.036,0.101,0.471,0.166,0.363,0.071,0.161,0.115,,,0.176,,,0.101,0.022,0.015,,0.156,0.198,,,,,,,,0.223,,0.098,0.897,,,0.026,,0.098,,0.094,0.17,0.098,0.157,0.136,0.364,0.311,0.155,0.086,0.153,0.133,,0.648,,,,,,,,0.186,0.179,0.095,0.143,0.359,,,,,0.108,0.177,0.587,,,0.541,0.621,,0.147,0.147,0.197,0.64,0.638,0.16,0.141,0.648,0.187,,,0.249,,,,,0.155,,,,0.17,,0.104,,0.149,0.119,0.12,0.089,,,,0.458,0.093,,,0.127,0.116
162,14002980,,0.567,0.57,,,,0.183,,,,,0.066,0.079,,0.203,0.093,,0.154,,,,,,,,0.372,,0.423,0.176,,,0.099,,0.398,0.275,,,,0.135,0.124,0.165,,,,0.076,0.506,0.524,0.496,,,,0.241,,0.097,,,,,,0.194,0.157,,,,0.202,0.173,0.055,0.122,,,,0.104,0.154,0.16,,0.275,,,,,,0.099,,,,,0.074,0.056,0.344,0.617,0.036,0.101,0.468,0.164,0.361,0.071,0.162,0.115,,,0.176,,,0.101,0.022,0.015,,0.041,0.198,,,,,,,,0.226,,0.097,0.896,,,0.026,,0.098,,0.093,0.169,0.096,0.157,0.136,0.364,0.335,0.156,0.086,0.152,0.134,,0.647,,,,,,,,0.185,0.182,0.095,0.143,0.357,,,,,0.108,0.177,0.587,,,0.541,0.621,,0.147,0.147,0.197,0.64,0.638,0.16,0.141,0.641,0.187,,,0.248,,,,,0.156,,,,0.17,,0.104,,0.148,0.118,0.121,0.089,,,,0.459,0.093,,,0.127,0.116
162,14003040,,0.567,0.57,,,,0.183,,,,,0.066,0.082,,0.202,0.086,,0.154,,,,,,,,0.37,,0.422,0.176,,,0.1,,0.398,0.272,,,,0.136,0.124,0.166,,,,0.076,0.506,0.524,0.496,,,,0.241,,0.097,,,,,,0.193,0.157,,,,0.202,0.173,0.055,0.122,,,,0.105,0.153,0.16,,0.277,,,,,,0.097,,,,,0.074,0.056,0.326,0.598,0.036,0.101,0.456,0.164,0.355,0.071,0.161,0.114,,,0.171,,,0.101,0.023,0.015,,0.096,0.198,,,,,,,,0.214,,0.097,0.898,,,0.026,,0.098,,0.094,0.17,0.095,0.156,0.136,0.364,0.316,0.152,0.09,0.153,0.133,,0.647,,,,,,,,0.184,0.181,0.095,0.143,0.357,,,,,0.108,0.177,0.586,,,0.541,0.621,,0.147,0.147,0.197,0.64,0.638,0.16,0.14,0.647,0.189,,,0.245,,,,,0.155,,,,0.17,,0.104,,0.147,0.118,0.12,0.089,,,,0.457,0.093,,,0.127,0.115
162,14003100,,0.567,0.57,,,,0.183,,,,,0.066,0.062,,0.202,0.1,,0.154,,,,,,,,0.371,,0.419,0.175,,,0.1,,0.398,0.272,,,,0.136,0.125,0.167,,,,0.076,0.507,0.524,0.496,,,,0.241,,0.097,,,,,,0.191,0.158,,,,0.202,0.173,0.055,0.122,,,,0.106,0.152,0.16,,0.279,,,,,,0.098,,,,,0.072,0.056,0.356,0.602,0.036,0.1,0.466,0.164,0.386,0.071,0.162,0.115,,,0.17,,,0.101,0.024,0.015,,0.041,0.198,,,,,,,,0.21,,0.098,0.895,,,0.025,,0.098,,0.094,0.171,0.094,0.156,0.137,0.364,0.308,0.153,0.092,0.152,0.133,,0.648,,,,,,,,0.184,0.183,0.095,0.143,0.356,,,,,0.108,0.177,0.587,,,0.541,0.621,,0.147,0.147,0.196,0.64,0.638,0.16,0.141,0.639,0.19,,,0.243,,,,,0.156,,,,0.169,,0.103,,0.146,0.118,0.12,0.09,,,,0.456,0.093,,,0.127,0.115
162,14003160,,0.567,0.57,,,,0.183,,,,,0.066,0.075,,0.202,0.091,,0.154,,,,,,,,0.371,,0.418,0.177,,,0.099,,0.398,0.272,,,,0.136,0.126,0.166,,,,0.076,0.508,0.524,0.496,,,,0.241,,0.098,,,,,,0.216,0.157,,,,0.202,0.173,0.055,0.123,,,,0.106,0.152,0.161,,0.28,,,,,,0.098,,,,,0.073,0.056,0.375,0.592,0.036,0.1,0.487,0.164,0.376,0.071,0.159,0.115,,,0.17,,,0.102,0.022,0.015,,0.052,0.198,,,,,,,,0.213,,0.097,0.873,,,0.025,,0.099,,0.094,0.17,0.095,0.157,0.136,0.364,0.313,0.153,0.09,0.152,0.134,,0.648,,,,,,,,0.182,0.18,0.095,0.143,0.355,,,,,0.108,0.177,0.587,,,0.541,0.621,,0.147,0.148,0.196,0.64,0.638,0.16,0.14,0.642,0.188,,,0.244,,,,,0.156,,,,0.169,,0.104,,0.147,0.12,0.119,0.103,,,,0.458,0.092,,,0.127,0.115
162,14003220,,0.567,0.57,,,,0.183,,,,,0.066,0.095,,0.202,0.087,,0.154,,,,,,,,0.371,,0.418,0.177,,,0.1,,0.398,0.273,,,,0.136,0.125,0.166,,,,0.076,0.508,0.524,0.496,,,,0.241,,0.097,,,,,,0.205,0.157,,,,0.202,0.173,0.055,0.122,,,,0.105,0.15,0.165,,0.28,,,,,,0.099,,,,,0.074,0.056,0.322,0.593,0.036,0.1,0.49,0.162,0.359,0.071,0.16,0.115,,,0.17,,,0.1,0.023,0.015,,0.042,0.198,,,,,,,,0.219,,0.097,0.884,,,0.025,,0.099,,0.093,0.17,0.096,0.157,0.137,0.364,0.299,0.154,0.088,0.153,0.133,,0.647,,,,,,,,0.18,0.18,0.095,0.143,0.352,,,,,0.108,0.177,0.587,,,0.541,0.621,,0.147,0.147,0.196,0.64,0.638,0.16,0.14,0.641,0.189,,,0.243,,,,,0.157,,,,0.169,,0.104,,0.146,0.119,0.122,0.101,,,,0.458,0.092,,,0.127,0.115
162,14003280,,0.567,0.57,,,,0.183,,,,,0.069,0.103,,0.202,0.103,,0.154,,,,,,,,0.372,,0.401,0.177,,,0.1,,0.398,0.273,,,,0.136,0.125,0.165,,,,0.076,0.508,0.524,0.496,,,,0.241,,0.097,,,,,,0.196,0.157,,,,0.202,0.173,0.054,0.123,,,,0.105,0.149,0.167,,0.278,,,,,,0.098,,,,,0.072,0.056,0.338,0.58,0.036,0.1,0.491,0.162,0.361,0.071,0.16,0.115,,,0.171,,,0.101,0.024,0.015,,0.043,0.198,,,,,,,,0.228,,0.098,0.884,,,0.025,,0.098,,0.094,0.171,0.096,0.157,0.137,0.364,0.312,0.156,0.086,0.154,0.134,,0.648,,,,,,,,0.179,0.181,0.095,0.143,0.353,,,,,0.108,0.177,0.586,,,0.541,0.621,,0.146,0.146,0.196,0.64,0.638,0.16,0.139,0.637,0.188,,,0.244,,,,,0.156,,,,0.169,,0.103,,0.146,0.118,0.12,0.099,,,,0.457,0.092,,,0.127,0.116
162,14003340,,0.567,0.57,,,,0.183,,,,,0.066,0.101,,0.202,0.11,,0.154,,,,,,,,0.371,,0.407,0.177,,,0.099,,0.398,0.274,,,,0.137,0.125,0.165,,,,0.076,0.508,0.524,0.496,,,,0.241,,0.098,,,,,,0.195,0.158,,,,0.202,0.173,0.055,0.123,,,,0.106,0.149,0.166,,0.278,,,,,,0.098,,,,,0.074,0.056,0.351,0.599,0.036,0.1,0.487,0.161,0.375,0.071,0.161,0.114,,,0.171,,,0.101,0.022,0.015,,0.141,0.198,,,,,,,,0.206,,0.098,0.887,,,0.025,,0.098,,0.095,0.171,0.095,0.157,0.137,0.364,0.321,0.153,0.087,0.153,0.134,,0.648,,,,,,,,0.178,0.181,0.095,0.143,0.354,,,,,0.108,0.177,0.587,,,0.541,0.621,,0.148,0.145,0.196,0.64,0.638,0.16,0.139,0.633,0.189,,,0.241,,,,,0.156,,,,0.168,,0.104,,0.145,0.119,0.121,0.096,,,,0.457,0.092,,,0.127,0.116
162,14003400,,0.567,0.57,,,,0.183,,,,,0.066,0.059,,0.202,0.125,,0.154,,,,,,,,0.371,,0.411,0.178,,,0.099,,0.399,0.274,,,,0.137,0.125,0.164,,,,0.076,0.505,0.524,0.496,,,,0.241,,0.098,,,,,,0.194,0.158,,,,0.202,0.173,0.053,0.122,,,,0.106,0.149,0.164,,0.279,,,,,,0.099,,,,,0.072,0.056,0.334,0.554,0.036,0.1,0.463,0.161,0.374,0.071,0.161,0.114,,,0.17,,,0.102,0.022,0.015,,0.043,0.198,,,,,,,,0.212,,0.097,0.884,,,0.025,,0.098,,0.094,0.17,0.095,0.157,0.137,0.364,0.306,0.153,0.088,0.154,0.133,,0.648,,,,,,,,0.176,0.181,0.095,0.143,0.354,,,,,0.108,0.177,0.586,,,0.541,0.621,,0.147,0.147,0.196,0.64,0.638,0.16,0.139,0.64,0.189,,,0.239,,,,,0.157,,,,0.168,,0.104,,0.143,0.119,0.121,0.095,,,,0.459,0.092,,,0.127,0.117
162,14003460,,0.567,0.57,,,,0.183,,,,,0.066,0.058,,0.202,0.112,,0.154,,,,,,,,0.371,,0.418,0.178,,,0.1,,0.398,0.272,,,,0.136,0.124,0.164,,,,0.076,0.506,0.524,0.496,,,,0.241,,0.096,,,,,,0.19,0.157,,,,0.202,0.173,0.054,0.123,,,,0.105,0.149,0.164,,0.278,,,,,,0.099,,,,,0.073,0.056,0.332,0.6,0.036,0.1,0.455,0.161,0.373,0.071,0.159,0.114,,,0.17,,,0.1,0.022,0.015,,0.043,0.197,,,,,,,,0.218,,0.097,0.887,,,0.025,,0.097,,0.093,0.171,0.096,0.157,0.137,0.364,0.301,0.153,0.087,0.153,0.134,,0.648,,,,,,,,0.175,0.18,0.095,0.143,0.352,,,,,0.108,0.177,0.586,,,0.541,0.621,,0.147,0.148,0.197,0.64,0.638,0.16,0.139,0.644,0.186,,,0.239,,,,,0.157,,,,0.168,,0.104,,0.142,0.119,0.121,0.093,,,,0.458,0.092,,,0.127,0.117
162,14003520,,0.567,0.57,,,,0.183,,,,,0.072,0.065,,0.202,0.097,,0.154,,,,,,,,0.371,,0.421,0.178,,,0.099,,0.398,0.27,,,,0.136,0.125,0.164,,,,0.076,0.506,0.524,0.496,,,,0.241,,0.097,,,,,,0.19,0.157,,,,0.202,0.173,0.054,0.122,,,,0.105,0.149,0.162,,0.275,,,,,,0.098,,,,,0.073,0.056,0.312,0.549,0.036,0.1,0.479,0.159,0.356,0.071,0.161,0.114,,,0.171,,,0.101,0.023,0.016,,0.044,0.197,,,,,,,,0.218,,0.098,0.89,,,0.025,,0.098,,0.094,0.171,0.096,0.158,0.137,0.364,0.308,0.153,0.087,0.153,0.134,,0.648,,,,,,,,0.174,0.182,0.095,0.143,0.351,,,,,0.108,0.177,0.586,,,0.541,0.621,,0.147,0.148,0.197,0.64,0.638,0.16,0.138,0.647,0.185,,,0.236,,,,,0.156,,,,0.168,,0.104,,0.143,0.119,0.121,0.091,,,,0.458,0.091,,,0.127,0.117
162,14003580,,0.567,0.57,,,,0.183,,,,,0.066,0.1,,0.202,0.106,,0.154,,,,,,,,0.371,,0.421,0.178,,,0.099,,0.398,0.272,,,,0.136,0.125,0.165,,,,0.076,0.506,0.524,0.496,,,,0.241,,0.098,,,,,,0.187,0.157,,,,0.202,0.172,0.054,0.122,,,,0.106,0.148,0.163,,0.276,,,,,,0.098,,,,,0.072,0.056,0.304,0.604,0.036,0.1,0.447,0.16,0.338,0.071,0.16,0.115,,,0.169,,,0.101,0.022,0.016,,0.044,0.197,,,,,,,,0.211,,0.098,0.892,,,0.025,,0.098,,0.094,0.17,0.095,0.157,0.137,0.364,0.296,0.156,0.087,0.153,0.133,,0.648,,,,,,,,0.173,0.18,0.095,0.143,0.349,,,,,0.108,0.177,0.586,,,0.541,0.621,,0.148,0.149,0.197,0.64,0.638,0.16,0.138,0.646,0.182,,,0.234,,,,,0.157,,,,0.168,,0.104,,0.144,0.119,0.119,0.09,,,,0.457,0.092,,,0.127,0.116
162,14003640,,0.567,0.57,,,,0.183,,,,,0.067,0.121,,0.202,0.113,,0.154,,,,,,,,0.371,,0.421,0.178,,,0.1,,0.398,0.272,,,,0.137,0.125,0.165,,,,0.076,0.506,0.524,0.496,,,,0.241,,0.098,,,,,,0.188,0.157,,,,0.202,0.174,0.054,0.122,,,,0.105,0.147,0.164,,0.277,,,,,,0.099,,,,,0.072,0.056,0.297,0.583,0.036,0.1,0.463,0.159,0.34,0.071,0.159,0.114,,,0.169,,,0.102,0.022,0.015,,0.044,0.197,,,,,,,,0.205,,0.098,0.894,,,0.025,,0.097,,0.094,0.171,0.096,0.158,0.137,0.364,0.301,0.154,0.087,0.154,0.134,,0.648,,,,,,,,0.171,0.179,0.095,0.143,0.35,,,,,0.108,0.177,0.586,,,0.541,0.621,,0.148,0.148,0.196,0.64,0.638,0.16,0.139,0.645,0.183,,,0.231,,,,,0.157,,,,0.168,,0.104,,0.143,0.119,0.121,0.089,,,,0.458,0.091,,,0.127,0.116
162,14003700,,0.567,0.57,,,,0.183,,,,,0.067,0.072,,0.202,0.101,,0.154,,,,,,,,0.371,,0.404,0.179,,,0.1,,0.398,0.272,,,,0.137,0.124,0.165,,,,0.076,0.506,0.524,0.497,,,,0.241,,0.098,,,,,,0.189,0.158,,,,0.202,0.173,0.054,0.122,,,,0.105,0.147,0.164,,0.276,,,,,,0.1,,,,,0.072,0.056,0.307,0.578,0.036,0.1,0.475,0.158,0.346,0.071,0.159,0.112,,,0.168,,,0.1,0.022,0.015,,0.044,0.197,,,,,,,,0.207,,0.097,0.896,,,0.025,,0.098,,0.093,0.171,0.096,0.158,0.137,0.364,0.314,0.153,0.086,0.153,0.136,,0.647,,,,,,,,0.17,0.179,0.095,0.143,0.35,,,,,0.108,0.177,0.586,,,0.541,0.621,,0.148,0.149,0.196,0.64,0.638,0.16,0.14,0.646,0.182,,,0.233,,,,,0.157,,,,0.167,,0.104,,0.143,0.119,0.122,0.088,,,,0.458,0.092,,,0.127,0.116
162,14003760,,0.567,0.57,,,,0.183,,,,,0.066,0.023,,0.202,0.102,,0.154,,,,,,,,0.371,,0.4,0.178,,,0.1,,0.398,0.271,,,,0.137,0.125,0.164,,,,0.076,0.505,0.524,0.498,,,,0.241,,0.097,,,,,,0.194,0.158,,,,0.202,0.173,0.054,0.121,,,,0.106,0.146,0.162,,0.275,,,,,,0.098,,,,,0.072,0.056,0.321,0.578,0.036,0.1,0.463,0.16,0.352,0.071,0.16,0.115,,,0.168,,,0.101,0.023,0.015,,0.053,0.197,,,,,,,,0.206,,0.098,0.899,,,0.024,,0.098,,0.095,0.169,0.097,0.158,0.138,0.364,0.319,0.153,0.085,0.153,0.134,,0.647,,,,,,,,0.17,0.179,0.095,0.143,0.347,,,,,0.108,0.177,0.586,,,0.541,0.621,,0.148,0.149,0.195,0.64,0.638,0.16,0.14,0.651,0.182,,,0.236,,,,,0.156,,,,0.168,,0.104,,0.142,0.119,0.12,0.088,,,,0.46,0.092,,,0.127,0.116
162,14003820,,0.568,0.57,,,,0.183,,,,,0.066,0.033,,0.202,0.105,,0.154,,,,,,,,0.371,,0.411,0.178,,,0.1,,0.398,0.271,,,,0.137,0.125,0.164,,,,0.076,0.505,0.524,0.498,,,,0.241,,0.098,,,,,,0.192,0.158,,,,0.202,0.173,0.054,0.122,,,,0.106,0.145,0.162,,0.273,,,,,,0.099,,,,,0.073,0.056,0.308,0.58,0.036,0.1,0.485,0.161,0.359,0.071,0.16,0.115,,,0.165,,,0.102,0.059,0.119,,0.095,0.197,,,,,,,,0.213,,0.099,0.896,,,0.024,,0.098,,0.093,0.17,0.096,0.158,0.138,0.364,0.299,0.153,0.084,0.154,0.135,,0.647,,,,,,,,0.169,0.181,0.095,0.143,0.347,,,,,0.108,0.177,0.586,,,0.541,0.621,,0.148,0.148,0.195,0.64,0.638,0.16,0.141,0.654,0.179,,,0.234,,,,,0.157,,,,0.167,,0.104,,0.14,0.119,0.12,0.088,,,,0.458,0.092,,,0.127,0.116
162,14003880,,0.568,0.57,,,,0.183,,,,,0.066,0.033,,0.202,0.103,,0.154,,,,,,,,0.371,,0.413,0.179,,,0.101,,0.398,0.272,,,,0.137,0.125,0.164,,,,0.076,0.505,0.524,0.498,,,,0.241,,0.097,,,,,,0.191,0.158,,,,0.202,0.173,0.054,0.121,,,,0.106,0.146,0.16,,0.273,,,,,,0.1,,,,,0.072,0.056,0.322,0.578,0.036,0.1,0.449,0.158,0.352,0.071,0.16,0.114,,,0.165,,,0.102,0.022,0.127,,0.044,0.197,,,,,,,,0.208,,0.098,0.896,,,0.024,,0.098,,0.094,0.171,0.097,0.158,0.137,0.364,0.312,0.154,0.088,0.153,0.135,,0.648,,,,,,,,0.168,0.18,0.095,0.143,0.347,,,,,0.108,0.177,0.586,,,0.541,0.621,,0.148,0.148,0.196,0.64,0.638,0.16,0.141,0.652,0.179,,,0.231,,,,,0.157,,,,0.168,,0.104,,0.141,0.119,0.121,0.089,,,,0.456,0.092,,,0.127,0.116
162,14003940,,0.568,0.57,,,,0.183,,,,,0.066,0.024,,0.201,0.103,,0.154,,,,,,,,0.372,,0.434,0.179,,,0.1,,0.398,0.272,,,,0.137,0.125,0.164,,,,0.076,0.448,0.524,0.498,,,,0.241,,0.098,,,,,,0.19,0.158,,,,0.202,0.173,0.054,0.122,,,,0.105,0.146,0.161,,0.27,,,,,,0.1,,,,,0.071,0.056,0.331,0.576,0.036,0.1,0.467,0.158,0.353,0.071,0.159,0.114,,,0.166,,,0.1,0.022,0.015,,0.089,0.197,,,,,,,,0.218,,0.099,0.898,,,0.024,,0.098,,0.094,0.171,0.098,0.158,0.137,0.364,0.297,0.153,0.087,0.154,0.134,,0.648,,,,,,,,0.168,0.178,0.095,0.143,0.346,,,,,0.108,0.177,0.586,,,0.541,0.621,,0.148,0.148,0.196,0.64,0.638,0.16,0.141,0.654,0.181,,,0.231,,,,,0.157,,,,0.168,,0.104,,0.14,0.119,0.121,0.089,,,,0.455,0.092,,,0.127,0.116
162,14004000,,0.568,0.57,,,,0.183,,,,,0.066,0.025,,0.2,0.107,,0.154,,,,,,,,0.372,,0.42,0.179,,,0.1,,0.398,0.271,,,,0.137,0.125,0.164,,,,0.076,0.468,0.524,0.498,,,,0.241,,0.098,,,,,,0.188,0.158,,,,0.202,0.173,0.053,0.122,,,,0.106,0.152,0.163,,0.291,,,,,,0.099,,,,,0.07,0.056,0.32,0.568,0.036,0.1,0.469,0.158,0.335,0.071,0.159,0.113,,,0.166,,,0.101,0.022,0.015,,0.044,0.197,,,,,,,,0.214,,0.098,0.908,,,0.024,,0.098,,0.095,0.171,0.098,0.158,0.138,0.364,0.292,0.154,0.085,0.154,0.135,,0.648,,,,,,,,0.193,0.183,0.095,0.143,0.347,,,,,0.108,0.177,0.586,,,0.541,0.621,,0.148,0.149,0.196,0.64,0.638,0.16,0.141,0.652,0.183,,,0.23,,,,,0.157,,,,0.194,,0.104,,0.14,0.119,0.122,0.089,,,,0.456,0.092,,,0.127,0.116
162,14004060,,0.568,0.57,,,,0.183,,,,,0.066,0.025,,0.2,0.097,,0.154,,,,,,,,0.371,,0.414,0.179,,,0.101,,0.398,0.27,,,,0.137,0.124,0.165,,,,0.076,0.469,0.524,0.498,,,,0.241,,0.098,,,,,,0.188,0.158,,,,0.202,0.173,0.054,0.122,,,,0.106,0.152,0.164,,0.286,,,,,,0.099,,,,,0.071,0.056,0.301,0.569,0.036,0.1,0.445,0.157,0.339,0.071,0.159,0.112,,,0.165,,,0.102,0.024,0.035,,0.044,0.197,,,,,,,,0.204,,0.097,0.913,,,0.024,,0.099,,0.093,0.171,0.098,0.158,0.138,0.364,0.291,0.154,0.086,0.153,0.135,,0.648,,,,,,,,0.194,0.178,0.095,0.143,0.347,,,,,0.108,0.177,0.587,,,0.541,0.621,,0.148,0.149,0.196,0.64,0.638,0.16,0.14,0.651,0.185,,,0.226,,,,,0.157,,,,0.188,,0.104,,0.139,0.119,0.121,0.089,,,,0.457,0.092,,,0.127,0.116
162,14004120,,0.568,0.57,,,,0.183,,,,,0.067,0.025,,0.201,0.1,,0.154,,,,,,,,0.371,,0.418,0.179,,,0.101,,0.398,0.267,,,,0.137,0.124,0.164,,,,0.075,0.471,0.524,0.498,,,,0.241,,0.097,,,,,,0.188,0.159,,,,0.202,0.173,0.054,0.123,,,,0.106,0.146,0.16,,0.279,,,,,,0.099,,,,,0.07,0.056,0.296,0.584,0.036,0.1,0.478,0.156,0.338,0.071,0.158,0.113,,,0.165,,,0.102,0.023,0.015,,0.045,0.197,,,,,,,,0.21,,0.097,0.902,,,0.024,,0.099,,0.094,0.166,0.1,0.158,0.138,0.364,0.285,0.153,0.086,0.153,0.134,,0.648,,,,,,,,0.189,0.178,0.095,0.143,0.345,,,,,0.108,0.177,0.587,,,0.541,0.621,,0.148,0.15,0.195,0.64,0.638,0.16,0.14,0.647,0.187,,,0.224,,,,,0.156,,,,0.188,,0.104,,0.138,0.12,0.122,0.088,,,,0.455,0.092,,,0.127,0.116
162,14004180,,0.568,0.57,,,,0.183,,,,,0.068,0.051,,0.202,0.104,,0.154,,,,,,,,0.371,,0.435,0.179,,,0.099,,0.398,0.266,,,,0.137,0.124,0.164,,,,0.075,0.471,0.524,0.498,,,,0.241,,0.097,,,,,,0.189,0.159,,,,0.202,0.174,0.053,0.122,,,,0.105,0.143,0.157,,0.272,,,,,,0.099,,,,,0.07,0.056,0.303,0.557,0.036,0.101,0.407,0.156,0.342,0.071,0.159,0.112,,,0.164,,,0.101,0.024,0.016,,0.071,0.196,,,,,,,,0.207,,0.098,0.901,,,0.024,,0.098,,0.095,0.167,0.1,0.159,0.138,0.364,0.283,0.153,0.086,0.153,0.134,,0.648,,,,,,,,0.186,0.178,0.095,0.143,0.344,,,,,0.108,0.177,0.587,,,0.541,0.621,,0.148,0.149,0.196,0.64,0.638,0.16,0.14,0.647,0.186,,,0.229,,,,,0.157,,,,0.19,,0.104,,0.123,0.119,0.121,0.088,,,,0.455,0.092,,,0.127,0.116
162,14004240,,0.568,0.57,,,,0.183,,,,,0.066,0.051,,0.202,0.106,,0.154,,,,,,,,0.372,,0.416,0.178,,,0.1,,0.398,0.267,,,,0.137,0.124,0.165,,,,0.076,0.474,0.524,0.498,,,,0.241,,0.098,,,,,,0.192,0.159,,,,0.202,0.173,0.053,0.122,,,,0.106,0.141,0.157,,0.27,,,,,,0.1,,,,,0.071,0.056,0.285,0.551,0.036,0.101,0.432,0.155,0.332,0.071,0.16,0.113,,,0.164,,,0.102,0.022,0.016,,0.046,0.196,,,,,,,,0.199,,0.097,0.901,,,0.024,,0.099,,0.095,0.167,0.098,0.158,0.138,0.364,0.283,0.152,0.083,0.152,0.135,,0.604,,,,,,,,0.185,0.176,0.095,0.143,0.343,,,,,0.108,0.177,0.586,,,0.541,0.621,,0.148,0.149,0.195,0.64,0.638,0.16,0.139,0.641,0.188,,,0.23,,,,,0.156,,,,0.19,,0.105,,0.125,0.119,0.12,0.089,,,,0.456,0.092,,,0.127,0.116
162,14004300,,0.568,0.57,,,,0.183,,,,,0.066,0.047,,0.202,0.113,,0.154,,,,,,,,0.372,,0.401,0.177,,,0.101,,0.398,0.269,,,,0.137,0.125,0.165,,,,0.076,0.471,0.524,0.498,,,,0.241,,0.098,,,,,,0.195,0.159,,,,0.202,0.173,0.053,0.122,,,,0.106,0.14,0.157,,0.27,,,,,,0.1,,,,,0.071,0.056,0.289,0.561,0.036,0.1,0.469,0.154,0.343,0.071,0.16,0.113,,,0.164,,,0.101,0.024,0.04,,0.047,0.196,,,,,,,,0.198,,0.097,0.906,,,0.024,,0.099,,0.093,0.167,0.099,0.158,0.139,0.364,0.276,0.151,0.086,0.153,0.134,,0.605,,,,,,,,0.185,0.177,0.095,0.143,0.342,,,,,0.108,0.177,0.587,,,0.541,0.621,,0.148,0.15,0.195,0.64,0.638,0.16,0.139,0.637,0.192,,,0.231,,,,,0.157,,,,0.19,,0.104,,0.142,0.119,0.121,0.09,,,,0.457,0.092,,,0.127,0.117
162,14004360,,0.568,0.57,,,,0.183,,,,,0.068,0.047,,0.203,0.096,,0.154,,,,,,,,0.372,,0.422,0.177,,,0.101,,0.398,0.269,,,,0.137,0.124,0.166,,,,0.076,0.472,0.524,0.498,,,,0.241,,0.097,,,,,,0.216,0.159,,,,0.202,0.173,0.053,0.122,,,,0.107,0.14,0.157,,0.27,,,,,,0.1,,,,,0.071,0.056,0.29,0.568,0.036,0.1,0.416,0.154,0.33,0.071,0.158,0.114,,,0.161,,,0.101,0.022,0.015,,0.046,0.196,,,,,,,,0.193,,0.098,0.912,,,0.024,,0.098,,0.094,0.166,0.099,0.159,0.139,0.364,0.274,0.152,0.086,0.153,0.135,,0.606,,,,,,,,0.186,0.175,0.095,0.143,0.342,,,,,0.108,0.177,0.586,,,0.541,0.621,,0.148,0.149,0.196,0.64,0.638,0.16,0.139,0.636,0.192,,,0.232,,,,,0.156,,,,0.188,,0.105,,0.093,0.119,0.121,0.104,,,,0.454,0.092,,,0.127,0.117
162,14004420,,0.568,0.569,,,,0.183,,,,,0.081,0.047,,0.203,0.097,,0.154,,,,,,,,0.372,,0.425,0.177,,,0.1,,0.398,0.268,,,,0.137,0.124,0.164,,,,0.076,0.474,0.524,0.499,,,,0.241,,0.098,,,,,,0.205,0.159,,,,0.202,0.173,0.053,0.121,,,,0.106,0.139,0.16,,0.267,,,,,,0.099,,,,,0.072,0.056,0.288,0.555,0.036,0.1,0.436,0.154,0.343,0.071,0.158,0.116,,,0.161,,,0.101,0.024,0.015,,0.046,0.196,,,,,,,,0.2,,0.098,0.915,,,0.024,,0.098,,0.094,0.167,0.1,0.159,0.139,0.364,0.274,0.15,0.086,0.153,0.135,,0.608,,,,,,,,0.186,0.175,0.095,0.143,0.342,,,,,0.108,0.177,0.586,,,0.541,0.621,,0.148,0.149,0.195,0.64,0.638,0.16,0.139,0.642,0.191,,,0.236,,,,,0.155,,,,0.187,,0.104,,0.146,0.119,0.121,0.102,,,,0.455,0.092,,,0.127,0.117
162,14004480,,0.569,0.57,,,,0.183,,,,,0.068,0.047,,0.203,0.089,,0.154,,,,,,,,0.372,,0.421,0.177,,,0.101,,0.398,0.268,,,,0.137,0.124,0.165,,,,0.075,0.475,0.524,0.499,,,,0.241,,0.099,,,,,,0.195,0.159,,,,0.202,0.173,0.053,0.123,,,,0.106,0.139,0.16,,0.266,,,,,,0.1,,,,,0.07,0.056,0.292,0.509,0.036,0.1,0.397,0.155,0.342,0.071,0.158,0.115,,,0.159,,,0.102,0.022,0.015,,0.046,0.196,,,,,,,,0.196,,0.098,0.915,,,0.024,,0.098,,0.093,0.166,0.098,0.158,0.138,0.364,0.277,0.15,0.085,0.153,0.134,,0.585,,,,,,,,0.185,0.176,0.095,0.143,0.34,,,,,0.108,0.177,0.586,,,0.541,0.621,,0.149,0.149,0.195,0.64,0.638,0.16,0.139,0.649,0.191,,,0.246,,,,,0.156,,,,0.186,,0.104,,0.146,0.12,0.121,0.098,,,,0.457,0.093,,,0.127,0.117
162,14004540,,0.569,0.57,,,,0.183,,,,,0.068,0.047,,0.203,0.107,,0.154,,,,,,,,0.372,,0.419,0.177,,,0.101,,0.398,0.27,,,,0.137,0.124,0.165,,,,0.076,0.475,0.524,0.498,,,,0.241,,0.099,,,,,,0.192,0.159,,,,0.202,0.173,0.053,0.122,,,,0.106,0.139,0.161,,0.266,,,,,,0.101,,,,,0.071,0.056,0.285,0.554,0.036,0.1,0.392,0.154,0.338,0.071,0.158,0.114,,,0.159,,,0.102,0.022,0.015,,0.046,0.196,,,,,,,,0.197,,0.098,0.912,,,0.024,,0.1,,0.093,0.166,0.099,0.158,0.138,0.364,0.268,0.149,0.083,0.153,0.135,,0.585,,,,,,,,0.185,0.175,0.095,0.143,0.34,,,,,0.108,0.177,0.587,,,0.541,0.621,,0.148,0.15,0.195,0.64,0.638,0.16,0.139,0.639,0.188,,,0.247,,,,,0.156,,,,0.183,,0.104,,0.157,0.121,0.121,0.094,,,,0.457,0.092,,,0.127,0.117
162,14004600,,0.569,0.57,,,,0.183,,,,,0.067,0.047,,0.203,0.085,,0.154,,,,,,,,0.372,,0.404,0.177,,,0.101,,0.398,0.269,,,,0.137,0.125,0.165,,,,0.076,0.475,0.524,0.498,,,,0.241,,0.098,,,,,,0.192,0.159,,,,0.202,0.173,0.053,0.123,,,,0.107,0.139,0.16,,0.265,,,,,,0.1,,,,,0.071,0.056,0.29,0.562,0.036,0.101,0.379,0.154,0.34,0.071,0.159,0.114,,,0.16,,,0.102,0.023,0.015,,0.046,0.196,,,,,,,,0.199,,0.098,0.916,,,0.024,,0.1,,0.094,0.167,0.099,0.159,0.138,0.364,0.281,0.149,0.083,0.153,0.135,,0.586,,,,,,,,0.185,0.175,0.095,0.143,0.34,,,,,0.108,0.177,0.587,,,0.541,0.621,,0.148,0.15,0.195,0.64,0.638,0.16,0.139,0.635,0.187,,,0.245,,,,,0.155,,,,0.182,,0.104,,0.159,0.119,0.121,0.094,,,,0.459,0.086,,,0.127,0.117
162,14004660,,0.568,0.57,,,,0.183,,,,,0.069,0.047,,0.202,0.088,,0.154,,,,,,,,0.372,,0.407,0.177,,,0.1,,0.398,0.272,,,,0.137,0.125,0.167,,,,0.076,0.476,0.524,0.499,,,,0.241,,0.098,,,,,,0.192,0.159,,,,0.202,0.173,0.053,0.122,,,,0.106,0.138,0.159,,0.263,,,,,,0.099,,,,,0.07,0.056,0.278,0.487,0.036,0.101,0.388,0.153,0.336,0.071,0.158,0.112,,,0.159,,,0.102,0.022,0.015,,0.046,0.196,,,,,,,,0.205,,0.098,0.922,,,0.024,,0.098,,0.094,0.167,0.1,0.16,0.138,0.364,0.28,0.151,0.084,0.154,0.134,,0.587,,,,,,,,0.183,0.174,0.095,0.143,0.338,,,,,0.108,0.177,0.587,,,0.541,0.621,,0.148,0.15,0.195,0.64,0.638,0.16,0.138,0.633,0.186,,,0.24,,,,,0.156,,,,0.181,,0.104,,0.16,0.12,0.12,0.095,,,,0.459,0.085,,,0.127,0.117
162,14004720,,0.567,0.57,,,,0.183,,,,,0.068,0.047,,0.203,0.094,,0.154,,,,,,,,0.372,,0.426,0.177,,,0.1,,0.398,0.273,,,,0.137,0.125,0.165,,,,0.076,0.476,0.524,0.499,,,,0.241,,0.099,,,,,,0.19,0.159,,,,0.202,0.173,0.053,0.122,,,,0.106,0.137,0.156,,0.266,,,,,,0.1,,,,,0.069,0.056,0.258,0.555,0.036,0.101,0.439,0.155,0.347,0.071,0.16,0.112,,,0.159,,,0.102,0.037,0.062,,0.041,0.196,,,,,,,,0.193,,0.098,0.923,,,0.024,,0.099,,0.094,0.166,0.099,0.158,0.138,0.364,0.276,0.148,0.083,0.154,0.135,,0.587,,,,,,,,0.183,0.174,0.095,0.143,0.337,,,,,0.108,0.177,0.587,,,0.541,0.621,,0.149,0.15,0.195,0.64,0.638,0.16,0.138,0.638,0.184,,,0.238,,,,,0.156,,,,0.18,,0.104,,0.16,0.119,0.121,0.096,,,,0.458,0.088,,,0.127,0.117
162,14004780,,0.568,0.57,,,,0.183,,,,,0.068,0.026,,0.202,0.09,,0.154,,,,,,,,0.372,,0.419,0.177,,,0.101,,0.398,0.271,,,,0.137,0.124,0.166,,,,0.076,0.476,0.524,0.5,,,,0.241,,0.097,,,,,,0.19,0.159,,,,0.202,0.173,0.054,0.121,,,,0.107,0.138,0.155,,0.263,,,,,,0.1,,,,,0.07,0.056,0.261,0.531,0.036,0.101,0.428,0.153,0.331,0.071,0.159,0.112,,,0.16,,,0.102,0.022,0.015,,0.037,0.195,,,,,,,,0.196,,0.098,0.926,,,0.024,,0.1,,0.094,0.167,0.099,0.158,0.137,0.364,0.271,0.147,0.083,0.154,0.135,,0.588,,,,,,,,0.182,0.174,0.095,0.143,0.336,,,,,0.108,0.177,0.587,,,0.541,0.621,,0.149,0.15,0.196,0.64,0.638,0.16,0.139,0.638,0.185,,,0.239,,,,,0.156,,,,0.179,,0.103,,0.168,0.12,0.12,0.095,,,,0.459,0.091,,,0.127,0.117
162,14004840,,0.568,0.57,,,,0.183,,,,,0.067,0.026,,0.202,0.108,,0.154,,,,,,,,0.373,,0.414,0.176,,,0.101,,0.398,0.271,,,,0.137,0.124,0.166,,,,0.075,0.478,0.524,0.499,,,,0.241,,0.096,,,,,,0.197,0.159,,,,0.202,0.173,0.053,0.121,,,,0.105,0.138,0.152,,0.265,,,,,,0.101,,,,,0.07,0.055,0.281,0.549,0.036,0.101,0.411,0.153,0.327,0.071,0.159,0.112,,,0.16,,,0.102,0.023,0.015,,0.042,0.195,,,,,,,,0.199,,0.099,0.928,,,0.024,,0.098,,0.094,0.168,0.099,0.158,0.137,0.364,0.266,0.148,0.083,0.154,0.135,,0.588,,,,,,,,0.181,0.176,0.095,0.143,0.337,,,,,0.108,0.177,0.587,,,0.541,0.621,,0.148,0.15,0.196,0.64,0.638,0.16,0.139,0.637,0.185,,,0.246,,,,,0.156,,,,0.177,,0.105,,0.167,0.119,0.122,0.096,,,,0.46,0.091,,,0.127,0.117
162,14004900,,0.568,0.57,,,,0.183,,,,,0.067,0.026,,0.202,0.11,,0.154,,,,,,,,0.373,,0.428,0.177,,,0.1,,0.399,0.268,,,,0.137,0.125,0.165,,,,0.075,0.482,0.524,0.499,,,,0.241,,0.097,,,,,,0.194,0.159,,,,0.202,0.173,0.053,0.122,,,,0.106,0.137,0.152,,0.265,,,,,,0.099,,,,,0.07,0.055,0.264,0.543,0.036,0.101,0.389,0.152,0.33,0.071,0.16,0.112,,,0.16,,,0.101,0.023,0.015,,0.042,0.195,,,,,,,,0.197,,0.1,0.934,,,0.024,,0.099,,0.095,0.167,0.1,0.158,0.136,0.364,0.267,0.147,0.084,0.154,0.135,,0.589,,,,,,,,0.181,0.176,0.095,0.143,0.335,,,,,0.108,0.177,0.587,,,0.541,0.621,,0.148,0.15,0.196,0.64,0.638,0.16,0.139,0.642,0.184,,,0.245,,,,,0.156,,,,0.177,,0.104,,0.168,0.118,0.122,0.096,,,,0.458,0.091,,,0.127,0.117
162,14004960,,0.568,0.57,,,,0.183,,,,,0.067,0.026,,0.202,0.096,,0.154,,,,,,,,0.373,,0.421,0.177,,,0.1,,0.399,0.27,,,,0.137,0.124,0.164,,,,0.075,0.482,0.524,0.499,,,,0.241,,0.097,,,,,,0.197,0.159,,,,0.202,0.173,0.053,0.122,,,,0.107,0.136,0.152,,0.265,,,,,,0.1,,,,,0.069,0.055,0.278,0.533,0.036,0.101,0.411,0.152,0.333,0.071,0.159,0.112,,,0.16,,,0.102,0.049,0.081,,0.046,0.195,,,,,,,,0.199,,0.101,0.931,,,0.024,,0.099,,0.094,0.168,0.098,0.159,0.135,0.364,0.267,0.146,0.085,0.153,0.136,,0.589,,,,,,,,0.18,0.173,0.095,0.143,0.335,,,,,0.108,0.177,0.587,,,0.541,0.621,,0.149,0.15,0.195,0.64,0.638,0.16,0.139,0.647,0.183,,,0.242,,,,,0.157,,,,0.175,,0.105,,0.145,0.12,0.12,0.097,,,,0.457,0.092,,,0.127,0.117
162,14005020,,0.568,0.57,,,,0.183,,,,,0.067,0.023,,0.202,0.09,,0.154,,,,,,,,0.373,,0.409,0.177,,,0.101,,0.398,0.272,,,,0.137,0.124,0.165,,,,0.075,0.482,0.524,0.499,,,,0.241,,0.097,,,,,,0.197,0.159,,,,0.202,0.173,0.053,0.122,,,,0.107,0.135,0.15,,0.265,,,,,,0.1,,,,,0.07,0.055,0.263,0.554,0.036,0.101,0.432,0.151,0.326,0.071,0.16,0.113,,,0.159,,,0.103,0.024,0.015,,0.046,0.195,,,,,,,,0.215,,0.098,0.94,,,0.024,,0.1,,0.094,0.168,0.099,0.159,0.135,0.364,0.268,0.145,0.089,0.154,0.135,,0.59,,,,,,,,0.179,0.173,0.095,0.143,0.335,,,,,0.108,0.177,0.587,,,0.541,0.621,,0.148,0.15,0.195,0.64,0.638,0.16,0.139,0.648,0.182,,,0.237,,,,,0.158,,,,0.174,,0.105,,0.159,0.12,0.121,0.099,,,,0.457,0.093,,,0.127,0.117
162,14005080,,0.568,0.57,,,,0.183,,,,,0.067,0.023,,0.202,0.092,,0.154,,,,,,,,0.373,,0.428,0.176,,,0.1,,0.399,0.273,,,,0.137,0.125,0.166,,,,0.075,0.482,0.524,0.499,,,,0.241,,0.096,,,,,,0.196,0.159,,,,0.202,0.173,0.053,0.122,,,,0.106,0.135,0.149,,0.265,,,,,,0.101,,,,,0.07,0.055,0.262,0.541,0.036,0.101,0.38,0.15,0.326,0.071,0.159,0.113,,,0.16,,,0.103,0.023,0.015,,0.046,0.195,,,,,,,,0.195,,0.099,0.94,,,0.024,,0.099,,0.095,0.167,0.099,0.159,0.132,0.364,0.26,0.145,0.09,0.154,0.136,,0.59,,,,,,,,0.178,0.174,0.095,0.143,0.335,,,,,0.108,0.177,0.587,,,0.541,0.621,,0.149,0.15,0.195,0.64,0.638,0.16,0.139,0.646,0.181,,,0.232,,,,,0.157,,,,0.172,,0.105,,0.164,0.12,0.121,0.099,,,,0.456,0.093,,,0.127,0.117
162,14005140,,0.568,0.57,,,,0.183,,,,,0.067,0.023,,0.202,0.09,,0.154,,,,,,,,0.372,,0.443,0.177,,,0.101,,0.399,0.273,,,,0.137,0.125,0.165,,,,0.075,0.482,0.524,0.499,,,,0.241,,0.097,,,,,,0.192,0.159,,,,0.202,0.173,0.054,0.121,,,,0.106,0.135,0.149,,0.266,,,,,,0.099,,,,,0.069,0.055,0.263,0.504,0.036,0.101,0.403,0.15,0.32,0.071,0.159,0.114,,,0.16,,,0.101,0.022,0.015,,0.046,0.195,,,,,,,,0.189,,0.099,0.944,,,0.024,,0.099,,0.093,0.168,0.096,0.158,0.135,0.364,0.255,0.147,0.089,0.153,0.136,,0.59,,,,,,,,0.177,0.173,0.095,0.143,0.334,,,,,0.108,0.177,0.587,,,0.541,0.621,,0.149,0.15,0.195,0.64,0.638,0.16,0.139,0.651,0.181,,,0.231,,,,,0.157,,,,0.171,,0.105,,0.142,0.119,0.123,0.096,,,,0.457,0.093,,,0.127,0.117
162,14005200,,0.568,0.57,,,,0.183,,,,,0.067,0.023,,0.202,0.089,,0.154,,,,,,,,0.373,,0.45,0.177,,,0.101,,0.399,0.273,,,,0.137,0.125,0.166,,,,0.075,0.48,0.524,0.499,,,,0.241,,0.098,,,,,,0.196,0.16,,,,0.202,0.173,0.054,0.123,,,,0.107,0.135,0.149,,0.263,,,,,,0.1,,,,,0.069,0.055,0.254,0.509,0.036,0.101,0.397,0.15,0.332,0.071,0.158,0.112,,,0.16,,,0.102,0.025,0.015,,0.046,0.195,,,,,,,,0.186,,0.1,0.918,,,0.024,,0.1,,0.094,0.167,0.096,0.158,0.133,0.364,0.253,0.149,0.087,0.153,0.134,,0.59,,,,,,,,0.176,0.174,0.095,0.143,0.333,,,,,0.108,0.177,0.587,,,0.541,0.621,,0.149,0.149,0.195,0.64,0.638,0.16,0.138,0.65,0.182,,,0.23,,,,,0.158,,,,0.171,,0.105,,0.142,0.12,0.121,0.096,,,,0.458,0.093,,,0.127,0.117
162,14005260,,0.568,0.57,,,,0.183,,,,,0.068,0.023,,0.202,0.096,,0.154,,,,,,,,0.371,,0.446,0.177,,,0.101,,0.399,0.269,,,,0.137,0.124,0.165,,,,0.076,0.48,0.524,0.499,,,,0.241,,0.097,,,,,,0.192,0.159,,,,0.202,0.172,0.053,0.122,,,,0.108,0.135,0.149,,0.266,,,,,,0.1,,,,,0.069,0.055,0.266,0.511,0.036,0.101,0.379,0.151,0.322,0.071,0.159,0.113,,,0.16,,,0.103,0.024,0.015,,0.046,0.195,,,,,,,,0.196,,0.098,0.897,,,0.024,,0.1,,0.094,0.168,0.097,0.159,0.136,0.364,0.259,0.148,0.086,0.154,0.135,,0.59,,,,,,,,0.176,0.174,0.095,0.143,0.333,,,,,0.108,0.177,0.587,,,0.541,0.621,,0.148,0.15,0.195,0.64,0.638,0.16,0.138,0.65,0.183,,,0.236,,,,,0.158,,,,0.171,,0.104,,0.15,0.12,0.122,0.098,,,,0.448,0.093,,,0.127,0.117
162,14005320,,0.568,0.57,,,,0.183,,,,,0.068,0.023,,0.203,0.09,,0.154,,,,,,,,0.371,,0.431,0.177,,,0.1,,0.399,0.27,,,,0.137,0.124,0.165,,,,0.075,0.48,0.524,0.499,,,,0.241,,0.097,,,,,,0.192,0.159,,,,0.202,0.173,0.054,0.122,,,,0.106,0.134,0.147,,0.264,,,,,,0.099,,,,,0.069,0.055,0.267,0.498,0.036,0.101,0.384,0.15,0.321,0.071,0.159,0.114,,,0.167,,,0.103,0.022,0.015,,0.046,0.195,,,,,,,,0.204,,0.099,0.899,,,0.024,,0.098,,0.095,0.167,0.097,0.16,0.133,0.364,0.251,0.146,0.085,0.154,0.137,,0.59,,,,,,,,0.175,0.173,0.095,0.143,0.332,,,,,0.108,0.177,0.587,,,0.541,0.621,,0.149,0.15,0.195,0.64,0.638,0.16,0.138,0.65,0.184,,,0.244,,,,,0.157,,,,0.17,,0.104,,0.15,0.12,0.121,0.099,,,,0.449,0.092,,,0.127,0.117
162,14005380,,0.568,0.57,,,,0.183,,,,,0.068,0.023,,0.203,0.086,,0.154,,,,,,,,0.371,,0.417,0.177,,,0.101,,0.399,0.271,,,,0.137,0.124,0.165,,,,0.075,0.48,0.524,0.5,,,,0.241,,0.097,,,,,,0.192,0.159,,,,0.202,0.173,0.054,0.122,,,,0.106,0.134,0.148,,0.262,,,,,,0.1,,,,,0.069,0.055,0.257,0.495,0.036,0.101,0.376,0.149,0.32,0.071,0.159,0.111,,,0.163,,,0.091,0.023,0.015,,0.046,0.195,,,,,,,,0.194,,0.099,0.895,,,0.024,,0.099,,0.093,0.168,0.096,0.159,0.133,0.364,0.25,0.143,0.084,0.154,0.135,,0.59,,,,,,,,0.174,0.174,0.095,0.143,0.331,,,,,0.108,0.177,0.587,,,0.541,0.621,,0.149,0.15,0.195,0.64,0.638,0.16,0.138,0.648,0.185,,,0.248,,,,,0.157,,,,0.169,,0.104,,0.151,0.12,0.123,0.096,,,,0.449,0.094,,,0.127,0.117
162,14005440,,0.568,0.57,,,,0.183,,,,,0.068,0.024,,0.201,0.084,,0.154,,,,,,,,0.37,,0.424,0.178,,,0.101,,0.399,0.272,,,,0.137,0.124,0.165,,,,0.075,0.481,0.524,0.5,,,,0.241,,0.098,,,,,,0.191,0.16,,,,0.202,0.172,0.054,0.123,,,,0.107,0.133,0.148,,0.259,,,,,,0.1,,,,,0.069,0.055,0.271,0.489,0.036,0.101,0.341,0.148,0.324,0.071,0.159,0.111,,,0.159,,,0.092,0.022,0.015,,0.046,0.195,,,,,,,,0.194,,0.098,0.9,,,0.024,,0.1,,0.094,0.167,0.096,0.158,0.131,0.364,0.25,0.145,0.084,0.154,0.135,,0.595,,,,,,,,0.174,0.172,0.095,0.143,0.331,,,,,0.108,0.177,0.587,,,0.541,0.621,,0.149,0.15,0.195,0.64,0.638,0.16,0.138,0.641,0.186,,,0.246,,,,,0.158,,,,0.169,,0.104,,0.153,0.12,0.122,0.098,,,,0.447,0.093,,,0.127,0.117
162,14005500,,0.568,0.57,,,,0.183,,,,,0.068,0.024,,0.201,0.094,,0.154,,,,,,,,0.371,,0.444,0.177,,,0.102,,0.399,0.271,,,,0.137,0.124,0.166,,,,0.075,0.48,0.524,0.5,,,,0.241,,0.097,,,,,,0.196,0.16,,,,0.202,0.171,0.054,0.123,,,,0.108,0.132,0.147,,0.261,,,,,,0.1,,,,,0.069,0.055,0.264,0.475,0.036,0.101,0.371,0.148,0.321,0.071,0.16,0.113,,,0.159,,,0.092,0.057,0.124,,0.046,0.195,,,,,,,,0.188,,0.098,0.898,,,0.024,,0.1,,0.095,0.168,0.097,0.159,0.131,0.364,0.264,0.145,0.084,0.154,0.136,,0.595,,,,,,,,0.173,0.173,0.095,0.143,0.331,,,,,0.108,0.177,0.587,,,0.541,0.621,,0.149,0.15,0.195,0.64,0.638,0.16,0.138,0.635,0.185,,,0.248,,,,,0.157,,,,0.169,,0.105,,0.155,0.121,0.121,0.103,,,,0.448,0.093,,,0.127,0.117
162,14005560,,0.568,0.57,,,,0.183,,,,,0.068,0.021,,0.2,0.087,,0.154,,,,,,,,0.372,,0.42,0.177,,,0.101,,0.399,0.27,,,,0.138,0.125,0.166,,,,0.075,0.48,0.524,0.5,,,,0.241,,0.097,,,,,,0.216,0.16,,,,0.202,0.172,0.054,0.122,,,,0.106,0.132,0.145,,0.262,,,,,,0.1,,,,,0.069,0.055,0.261,0.487,0.036,0.101,0.396,0.149,0.33,0.071,0.16,0.115,,,0.159,,,0.091,0.022,0.015,,0.046,0.195,,,,,,,,0.194,,0.099,0.899,,,0.024,,0.099,,0.094,0.168,0.098,0.159,0.132,0.364,0.255,0.147,0.084,0.153,0.136,,0.595,,,,,,,,0.173,0.172,0.095,0.143,0.33,,,,,0.108,0.177,0.587,,,0.541,0.621,,0.149,0.15,0.195,0.64,0.638,0.16,0.138,0.631,0.188,,,0.248,,,,,0.157,,,,0.168,,0.104,,0.155,0.12,0.122,0.11,,,,0.45,0.094,,,0.127,0.117
162,14005620,,0.568,0.57,,,,0.183,,,,,0.069,0.021,,0.2,0.101,,0.154,,,,,,,,0.372,,0.412,0.177,,,0.101,,0.399,0.27,,,,0.138,0.124,0.166,,,,0.075,0.48,0.524,0.5,,,,0.241,,0.098,,,,,,0.208,0.16,,,,0.202,0.172,0.054,0.122,,,,0.106,0.132,0.144,,0.261,,,,,,0.1,,,,,0.069,0.055,0.256,0.477,0.036,0.101,0.378,0.148,0.314,0.071,0.16,0.114,,,0.159,,,0.092,0.023,0.015,,0.046,0.195,,,,,,,,0.205,,0.099,0.901,,,0.024,,0.099,,0.093,0.168,0.096,0.159,0.13,0.364,0.247,0.144,0.084,0.153,0.136,,0.596,,,,,,,,0.172,0.172,0.095,0.143,0.331,,,,,0.108,0.177,0.587,,,0.541,0.621,,0.149,0.15,0.195,0.64,0.638,0.16,0.139,0.625,0.188,,,0.244,,,,,0.157,,,,0.167,,0.105,,0.155,0.121,0.121,0.108,,,,0.452,0.093,,,0.127,0.117
162,14005680,,0.568,0.57,,,,0.183,,,,,0.068,0.021,,0.202,0.087,,0.154,,,,,,,,0.372,,0.416,0.177,,,0.101,,0.399,0.273,,,,0.138,0.124,0.163,,,,0.075,0.48,0.524,0.5,,,,0.241,,0.098,,,,,,0.196,0.16,,,,0.202,0.172,0.054,0.122,,,,0.107,0.131,0.144,,0.259,,,,,,0.1,,,,,0.069,0.055,0.263,0.479,0.036,0.1,0.346,0.148,0.312,0.071,0.159,0.115,,,0.159,,,0.092,0.027,0.015,,0.057,0.195,,,,,,,,0.201,,0.098,0.904,,,0.024,,0.1,,0.094,0.167,0.097,0.159,0.128,0.364,0.247,0.147,0.085,0.153,0.137,,0.596,,,,,,,,0.171,0.173,0.095,0.143,0.329,,,,,0.108,0.177,0.587,,,0.541,0.621,,0.149,0.15,0.195,0.64,0.638,0.16,0.139,0.631,0.187,,,0.238,,,,,0.158,,,,0.167,,0.105,,0.155,0.121,0.121,0.104,,,,0.45,0.093,,,0.127,0.117
162,14005740,,0.568,0.57,,,,0.183,,,,,0.069,0.02,,0.202,0.089,,0.154,,,,,,,,0.372,,0.408,0.177,,,0.102,,0.399,0.274,,,,0.139,0.125,0.166,,,,0.075,0.48,0.524,0.5,,,,0.241,,0.099,,,,,,0.194,0.16,,,,0.202,0.172,0.054,0.122,,,,0.108,0.131,0.144,,0.256,,,,,,0.1,,,,,0.069,0.055,0.256,0.527,0.036,0.1,0.375,0.148,0.316,0.071,0.159,0.113,,,0.159,,,0.091,0.023,0.015,,0.049,0.194,,,,,,,,0.198,,0.099,0.908,,,0.024,,0.1,,0.094,0.168,0.097,0.159,0.13,0.364,0.246,0.146,0.085,0.153,0.136,,0.596,,,,,,,,0.171,0.173,0.095,0.143,0.328,,,,,0.108,0.177,0.587,,,0.541,0.621,,0.149,0.151,0.195,0.64,0.638,0.16,0.139,0.637,0.185,,,0.237,,,,,0.157,,,,0.167,,0.105,,0.154,0.121,0.122,0.1,,,,0.451,0.093,,,0.127,0.117
162,14005800,,0.568,0.57,,,,0.183,,,,,0.068,0.02,,0.202,0.114,,0.154,,,,,,,,0.375,,0.426,0.177,,,0.101,,0.399,0.273,,,,0.139,0.125,0.166,,,,0.075,0.482,0.524,0.5,,,,0.169,,0.099,,,,,,0.199,0.16,,,,0.202,0.169,0.054,0.122,,,,0.106,0.133,0.146,,0.272,,,,,,0.1,,,,,0.069,0.055,0.26,0.481,0.036,0.1,0.374,0.148,0.314,0.071,0.16,0.113,,,0.159,,,0.091,0.022,0.015,,0.048,0.195,,,,,,,,0.203,,0.099,0.914,,,0.024,,0.099,,0.095,0.168,0.098,0.159,0.131,0.364,0.244,0.143,0.083,0.153,0.136,,0.596,,,,,,,,0.172,0.175,0.095,0.143,0.33,,,,,0.108,0.177,0.586,,,0.541,0.622,,0.148,0.152,0.195,0.64,0.638,0.16,0.139,0.641,0.184,,,0.235,,,,,0.157,,,,0.179,,0.105,,0.152,0.12,0.123,0.101,,,,0.455,0.093,,,0.127,0.117
162,14005860,,0.568,0.57,,,,0.183,,,,,0.068,0.02,,0.203,0.107,,0.154,,,,,,,,0.374,,0.416,0.178,,,0.101,,0.399,0.272,,,,0.139,0.125,0.165,,,,0.075,0.482,0.524,0.5,,,,0.169,,0.1,,,,,,0.201,0.16,,,,0.202,0.169,0.052,0.122,,,,0.106,0.134,0.149,,0.272,,,,,,0.1,,,,,0.07,0.055,0.242,0.505,0.036,0.1,0.378,0.148,0.326,0.071,0.159,0.111,,,0.159,,,0.092,0.022,0.015,,0.049,0.194,,,,,,,,0.2,,0.099,0.914,,,0.024,,0.099,,0.094,0.167,0.097,0.159,0.132,0.364,0.245,0.142,0.082,0.154,0.137,,0.596,,,,,,,,0.171,0.174,0.095,0.143,0.332,,,,,0.108,0.177,0.586,,,0.542,0.623,,0.149,0.151,0.195,0.64,0.638,0.16,0.139,0.643,0.185,,,0.238,,,,,0.157,,,,0.178,,0.104,,0.151,0.12,0.12,0.103,,,,0.429,0.09,,,0.127,0.117
162,14005920,,0.568,0.57,,,,0.183,,,,,0.068,0.02,,0.203,0.088,,0.154,,,,,,,,0.374,,0.399,0.178,,,0.102,,0.399,0.271,,,,0.138,0.124,0.165,,,,0.075,0.483,0.524,0.499,,,,0.169,,0.097,,,,,,0.198,0.16,,,,0.202,0.168,0.053,0.123,,,,0.107,0.133,0.15,,0.264,,,,,,0.101,,,,,0.069,0.055,0.268,0.503,0.036,0.1,0.367,0.147,0.32,0.071,0.158,0.112,,,0.159,,,0.092,0.023,0.015,,0.048,0.195,,,,,,,,0.189,,0.1,0.921,,,0.024,,0.1,,0.094,0.168,0.097,0.159,0.133,0.364,0.257,0.143,0.081,0.154,0.136,,0.596,,,,,,,,0.169,0.174,0.095,0.143,0.329,,,,,0.108,0.177,0.586,,,0.542,0.622,,0.148,0.15,0.196,0.64,0.638,0.16,0.139,0.644,0.184,,,0.247,,,,,0.157,,,,0.175,,0.105,,0.15,0.121,0.122,0.103,,,,0.427,0.092,,,0.127,0.117
162,14005980,,0.568,0.57,,,,0.183,,,,,0.068,0.02,,0.203,0.086,,0.154,,,,,,,,0.378,,0.422,0.178,,,0.103,,0.399,0.27,,,,0.138,0.124,0.165,,,,0.075,0.483,0.524,0.5,,,,0.169,,0.097,,,,,,0.199,0.16,,,,0.202,0.169,0.053,0.121,,,,0.106,0.132,0.147,,0.258,,,,,,0.1,,,,,0.068,0.055,0.252,0.455,0.036,0.1,0.365,0.146,0.307,0.071,0.16,0.112,,,0.159,,,0.092,0.022,0.015,,0.048,0.194,,,,,,,,0.194,,0.1,0.922,,,0.024,,0.099,,0.094,0.168,0.098,0.16,0.133,0.364,0.249,0.144,0.081,0.153,0.136,,0.596,,,,,,,,0.169,0.173,0.095,0.143,0.327,,,,,0.108,0.177,0.587,,,0.542,0.622,,0.149,0.15,0.195,0.64,0.638,0.16,0.139,0.642,0.183,,,0.248,,,,,0.156,,,,0.174,,0.105,,0.15,0.122,0.122,0.1,,,,0.423,0.091,,,0.127,0.117
162,14006040,,0.568,0.57,,,,0.183,,,,,0.068,0.02,,0.201,0.094,,0.154,,,,,,,,0.378,,0.437,0.177,,,0.101,,0.399,0.27,,,,0.137,0.124,0.165,,,,0.075,0.482,0.524,0.5,,,,0.169,,0.096,,,,,,0.196,0.159,,,,0.202,0.169,0.053,0.123,,,,0.107,0.131,0.144,,0.257,,,,,,0.1,,,,,0.069,0.055,0.255,0.458,0.036,0.1,0.384,0.146,0.311,0.071,0.157,0.114,,,0.159,,,0.091,0.023,0.015,,0.048,0.194,,,,,,,,0.185,,0.101,0.916,,,0.024,,0.099,,0.094,0.168,0.099,0.159,0.132,0.364,0.24,0.143,0.083,0.153,0.136,,0.596,,,,,,,,0.167,0.174,0.095,0.143,0.328,,,,,0.108,0.177,0.587,,,0.542,0.622,,0.149,0.151,0.196,0.64,0.638,0.16,0.139,0.642,0.184,,,0.252,,,,,0.157,,,,0.174,,0.105,,0.151,0.12,0.123,0.098,,,,0.428,0.091,,,0.127,0.117
162,14006100,,0.568,0.57,,,,0.183,,,,,0.068,0.021,,0.201,0.097,,0.154,,,,,,,,0.378,,0.432,0.178,,,0.101,,0.399,0.272,,,,0.137,0.124,0.165,,,,0.075,0.482,0.524,0.5,,,,0.169,,0.097,,,,,,0.195,0.158,,,,0.202,0.169,0.053,0.123,,,,0.107,0.13,0.142,,0.258,,,,,,0.101,,,,,0.068,0.055,0.253,0.485,0.036,0.1,0.36,0.146,0.304,0.071,0.152,0.111,,,0.16,,,0.092,0.022,0.015,,0.048,0.194,,,,,,,,0.189,,0.102,0.886,,,0.024,,0.1,,0.093,0.168,0.099,0.16,0.132,0.364,0.238,0.143,0.083,0.153,0.137,,0.596,,,,,,,,0.167,0.172,0.095,0.143,0.327,,,,,0.108,0.177,0.587,,,0.542,0.622,,0.149,0.151,0.195,0.64,0.638,0.16,0.139,0.644,0.186,,,0.254,,,,,0.158,,,,0.173,,0.105,,0.15,0.121,0.123,0.098,,,,0.424,0.093,,,0.127,0.117
162,14006160,,0.568,0.57,,,,0.183,,,,,0.069,0.071,,0.201,0.092,,0.154,,,,,,,,0.378,,0.421,0.178,,,0.102,,0.399,0.272,,,,0.137,0.124,0.165,,,,0.075,0.482,0.524,0.5,,,,0.127,,0.098,,,,,,0.195,0.158,,,,0.202,0.169,0.053,0.122,,,,0.108,0.13,0.141,,0.256,,,,,,0.101,,,,,0.068,0.055,0.25,0.459,0.036,0.1,0.357,0.146,0.313,0.071,0.149,0.111,,,0.159,,,0.093,0.022,0.015,,0.069,0.194,,,,,,,,0.193,,0.1,0.894,,,0.024,,0.101,,0.094,0.168,0.099,0.16,0.132,0.364,0.229,0.142,0.082,0.153,0.135,,0.596,,,,,,,,0.166,0.172,0.095,0.143,0.327,,,,,0.108,0.177,0.586,,,0.542,0.622,,0.15,0.151,0.196,0.64,0.638,0.16,0.139,0.641,0.184,,,0.251,,,,,0.158,,,,0.172,,0.104,,0.15,0.122,0.122,0.097,,,,0.43,0.093,,,0.127,0.117
162,14006220,,0.568,0.57,,,,0.183,,,,,0.069,0.088,,0.201,0.091,,0.154,,,,,,,,0.378,,0.427,0.179,,,0.103,,0.399,0.272,,,,0.137,0.124,0.164,,,,0.075,0.481,0.524,0.5,,,,0.134,,0.097,,,,,,0.191,0.156,,,,0.202,0.169,0.052,0.122,,,,0.107,0.13,0.14,,0.255,,,,,,0.101,,,,,0.068,0.055,0.248,0.463,0.036,0.1,0.355,0.145,0.314,0.071,0.131,0.111,,,0.158,,,0.091,0.023,0.015,,0.048,0.194,,,,,,,,0.182,,0.1,0.906,,,0.024,,0.099,,0.094,0.168,0.097,0.16,0.132,0.364,0.243,0.144,0.081,0.153,0.137,,0.596,,,,,,,,0.166,0.172,0.095,0.143,0.326,,,,,0.108,0.177,0.587,,,0.542,0.622,,0.149,0.151,0.196,0.64,0.638,0.16,0.138,0.633,0.182,,,0.248,,,,,0.157,,,,0.171,,0.104,,0.15,0.122,0.124,0.096,,,,0.432,0.093,,,0.127,0.117
162,14006280,,0.568,0.57,,,,0.183,,,,,0.069,0.06,,0.201,0.082,,0.154,,,,,,,,0.378,,0.428,0.17,,,0.101,,0.4,0.272,,,,0.137,0.124,0.163,,,,0.075,0.482,0.524,0.5,,,,0.134,,0.097,,,,,,0.191,0.156,,,,0.202,0.169,0.053,0.123,,,,0.107,0.129,0.139,,0.257,,,,,,0.1,,,,,0.068,0.055,0.25,0.437,0.036,0.1,0.356,0.145,0.304,0.071,0.109,0.112,,,0.158,,,0.091,0.023,0.015,,0.048,0.194,,,,,,,,0.184,,0.101,0.897,,,0.024,,0.099,,0.093,0.169,0.096,0.159,0.132,0.364,0.237,0.143,0.08,0.153,0.136,,0.596,,,,,,,,0.166,0.171,0.095,0.143,0.325,,,,,0.108,0.177,0.586,,,0.542,0.622,,0.149,0.152,0.196,0.64,0.638,0.16,0.138,0.633,0.181,,,0.249,,,,,0.158,,,,0.17,,0.105,,0.15,0.12,0.124,0.096,,,,0.432,0.093,,,0.127,0.117
162,14006340,,0.568,0.57,,,,0.183,,,,,0.069,0.06,,0.203,0.092,,0.154,,,,,,,,0.378,,0.418,0.17,,,0.102,,0.399,0.272,,,,0.137,0.124,0.165,,,,0.075,0.481,0.524,0.5,,,,0.134,,0.098,,,,,,0.191,0.155,,,,0.202,0.17,0.053,0.123,,,,0.108,0.129,0.138,,0.252,,,,,,0.101,,,,,0.068,0.055,0.238,0.438,0.036,0.1,0.356,0.145,0.302,0.071,0.102,0.113,,,0.158,,,0.092,0.022,0.015,,0.048,0.194,,,,,,,,0.181,,0.102,0.878,,,0.024,,0.1,,0.094,0.17,0.096,0.159,0.133,0.364,0.236,0.142,0.081,0.153,0.136,,0.596,,,,,,,,0.166,0.172,0.095,0.143,0.325,,,,,0.108,0.177,0.587,,,0.542,0.622,,0.15,0.152,0.196,0.64,0.638,0.16,0.138,0.637,0.186,,,0.249,,,,,0.158,,,,0.169,,0.105,,0.15,0.121,0.122,0.095,,,,0.431,0.093,,,0.127,0.117
162,14006400,,0.568,0.57,,,,0.183,,,,,0.069,0.06,,0.201,0.094,,0.154,,,,,,,,0.378,,0.414,0.171,,,0.103,,0.4,0.274,,,,0.137,0.124,0.165,,,,0.075,0.481,0.524,0.5,,,,0.134,,0.098,,,,,,0.189,0.156,,,,0.202,0.17,0.053,0.122,,,,0.108,0.129,0.139,,0.258,,,,,,0.101,,,,,0.068,0.055,0.248,0.505,0.036,0.1,0.343,0.144,0.324,0.071,0.101,0.112,,,0.158,,,0.093,0.022,0.015,,0.113,0.194,,,,,,,,0.188,,0.1,0.887,,,0.024,,0.101,,0.094,0.168,0.096,0.16,0.133,0.364,0.239,0.142,0.08,0.153,0.137,,0.596,,,,,,,,0.164,0.171,0.095,0.143,0.324,,,,,0.108,0.177,0.587,,,0.542,0.622,,0.15,0.152,0.196,0.64,0.638,0.16,0.138,0.639,0.187,,,0.25,,,,,0.156,,,,0.167,,0.104,,0.151,0.122,0.122,0.094,,,,0.435,0.094,,,0.127,0.117
162,14006460,,0.568,0.57,,,,0.183,,,,,0.069,0.043,,0.201,0.09,,0.154,,,,,,,,0.378,,0.422,0.171,,,0.102,,0.4,0.274,,,,0.137,0.124,0.165,,,,0.075,0.481,0.524,0.5,,,,0.134,,0.097,,,,,,0.193,0.155,,,,0.202,0.17,0.053,0.122,,,,0.107,0.129,0.14,,0.257,,,,,,0.101,,,,,0.068,0.055,0.249,0.47,0.036,0.1,0.334,0.145,0.323,0.071,0.101,0.111,,,0.158,,,0.091,0.026,0.015,,0.047,0.194,,,,,,,,0.179,,0.101,0.894,,,0.024,,0.099,,0.093,0.168,0.097,0.16,0.133,0.364,0.243,0.144,0.08,0.154,0.137,,0.596,,,,,,,,0.164,0.17,0.095,0.143,0.323,,,,,0.108,0.177,0.587,,,0.542,0.622,,0.15,0.152,0.196,0.64,0.638,0.16,0.138,0.636,0.19,,,0.248,,,,,0.156,,,,0.166,,0.105,,0.151,0.121,0.124,0.095,,,,0.438,0.093,,,0.127,0.117
162,14006520,,0.568,0.571,,,,0.183,,,,,0.069,0.043,,0.201,0.094,,0.154,,,,,,,,0.378,,0.425,0.164,,,0.101,,0.4,0.275,,,,0.137,0.124,0.164,,,,0.075,0.481,0.524,0.5,,,,0.134,,0.098,,,,,,0.197,0.155,,,,0.202,0.17,0.053,0.122,,,,0.107,0.129,0.138,,0.255,,,,,,0.101,,,,,0.068,0.055,0.238,0.428,0.036,0.1,0.34,0.144,0.31,0.071,0.102,0.11,,,0.158,,,0.091,0.023,0.015,,0.047,0.194,,,,,,,,0.178,,0.101,0.906,,,0.024,,0.1,,0.093,0.169,0.098,0.159,0.132,0.364,0.236,0.142,0.08,0.153,0.137,,0.596,,,,,,,,0.164,0.17,0.095,0.143,0.322,,,,,0.108,0.177,0.587,,,0.542,0.622,,0.149,0.152,0.196,0.64,0.638,0.16,0.138,0.637,0.19,,,0.243,,,,,0.157,,,,0.166,,0.105,,0.15,0.12,0.123,0.095,,,,0.437,0.093,,,0.127,0.117
162,14006580,,0.568,0.571,,,,0.183,,,,,0.069,0.043,,0.201,0.093,,0.154,,,,,,,,0.377,,0.43,0.164,,,0.103,,0.4,0.275,,,,0.137,0.125,0.165,,,,0.075,0.481,0.524,0.5,,,,0.134,,0.098,,,,,,0.195,0.155,,,,0.202,0.17,0.053,0.123,,,,0.107,0.128,0.138,,0.255,,,,,,0.101,,,,,0.068,0.055,0.237,0.461,0.036,0.1,0.347,0.144,0.307,0.071,0.101,0.112,,,0.158,,,0.092,0.023,0.015,,0.047,0.194,,,,,,,,0.181,,0.102,0.912,,,0.025,,0.101,,0.095,0.169,0.096,0.16,0.131,0.364,0.238,0.144,0.082,0.153,0.137,,0.596,,,,,,,,0.162,0.17,0.095,0.143,0.322,,,,,0.108,0.177,0.587,,,0.542,0.622,,0.15,0.152,0.196,0.64,0.638,0.16,0.139,0.638,0.191,,,0.242,,,,,0.158,,,,0.165,,0.105,,0.15,0.122,0.123,0.094,,,,0.438,0.094,,,0.127,0.117
162,14006640,,0.568,0.571,,,,0.183,,,,,0.069,0.047,,0.203,0.099,,0.154,,,,,,,,0.377,,0.444,0.165,,,0.102,,0.4,0.274,,,,0.137,0.125,0.164,,,,0.075,0.481,0.484,0.5,,,,0.134,,0.098,,,,,,0.193,0.155,,,,0.202,0.17,0.053,0.123,,,,0.108,0.127,0.139,,0.259,,,,,,0.101,,,,,0.068,0.055,0.245,0.462,0.036,0.1,0.37,0.144,0.306,0.071,0.099,0.114,,,0.159,,,0.092,0.023,0.015,,0.047,0.194,,,,,,,,0.19,,0.101,0.909,,,0.025,,0.101,,0.095,0.168,0.097,0.159,0.128,0.364,0.243,0.142,0.083,0.153,0.138,,0.596,,,,,,,,0.161,0.17,0.095,0.143,0.322,,,,,0.108,0.177,0.587,,,0.542,0.622,,0.152,0.152,0.196,0.64,0.638,0.16,0.139,0.638,0.194,,,0.243,,,,,0.157,,,,0.165,,0.105,,0.149,0.12,0.123,0.093,,,,0.44,0.093,,,0.127,0.116
162,14006700,,0.568,0.57,,,,0.183,,,,,0.069,0.047,,0.201,0.098,,0.154,,,,,,,,0.378,,0.432,0.163,,,0.102,,0.4,0.273,,,,0.137,0.125,0.165,,,,0.075,0.483,0.5,0.5,,,,0.134,,0.098,,,,,,0.199,0.155,,,,0.202,0.17,0.054,0.123,,,,0.108,0.126,0.139,,0.256,,,,,,0.1,,,,,0.068,0.055,0.247,0.408,0.036,0.1,0.34,0.144,0.31,0.071,0.1,0.112,,,0.162,,,0.091,0.022,0.015,,0.047,0.194,,,,,,,,0.179,,0.101,0.917,,,0.025,,0.099,,0.094,0.168,0.098,0.16,0.132,0.364,0.246,0.142,0.083,0.153,0.136,,0.596,,,,,,,,0.161,0.17,0.095,0.143,0.321,,,,,0.108,0.177,0.587,,,0.542,0.622,,0.154,0.152,0.196,0.64,0.638,0.16,0.139,0.636,0.195,,,0.242,,,,,0.158,,,,0.165,,0.105,,0.148,0.121,0.123,0.097,,,,0.44,0.094,,,0.127,0.116
162,14006760,,0.568,0.57,,,,0.183,,,,,0.069,0.047,,0.202,0.081,,0.154,,,,,,,,0.379,,0.425,0.159,,,0.101,,0.4,0.27,,,,0.137,0.125,0.164,,,,0.075,0.483,0.501,0.5,,,,0.134,,0.098,,,,,,0.214,0.155,,,,0.202,0.17,0.054,0.122,,,,0.107,0.127,0.14,,0.252,,,,,,0.1,,,,,0.068,0.055,0.238,0.431,0.036,0.1,0.351,0.144,0.3,0.071,0.1,0.11,,,0.16,,,0.091,0.024,0.015,,0.162,0.194,,,,,,,,0.182,,0.102,0.921,,,0.025,,0.1,,0.094,0.169,0.098,0.159,0.131,0.364,0.236,0.143,0.083,0.153,0.137,,0.597,,,,,,,,0.161,0.17,0.095,0.143,0.32,,,,,0.108,0.177,0.586,,,0.542,0.622,,0.155,0.153,0.195,0.64,0.638,0.16,0.139,0.639,0.197,,,0.246,,,,,0.158,,,,0.165,,0.105,,0.148,0.121,0.124,0.105,,,,0.438,0.093,,,0.127,0.116
162,14006820,,0.568,0.57,,,,0.183,,,,,0.069,0.047,,0.202,0.075,,0.154,,,,,,,,0.379,,0.415,0.16,,,0.102,,0.4,0.27,,,,0.137,0.124,0.165,,,,0.075,0.484,0.501,0.5,,,,0.134,,0.1,,,,,,0.205,0.154,,,,0.202,0.17,0.054,0.122,,,,0.108,0.126,0.138,,0.253,,,,,,0.101,,,,,0.068,0.055,0.244,0.415,0.036,0.1,0.349,0.144,0.299,0.071,0.1,0.111,,,0.159,,,0.091,0.023,0.015,,0.047,0.194,,,,,,,,0.173,,0.101,0.921,,,0.025,,0.1,,0.095,0.167,0.096,0.159,0.131,0.364,0.234,0.142,0.082,0.153,0.137,,0.597,,,,,,,,0.161,0.17,0.095,0.143,0.32,,,,,0.108,0.177,0.587,,,0.542,0.622,,0.15,0.152,0.195,0.64,0.638,0.16,0.138,0.647,0.196,,,0.243,,,,,0.159,,,,0.165,,0.104,,0.147,0.121,0.123,0.104,,,,0.437,0.093,,,0.127,0.116
162,14006880,,0.567,0.57,,,,0.183,,,,,0.069,0.047,,0.202,0.073,,0.154,,,,,,,,0.379,,0.404,0.155,,,0.103,,0.4,0.271,,,,0.137,0.124,0.165,,,,0.075,0.484,0.501,0.5,,,,0.134,,0.101,,,,,,0.196,0.154,,,,0.202,0.17,0.054,0.123,,,,0.108,0.126,0.136,,0.252,,,,,,0.102,,,,,0.068,0.055,0.239,0.422,0.036,0.1,0.354,0.143,0.3,0.071,0.099,0.112,,,0.159,,,0.092,0.022,0.015,,0.047,0.194,,,,,,,,0.175,,0.102,0.929,,,0.025,,0.101,,0.096,0.168,0.097,0.161,0.131,0.364,0.233,0.142,0.082,0.153,0.137,,0.597,,,,,,,,0.16,0.169,0.095,0.143,0.319,,,,,0.108,0.177,0.586,,,0.542,0.622,,0.15,0.152,0.195,0.64,0.638,0.16,0.139,0.65,0.195,,,0.24,,,,,0.158,,,,0.164,,0.104,,0.148,0.121,0.124,0.1,,,,0.436,0.093,,,0.127,0.116
162,14006940,,0.567,0.57,,,,0.183,,,,,0.069,0.047,,0.202,0.079,,0.154,,,,,,,,0.379,,0.417,0.155,,,0.103,,0.4,0.272,,,,0.137,0.124,0.165,,,,0.075,0.484,0.502,0.5,,,,0.135,,0.097,,,,,,0.194,0.154,,,,0.202,0.17,0.053,0.123,,,,0.107,0.125,0.135,,0.251,,,,,,0.101,,,,,0.067,0.055,0.238,0.407,0.036,0.1,0.346,0.142,0.297,0.071,0.099,0.112,,,0.159,,,0.09,0.022,0.015,,0.047,0.194,,,,,,,,0.176,,0.103,0.934,,,0.024,,0.1,,0.094,0.168,0.097,0.16,0.132,0.366,0.229,0.143,0.081,0.152,0.137,,0.597,,,,,,,,0.16,0.169,0.095,0.143,0.319,,,,,0.108,0.177,0.586,,,0.542,0.622,,0.15,0.152,0.195,0.64,0.638,0.16,0.138,0.643,0.193,,,0.237,,,,,0.158,,,,0.164,,0.105,,0.149,0.12,0.124,0.096,,,,0.438,0.093,,,0.127,0.116
162,14007000,,0.567,0.57,,,,0.183,,,,,0.069,0.074,,0.203,0.079,,0.154,,,,,,,,0.379,,0.418,0.159,,,0.102,,0.4,0.269,,,,0.138,0.124,0.165,,,,0.075,0.482,0.502,0.5,,,,0.135,,0.098,,,,,,0.199,0.154,,,,0.202,0.17,0.053,0.122,,,,0.108,0.125,0.134,,0.251,,,,,,0.101,,,,,0.067,0.055,0.233,0.419,0.036,0.1,0.362,0.142,0.303,0.071,0.099,0.111,,,0.159,,,0.091,0.022,0.015,,0.047,0.194,,,,,,,,0.182,,0.103,0.933,,,0.024,,0.1,,0.095,0.169,0.098,0.16,0.132,0.367,0.226,0.141,0.081,0.153,0.136,,0.598,,,,,,,,0.159,0.169,0.095,0.143,0.319,,,,,0.108,0.177,0.586,,,0.542,0.622,,0.15,0.152,0.195,0.64,0.638,0.16,0.139,0.638,0.191,,,0.239,,,,,0.159,,,,0.163,,0.105,,0.149,0.12,0.124,0.093,,,,0.439,0.093,,,0.127,0.116
162,14007060,,0.567,0.57,,,,0.183,,,,,0.069,0.066,,0.203,0.072,,0.154,,,,,,,,0.379,,0.428,0.157,,,0.102,,0.4,0.267,,,,0.138,0.125,0.165,,,,0.075,0.481,0.503,0.5,,,,0.135,,0.098,,,,,,0.195,0.154,,,,0.202,0.169,0.054,0.122,,,,0.108,0.125,0.135,,0.253,,,,,,0.101,,,,,0.067,0.055,0.24,0.445,0.036,0.1,0.37,0.141,0.302,0.071,0.099,0.11,,,0.158,,,0.092,0.023,0.026,,0.047,0.194,,,,,,,,0.182,,0.101,0.933,,,0.024,,0.101,,0.096,0.168,0.097,0.16,0.132,0.366,0.239,0.141,0.081,0.153,0.137,,0.597,,,,,,,,0.159,0.168,0.095,0.143,0.318,,,,,0.108,0.177,0.586,,,0.542,0.622,,0.15,0.152,0.196,0.64,0.638,0.16,0.139,0.64,0.19,,,0.243,,,,,0.159,,,,0.163,,0.105,,0.148,0.121,0.122,0.093,,,,0.438,0.093,,,0.127,0.116
162,14007120,,0.568,0.57,,,,0.183,,,,,0.07,0.066,,0.203,0.077,,0.154,,,,,,,,0.379,,0.43,0.155,,,0.103,,0.4,0.268,,,,0.138,0.124,0.165,,,,0.075,0.481,0.503,0.5,,,,0.135,,0.098,,,,,,0.189,0.154,,,,0.202,0.17,0.053,0.122,,,,0.108,0.125,0.135,,0.252,,,,,,0.102,,,,,0.067,0.055,0.237,0.415,0.036,0.1,0.367,0.141,0.3,0.071,0.099,0.111,,,0.159,,,0.092,0.061,0.118,,0.047,0.193,,,,,,,,0.179,,0.101,0.934,,,0.024,,0.1,,0.095,0.169,0.098,0.16,0.132,0.367,0.236,0.141,0.081,0.153,0.137,,0.598,,,,,,,,0.158,0.169,0.095,0.143,0.318,,,,,0.108,0.177,0.586,,,0.542,0.622,,0.15,0.152,0.196,0.64,0.638,0.16,0.139,0.643,0.188,,,0.241,,,,,0.158,,,,0.163,,0.104,,0.147,0.121,0.124,0.092,,,,0.439,0.092,,,0.127,0.116
162,14007180,,0.568,0.57,,,,0.183,,,,,0.069,0.09,,0.203,0.079,,0.154,,,,,,,,0.379,,0.423,0.156,,,0.103,,0.4,0.269,,,,0.137,0.124,0.165,,,,0.075,0.482,0.502,0.5,,,,0.135,,0.098,,,,,,0.188,0.154,,,,0.202,0.169,0.054,0.123,,,,0.107,0.124,0.134,,0.251,,,,,,0.101,,,,,0.067,0.055,0.242,0.405,0.036,0.1,0.352,0.141,0.295,0.071,0.098,0.111,,,0.159,,,0.09,0.022,0.015,,0.047,0.193,,,,,,,,0.188,,0.099,0.946,,,0.024,,0.1,,0.094,0.168,0.1,0.16,0.129,0.367,0.232,0.14,0.081,0.153,0.137,,0.598,,,,,,,,0.158,0.169,0.095,0.143,0.317,,,,,0.108,0.177,0.587,,,0.542,0.622,,0.15,0.153,0.195,0.64,0.638,0.16,0.139,0.638,0.188,,,0.235,,,,,0.158,,,,0.163,,0.105,,0.146,0.122,0.124,0.091,,,,0.438,0.093,,,0.127,0.116
162,14007240,,0.568,0.57,,,,0.183,,,,,0.069,0.075,,0.203,0.073,,0.154,,,,,,,,0.379,,0.458,0.156,,,0.102,,0.4,0.271,,,,0.137,0.125,0.165,,,,0.075,0.4,0.503,0.5,,,,0.135,,0.098,,,,,,0.187,0.154,,,,0.202,0.17,0.054,0.122,,,,0.108,0.124,0.134,,0.251,,,,,,0.101,,,,,0.068,0.055,0.227,0.414,0.036,0.1,0.342,0.141,0.293,0.071,0.1,0.111,,,0.159,,,0.091,0.022,0.015,,0.047,0.193,,,,,,,,0.196,,0.099,0.922,,,0.025,,0.1,,0.095,0.168,0.1,0.161,0.133,0.368,0.229,0.14,0.081,0.153,0.137,,0.598,,,,,,,,0.158,0.169,0.095,0.143,0.317,,,,,0.108,0.177,0.586,,,0.542,0.622,,0.151,0.153,0.195,0.64,0.638,0.16,0.138,0.637,0.187,,,0.235,,,,,0.159,,,,0.163,,0.105,,0.146,0.121,0.123,0.09,,,,0.44,0.093,,,0.127,0.116
162,14007300,,0.568,0.57,,,,0.183,,,,,0.07,0.07,,0.203,0.079,,0.154,,,,,,,,0.379,,0.44,0.156,,,0.103,,0.4,0.271,,,,0.137,0.125,0.165,,,,0.075,0.442,0.503,0.5,,,,0.135,,0.098,,,,,,0.188,0.153,,,,0.202,0.17,0.054,0.122,,,,0.108,0.124,0.135,,0.253,,,,,,0.102,,,,,0.068,0.055,0.233,0.382,0.036,0.1,0.326,0.14,0.3,0.071,0.099,0.111,,,0.159,,,0.091,0.022,0.015,,0.047,0.193,,,,,,,,0.173,,0.098,0.886,,,0.024,,0.101,,0.095,0.168,0.1,0.161,0.132,0.368,0.233,0.139,0.081,0.152,0.137,,0.597,,,,,,,,0.157,0.169,0.095,0.143,0.316,,,,,0.108,0.177,0.586,,,0.542,0.622,,0.15,0.152,0.195,0.64,0.638,0.16,0.138,0.636,0.187,,,0.241,,,,,0.158,,,,0.163,,0.105,,0.146,0.123,0.122,0.09,,,,0.441,0.093,,,0.127,0.116
162,14007360,,0.568,0.57,,,,0.183,,,,,0.069,0.079,,0.203,0.082,,0.154,,,,,,,,0.379,,0.444,0.157,,,0.103,,0.4,0.271,,,,0.137,0.124,0.165,,,,0.075,0.444,0.503,0.5,,,,0.135,,0.098,,,,,,0.19,0.153,,,,0.202,0.166,0.054,0.122,,,,0.109,0.124,0.134,,0.249,,,,,,0.102,,,,,0.067,0.055,0.22,0.421,0.036,0.1,0.333,0.14,0.289,0.071,0.098,0.111,,,0.159,,,0.092,0.047,0.089,,0.047,0.193,,,,,,,,0.182,,0.098,0.895,,,0.024,,0.101,,0.096,0.168,0.098,0.161,0.133,0.368,0.235,0.139,0.08,0.153,0.137,,0.597,,,,,,,,0.157,0.168,0.095,0.143,0.316,,,,,0.108,0.177,0.586,,,0.542,0.622,,0.15,0.152,0.196,0.64,0.638,0.16,0.138,0.637,0.186,,,0.247,,,,,0.158,,,,0.163,,0.104,,0.146,0.121,0.124,0.089,,,,0.439,0.093,,,0.127,0.116
162,14007420,,0.568,0.57,,,,0.183,,,,,0.069,0.066,,0.203,0.076,,0.154,,,,,,,,0.379,,0.453,0.157,,,0.102,,0.4,0.269,,,,0.137,0.124,0.165,,,,0.075,0.445,0.503,0.5,,,,0.135,,0.098,,,,,,0.188,0.152,,,,0.202,0.167,0.054,0.122,,,,0.107,0.125,0.134,,0.249,,,,,,0.101,,,,,0.067,0.055,0.23,0.403,0.036,0.1,0.329,0.139,0.281,0.071,0.098,0.112,,,0.159,,,0.091,0.022,0.025,,0.047,0.193,,,,,,,,0.177,,0.1,0.893,,,0.024,,0.1,,0.095,0.168,0.099,0.159,0.132,0.367,0.226,0.138,0.08,0.153,0.136,,0.597,,,,,,,,0.156,0.168,0.095,0.143,0.316,,,,,0.108,0.177,0.586,,,0.542,0.622,,0.15,0.153,0.195,0.64,0.638,0.16,0.138,0.637,0.184,,,0.248,,,,,0.16,,,,0.163,,0.104,,0.147,0.121,0.125,0.09,,,,0.437,0.093,,,0.127,0.116
162,14007480,,0.568,0.57,,,,0.183,,,,,0.07,0.079,,0.203,0.078,,0.154,,,,,,,,0.379,,0.425,0.158,,,0.102,,0.4,0.27,,,,0.137,0.124,0.165,,,,0.075,0.45,0.503,0.5,,,,0.135,,0.098,,,,,,0.19,0.152,,,,0.202,0.167,0.054,0.122,,,,0.108,0.125,0.134,,0.25,,,,,,0.101,,,,,0.067,0.055,0.224,0.425,0.036,0.1,0.342,0.139,0.29,0.071,0.098,0.111,,,0.159,,,0.091,0.024,0.015,,0.049,0.193,,,,,,,,0.176,,0.1,0.878,,,0.024,,0.101,,0.095,0.168,0.098,0.16,0.132,0.366,0.226,0.138,0.081,0.151,0.138,,0.597,,,,,,,,0.156,0.168,0.095,0.143,0.317,,,,,0.108,0.177,0.586,,,0.542,0.622,,0.15,0.153,0.195,0.64,0.638,0.16,0.138,0.643,0.185,,,0.247,,,,,0.16,,,,0.162,,0.105,,0.147,0.123,0.123,0.089,,,,0.44,0.093,,,0.127,0.116
162,14007540,,0.568,0.57,,,,0.183,,,,,0.069,0.084,,0.203,0.073,,0.154,,,,,,,,0.379,,0.427,0.159,,,0.103,,0.4,0.273,,,,0.137,0.124,0.165,,,,0.075,0.44,0.504,0.5,,,,0.135,,0.099,,,,,,0.198,0.152,,,,0.202,0.167,0.054,0.122,,,,0.109,0.124,0.133,,0.251,,,,,,0.102,,,,,0.067,0.055,0.219,0.433,0.036,0.1,0.354,0.139,0.296,0.071,0.098,0.11,,,0.167,,,0.092,0.023,0.015,,0.047,0.193,,,,,,,,0.176,,0.098,0.891,,,0.024,,0.101,,0.096,0.169,0.098,0.161,0.133,0.365,0.229,0.138,0.083,0.152,0.138,,0.597,,,,,,,,0.156,0.169,0.095,0.143,0.316,,,,,0.108,0.177,0.586,,,0.542,0.622,,0.151,0.153,0.196,0.64,0.638,0.16,0.138,0.646,0.187,,,0.238,,,,,0.159,,,,0.162,,0.105,,0.147,0.123,0.123,0.088,,,,0.438,0.093,,,0.127,0.116
162,14007600,,0.568,0.57,,,,0.183,,,,,0.069,0.084,,0.203,0.102,,0.154,,,,,,,,0.38,,0.426,0.16,,,0.102,,0.4,0.274,,,,0.137,0.124,0.166,,,,0.075,0.448,0.505,0.501,,,,0.135,,0.098,,,,,,0.223,0.153,,,,0.202,0.167,0.054,0.122,,,,0.109,0.126,0.138,,0.276,,,,,,0.102,,,,,0.068,0.055,0.229,0.41,0.036,0.1,0.331,0.14,0.297,0.071,0.098,0.112,,,0.173,,,0.092,0.022,0.019,,0.047,0.193,,,,,,,,0.183,,0.099,0.897,,,0.024,,0.102,,0.095,0.168,0.099,0.159,0.134,0.366,0.236,0.138,0.084,0.153,0.137,,0.597,,,,,,,,0.166,0.171,0.095,0.143,0.316,,,,,0.108,0.177,0.586,,,0.542,0.622,,0.151,0.153,0.195,0.64,0.638,0.16,0.138,0.644,0.188,,,0.233,,,,,0.159,,,,0.182,,0.104,,0.146,0.122,0.123,0.088,,,,0.441,0.093,,,0.127,0.116
162,14007660,,0.568,0.57,,,,0.183,,,,,0.07,0.084,,0.201,0.088,,0.154,,,,,,,,0.379,,0.421,0.158,,,0.102,,0.4,0.271,,,,0.137,0.124,0.164,,,,0.075,0.449,0.505,0.501,,,,0.141,,0.099,,,,,,0.221,0.153,,,,0.202,0.167,0.054,0.123,,,,0.108,0.127,0.139,,0.27,,,,,,0.101,,,,,0.067,0.055,0.229,0.406,0.036,0.1,0.342,0.139,0.3,0.071,0.098,0.111,,,0.176,,,0.091,0.023,0.015,,0.047,0.193,,,,,,,,0.173,,0.099,0.895,,,0.024,,0.101,,0.095,0.169,0.098,0.16,0.135,0.367,0.239,0.139,0.084,0.153,0.137,,0.598,,,,,,,,0.164,0.168,0.095,0.143,0.316,,,,,0.108,0.177,0.586,,,0.542,0.622,,0.151,0.153,0.195,0.64,0.638,0.16,0.138,0.646,0.189,,,0.23,,,,,0.16,,,,0.177,,0.105,,0.146,0.121,0.123,0.087,,,,0.444,0.094,,,0.127,0.116
162,14007720,,0.568,0.57,,,,0.183,,,,,0.07,0.058,,0.201,0.09,,0.154,,,,,,,,0.379,,0.411,0.159,,,0.103,,0.4,0.269,,,,0.137,0.124,0.165,,,,0.075,0.45,0.505,0.5,,,,0.147,,0.099,,,,,,0.206,0.152,,,,0.202,0.167,0.054,0.122,,,,0.108,0.125,0.136,,0.259,,,,,,0.101,,,,,0.067,0.055,0.235,0.409,0.036,0.1,0.325,0.139,0.287,0.071,0.099,0.111,,,0.171,,,0.091,0.022,0.015,,0.047,0.193,,,,,,,,0.176,,0.1,0.863,,,0.024,,0.101,,0.096,0.169,0.099,0.16,0.135,0.367,0.231,0.148,0.083,0.153,0.139,,0.598,,,,,,,,0.162,0.169,0.095,0.143,0.315,,,,,0.108,0.177,0.586,,,0.542,0.622,,0.151,0.153,0.196,0.64,0.638,0.16,0.138,0.646,0.19,,,0.229,,,,,0.16,,,,0.178,,0.104,,0.147,0.122,0.125,0.087,,,,0.44,0.093,,,0.127,0.116
162,14007780,,0.568,0.57,,,,0.183,,,,,0.07,0.058,,0.201,0.098,,0.154,,,,,,,,0.379,,0.394,0.142,,,0.104,,0.4,0.268,,,,0.137,0.124,0.165,,,,0.075,0.45,0.505,0.5,,,,0.147,,0.1,,,,,,0.196,0.151,,,,0.202,0.167,0.054,0.123,,,,0.108,0.124,0.133,,0.252,,,,,,0.102,,,,,0.067,0.055,0.23,0.386,0.036,0.1,0.337,0.14,0.291,0.071,0.099,0.111,,,0.169,,,0.092,0.022,0.015,,0.054,0.193,,,,,,,,0.171,,0.099,0.847,,,0.025,,0.102,,0.095,0.169,0.099,0.16,0.135,0.367,0.232,0.147,0.082,0.153,0.137,,0.598,,,,,,,,0.161,0.169,0.095,0.143,0.316,,,,,0.108,0.177,0.586,,,0.542,0.622,,0.151,0.153,0.195,0.64,0.638,0.16,0.138,0.646,0.19,,,0.231,,,,,0.159,,,,0.18,,0.105,,0.147,0.124,0.123,0.087,,,,0.44,0.092,,,0.127,0.116
162,14007840,,0.568,0.57,,,,0.183,,,,,0.07,0.076,,0.201,0.087,,0.154,,,,,,,,0.379,,0.397,0.153,,,0.102,,0.4,0.269,,,,0.137,0.124,0.165,,,,0.075,0.45,0.505,0.5,,,,0.147,,0.099,,,,,,0.191,0.151,,,,0.202,0.167,0.054,0.121,,,,0.109,0.123,0.132,,0.25,,,,,,0.101,,,,,0.066,0.055,0.212,0.4,0.036,0.1,0.336,0.139,0.286,0.071,0.099,0.111,,,0.169,,,0.092,0.024,0.015,,0.046,0.193,,,,,,,,0.176,,0.1,0.861,,,0.024,,0.102,,0.095,0.169,0.1,0.16,0.135,0.367,0.229,0.143,0.081,0.152,0.137,,0.598,,,,,,,,0.161,0.168,0.095,0.143,0.315,,,,,0.108,0.177,0.586,,,0.542,0.622,,0.151,0.153,0.195,0.64,0.638,0.16,0.138,0.652,0.19,,,0.233,,,,,0.159,,,,0.18,,0.105,,0.146,0.122,0.124,0.088,,,,0.439,0.093,,,0.127,0.116
162,14007900,,0.568,0.57,,,,0.183,,,,,0.071,0.077,,0.201,0.087,,0.154,,,,,,,,0.379,,0.403,0.153,,,0.103,,0.4,0.271,,,,0.137,0.127,0.164,,,,0.075,0.449,0.505,0.501,,,,0.147,,0.099,,,,,,0.247,0.151,,,,0.202,0.168,0.054,0.122,,,,0.108,0.123,0.131,,0.253,,,,,,0.101,,,,,0.067,0.055,0.224,0.378,0.036,0.1,0.342,0.139,0.293,0.071,0.099,0.113,,,0.17,,,0.091,0.085,0.194,,0.046,0.193,,,,,,,,0.182,,0.1,0.855,,,0.024,,0.101,,0.096,0.17,0.099,0.16,0.135,0.367,0.219,0.139,0.08,0.152,0.136,,0.598,,,,,,,,0.16,0.169,0.095,0.143,0.314,,,,,0.108,0.177,0.586,,,0.542,0.622,,0.151,0.153,0.196,0.64,0.638,0.16,0.138,0.654,0.188,,,0.233,,,,,0.159,,,,0.179,,0.105,,0.146,0.122,0.125,0.089,,,,0.441,0.092,,,0.127,0.116
162,14007960,,0.568,0.57,,,,0.183,,,,,0.071,0.095,,0.201,0.096,,0.154,,,,,,,,0.379,,0.365,0.154,,,0.103,,0.401,0.271,,,,0.137,0.132,0.164,,,,0.076,0.449,0.505,0.5,,,,0.147,,0.101,,,,,,0.342,0.151,,,,0.202,0.167,0.054,0.122,,,,0.108,0.122,0.131,,0.254,,,,,,0.102,,,,,0.066,0.055,0.221,0.381,0.036,0.1,0.333,0.138,0.285,0.071,0.099,0.112,,,0.17,,,0.091,0.022,0.015,,0.046,0.193,,,,,,,,0.178,,0.1,0.865,,,0.024,,0.101,,0.096,0.169,0.099,0.16,0.135,0.367,0.224,0.138,0.081,0.152,0.137,,0.598,,,,,,,,0.16,0.169,0.095,0.143,0.314,,,,,0.108,0.177,0.586,,,0.542,0.622,,0.151,0.153,0.196,0.64,0.638,0.16,0.138,0.649,0.188,,,0.229,,,,,0.159,,,,0.179,,0.104,,0.148,0.122,0.125,0.362,,,,0.443,0.092,,,0.127,0.116
162,14008020,,0.568,0.57,,,,0.183,,,,,0.072,0.073,,0.202,0.087,,0.154,,,,,,,,0.379,,0.434,0.154,,,0.104,,0.401,0.269,,,,0.137,0.138,0.165,,,,0.075,0.45,0.505,0.5,,,,0.178,,0.1,,,,,,0.334,0.151,,,,0.202,0.168,0.054,0.123,,,,0.108,0.122,0.131,,0.251,,,,,,0.101,,,,,0.066,0.055,0.214,0.379,0.036,0.1,0.326,0.137,0.29,0.071,0.097,0.113,,,0.166,,,0.092,0.022,0.015,,0.046,0.193,,,,,,,,0.175,,0.099,0.868,,,0.024,,0.102,,0.096,0.169,0.1,0.16,0.135,0.367,0.225,0.138,0.081,0.152,0.137,,0.599,,,,,,,,0.16,0.169,0.095,0.143,0.315,,,,,0.108,0.177,0.586,,,0.542,0.622,,0.151,0.153,0.196,0.64,0.638,0.16,0.139,0.64,0.188,,,0.229,,,,,0.159,,,,0.178,,0.104,,0.148,0.123,0.124,0.362,,,,0.444,0.093,,,0.127,0.116
162,14008080,,0.568,0.57,,,,0.183,,,,,0.071,0.101,,0.202,0.089,,0.154,,,,,,,,0.38,,0.435,0.15,,,0.102,,0.401,0.268,,,,0.137,0.148,0.166,,,,0.075,0.449,0.505,0.5,,,,0.241,,0.098,,,,,,0.312,0.149,,,,0.202,0.168,0.054,0.122,,,,0.109,0.122,0.131,,0.249,,,,,,0.101,,,,,0.067,0.055,0.211,0.385,0.036,0.1,0.328,0.138,0.298,0.071,0.097,0.114,,,0.171,,,0.09,0.023,0.015,,0.046,0.193,,,,,,,,0.173,,0.101,0.873,,,0.024,,0.102,,0.095,0.169,0.1,0.16,0.135,0.367,0.223,0.138,0.08,0.151,0.138,,0.598,,,,,,,,0.16,0.168,0.095,0.143,0.314,,,,,0.108,0.177,0.586,,,0.542,0.622,,0.151,0.153,0.196,0.64,0.638,0.16,0.139,0.642,0.189,,,0.227,,,,,0.159,,,,0.178,,0.105,,0.146,0.122,0.125,0.359,,,,0.442,0.093,,,0.127,0.116
162,14008140,,0.568,0.57,,,,0.183,,,,,0.072,0.1,,0.202,0.084,,0.154,,,,,,,,0.379,,0.431,0.145,,,0.103,,0.401,0.267,,,,0.137,0.142,0.164,,,,0.075,0.45,0.506,0.5,,,,0.241,,0.099,,,,,,0.305,0.149,,,,0.202,0.168,0.054,0.122,,,,0.108,0.121,0.13,,0.25,,,,,,0.101,,,,,0.067,0.055,0.216,0.411,0.036,0.1,0.355,0.138,0.292,0.071,0.098,0.107,,,0.171,,,0.091,0.022,0.015,,0.046,0.193,,,,,,,,0.172,,0.102,0.88,,,0.024,,0.101,,0.095,0.17,0.099,0.161,0.135,0.368,0.229,0.138,0.081,0.151,0.137,,0.598,,,,,,,,0.159,0.168,0.095,0.143,0.313,,,,,0.108,0.177,0.586,,,0.542,0.622,,0.151,0.153,0.195,0.64,0.638,0.16,0.139,0.643,0.192,,,0.228,,,,,0.161,,,,0.178,,0.105,,0.146,0.123,0.125,0.358,,,,0.443,0.092,,,0.127,0.116
162,14008200,,0.568,0.57,,,,0.183,,,,,0.072,0.07,,0.203,0.094,,0.154,,,,,,,,0.379,,0.415,0.152,,,0.103,,0.401,0.268,,,,0.137,0.138,0.165,,,,0.075,0.452,0.507,0.5,,,,0.241,,0.1,,,,,,0.294,0.149,,,,0.202,0.168,0.054,0.122,,,,0.109,0.121,0.13,,0.25,,,,,,0.102,,,,,0.067,0.055,0.217,0.383,0.036,0.1,0.355,0.138,0.295,0.071,0.098,0.103,,,0.167,,,0.092,0.023,0.015,,0.046,0.193,,,,,,,,0.178,,0.102,0.891,,,0.024,,0.101,,0.096,0.169,0.098,0.16,0.135,0.368,0.227,0.137,0.081,0.152,0.138,,0.599,,,,,,,,0.159,0.17,0.095,0.143,0.313,,,,,0.108,0.177,0.586,,,0.542,0.622,,0.151,0.153,0.195,0.64,0.638,0.16,0.139,0.645,0.193,,,0.226,,,,,0.16,,,,0.174,,0.104,,0.145,0.123,0.124,0.361,,,,0.443,0.093,,,0.127,0.116
162,14008260,,0.568,0.57,,,,0.183,,,,,0.072,0.045,,0.203,0.09,,0.154,,,,,,,,0.379,,0.457,0.146,,,0.104,,0.402,0.27,,,,0.137,0.135,0.165,,,,0.075,0.453,0.506,0.5,,,,0.241,,0.1,,,,,,0.276,0.149,,,,0.202,0.166,0.054,0.123,,,,0.109,0.121,0.131,,0.25,,,,,,0.102,,,,,0.067,0.055,0.213,0.385,0.036,0.1,0.34,0.138,0.292,0.071,0.098,0.1,,,0.167,,,0.091,0.023,0.015,,0.046,0.193,,,,,,,,0.169,,0.102,0.891,,,0.023,,0.101,,0.094,0.17,0.099,0.16,0.135,0.368,0.219,0.139,0.083,0.152,0.139,,0.599,,,,,,,,0.158,0.168,0.095,0.143,0.312,,,,,0.108,0.177,0.587,,,0.542,0.622,,0.149,0.152,0.196,0.64,0.638,0.16,0.139,0.652,0.194,,,0.232,,,,,0.159,,,,0.173,,0.105,,0.144,0.124,0.124,0.363,,,,0.442,0.092,,,0.127,0.116
162,14008320,,0.567,0.57,,,,0.183,,,,,0.072,0.045,,0.202,0.081,,0.154,,,,,,,,0.379,,0.453,0.145,,,0.102,,0.401,0.271,,,,0.137,0.134,0.166,,,,0.075,0.453,0.506,0.5,,,,0.241,,0.099,,,,,,0.264,0.148,,,,0.202,0.166,0.054,0.122,,,,0.108,0.121,0.129,,0.249,,,,,,0.102,,,,,0.067,0.055,0.219,0.381,0.036,0.1,0.325,0.138,0.297,0.071,0.097,0.101,,,0.168,,,0.091,0.023,0.015,,0.046,0.193,,,,,,,,0.169,,0.1,0.896,,,0.023,,0.101,,0.095,0.17,0.1,0.161,0.133,0.368,0.235,0.139,0.084,0.152,0.137,,0.603,,,,,,,,0.158,0.168,0.095,0.143,0.312,,,,,0.108,0.177,0.586,,,0.542,0.622,,0.149,0.153,0.196,0.64,0.638,0.16,0.139,0.651,0.193,,,0.241,,,,,0.16,,,,0.172,,0.105,,0.145,0.123,0.125,0.361,,,,0.442,0.092,,,0.127,0.116
162,14008380,,0.567,0.57,,,,0.183,,,,,0.072,0.043,,0.202,0.082,,0.154,,,,,,,,0.379,,0.424,0.147,,,0.103,,0.401,0.269,,,,0.137,0.134,0.165,,,,0.075,0.453,0.506,0.5,,,,0.241,,0.1,,,,,,0.25,0.148,,,,0.202,0.166,0.054,0.122,,,,0.108,0.121,0.129,,0.252,,,,,,0.101,,,,,0.066,0.055,0.214,0.387,0.036,0.1,0.321,0.138,0.298,0.071,0.096,0.081,,,0.17,,,0.091,0.023,0.015,,0.046,0.193,,,,,,,,0.168,,0.1,0.893,,,0.023,,0.101,,0.096,0.169,0.101,0.161,0.132,0.366,0.232,0.139,0.085,0.153,0.139,,0.603,,,,,,,,0.158,0.169,0.095,0.143,0.312,,,,,0.108,0.178,0.586,,,0.542,0.622,,0.148,0.153,0.196,0.64,0.638,0.16,0.139,0.654,0.191,,,0.248,,,,,0.16,,,,0.171,,0.105,,0.145,0.122,0.126,0.356,,,,0.44,0.092,,,0.127,0.116
162,14008440,,0.568,0.57,,,,0.183,,,,,0.072,0.049,,0.202,0.087,,0.154,,,,,,,,0.379,,0.442,0.147,,,0.103,,0.401,0.268,,,,0.137,0.135,0.165,,,,0.075,0.453,0.507,0.5,,,,0.241,,0.1,,,,,,0.237,0.148,,,,0.202,0.166,0.054,0.122,,,,0.109,0.121,0.129,,0.25,,,,,,0.103,,,,,0.067,0.055,0.213,0.359,0.036,0.1,0.339,0.137,0.298,0.071,0.097,0.071,,,0.168,,,0.091,0.023,0.015,,0.063,0.193,,,,,,,,0.167,,0.099,0.895,,,0.024,,0.102,,0.096,0.169,0.1,0.16,0.133,0.363,0.22,0.138,0.084,0.153,0.139,,0.603,,,,,,,,0.158,0.168,0.095,0.143,0.312,,,,,0.108,0.178,0.586,,,0.542,0.622,,0.148,0.154,0.196,0.64,0.638,0.16,0.14,0.644,0.189,,,0.256,,,,,0.159,,,,0.171,,0.105,,0.146,0.124,0.124,0.356,,,,0.442,0.092,,,0.127,0.116
162,14008500,,0.568,0.57,,,,0.183,,,,,0.072,0.044,,0.202,0.088,,0.154,,,,,,,,0.378,,0.434,0.146,,,0.104,,0.401,0.268,,,,0.137,0.135,0.165,,,,0.075,0.456,0.506,0.501,,,,0.241,,0.101,,,,,,0.229,0.149,,,,0.202,0.165,0.054,0.123,,,,0.109,0.12,0.129,,0.248,,,,,,0.102,,,,,0.067,0.055,0.21,0.368,0.036,0.1,0.333,0.137,0.303,0.071,0.096,0.072,,,0.168,,,0.091,0.023,0.015,,0.046,0.193,,,,,,,,0.169,,0.099,0.888,,,0.024,,0.101,,0.095,0.17,0.101,0.16,0.134,0.363,0.22,0.138,0.083,0.153,0.139,,0.602,,,,,,,,0.157,0.168,0.095,0.143,0.312,,,,,0.108,0.178,0.586,,,0.542,0.622,,0.154,0.154,0.195,0.64,0.638,0.16,0.14,0.643,0.187,,,0.253,,,,,0.159,,,,0.17,,0.105,,0.146,0.125,0.125,0.355,,,,0.441,0.092,,,0.127,0.116
162,14008560,,0.568,0.57,,,,0.183,,,,,0.072,0.077,,0.202,0.085,,0.154,,,,,,,,0.378,,0.431,0.146,,,0.102,,0.401,0.27,,,,0.137,0.134,0.164,,,,0.075,0.456,0.507,0.5,,,,0.241,,0.1,,,,,,0.221,0.148,,,,0.202,0.165,0.054,0.123,,,,0.108,0.121,0.129,,0.248,,,,,,0.101,,,,,0.066,0.055,0.211,0.397,0.036,0.1,0.325,0.137,0.302,0.071,0.096,0.073,,,0.17,,,0.091,0.023,0.015,,0.046,0.193,,,,,,,,0.178,,0.1,0.865,,,0.025,,0.101,,0.096,0.17,0.098,0.161,0.134,0.363,0.217,0.14,0.086,0.154,0.138,,0.602,,,,,,,,0.157,0.168,0.095,0.143,0.311,,,,,0.108,0.178,0.586,,,0.542,0.622,,0.166,0.153,0.196,0.64,0.638,0.16,0.14,0.642,0.187,,,0.253,,,,,0.16,,,,0.169,,0.105,,0.146,0.123,0.124,0.355,,,,0.441,0.092,,,0.127,0.116
162,14008620,,0.568,0.57,,,,0.183,,,,,0.072,0.063,,0.202,0.082,,0.154,,,,,,,,0.379,,0.438,0.147,,,0.103,,0.401,0.276,,,,0.137,0.134,0.163,,,,0.076,0.456,0.506,0.5,,,,0.241,,0.1,,,,,,0.213,0.148,,,,0.202,0.165,0.054,0.123,,,,0.108,0.121,0.129,,0.249,,,,,,0.102,,,,,0.067,0.055,0.2,0.408,0.037,0.1,0.328,0.137,0.298,0.071,0.095,0.075,,,0.17,,,0.092,0.023,0.015,,0.048,0.193,,,,,,,,0.177,,0.1,0.883,,,0.025,,0.102,,0.096,0.169,0.097,0.162,0.134,0.362,0.208,0.139,0.086,0.154,0.139,,0.603,,,,,,,,0.156,0.167,0.095,0.143,0.311,,,,,0.108,0.178,0.586,,,0.542,0.622,,0.167,0.153,0.196,0.64,0.638,0.16,0.14,0.637,0.185,,,0.252,,,,,0.161,,,,0.168,,0.105,,0.146,0.122,0.125,0.355,,,,0.437,0.092,,,0.127,0.116
162,14008680,,0.568,0.57,,,,0.183,,,,,0.072,0.081,,0.202,0.079,,0.154,,,,,,,,0.379,,0.422,0.148,,,0.104,,0.401,0.279,,,,0.137,0.134,0.164,,,,0.076,0.456,0.506,0.501,,,,0.241,,0.101,,,,,,0.205,0.148,,,,0.202,0.165,0.054,0.123,,,,0.109,0.12,0.128,,0.25,,,,,,0.103,,,,,0.066,0.055,0.206,0.364,0.037,0.1,0.336,0.137,0.283,0.071,0.095,0.071,,,0.168,,,0.092,0.023,0.015,,0.046,0.193,,,,,,,,0.174,,0.1,0.886,,,0.025,,0.101,,0.097,0.169,0.098,0.161,0.134,0.363,0.219,0.138,0.086,0.153,0.139,,0.602,,,,,,,,0.157,0.167,0.095,0.143,0.309,,,,,0.108,0.178,0.586,,,0.542,0.622,,0.16,0.153,0.196,0.64,0.638,0.16,0.14,0.644,0.185,,,0.257,,,,,0.16,,,,0.167,,0.104,,0.146,0.123,0.125,0.355,,,,0.439,0.093,,,0.127,0.116
162,14008740,,0.568,0.57,,,,0.183,,,,,0.071,0.058,,0.202,0.085,,0.154,,,,,,,,0.379,,0.429,0.147,,,0.104,,0.401,0.28,,,,0.137,0.134,0.164,,,,0.075,0.456,0.506,0.501,,,,0.241,,0.101,,,,,,0.199,0.148,,,,0.202,0.165,0.054,0.123,,,,0.109,0.12,0.128,,0.25,,,,,,0.102,,,,,0.066,0.055,0.201,0.371,0.037,0.1,0.318,0.137,0.287,0.071,0.097,0.07,,,0.168,,,0.092,0.023,0.015,,0.046,0.193,,,,,,,,0.17,,0.099,0.889,,,0.025,,0.101,,0.095,0.17,0.098,0.161,0.135,0.363,0.214,0.14,0.084,0.155,0.138,,0.603,,,,,,,,0.156,0.167,0.095,0.143,0.31,,,,,0.108,0.178,0.586,,,0.542,0.622,,0.16,0.153,0.196,0.64,0.638,0.16,0.14,0.647,0.183,,,0.26,,,,,0.16,,,,0.167,,0.105,,0.146,0.124,0.123,0.355,,,,0.438,0.092,,,0.127,0.116
162,14008800,,0.568,0.571,,,,0.183,,,,,0.072,0.058,,0.202,0.089,,0.154,,,,,,,,0.38,,0.426,0.148,,,0.103,,0.401,0.279,,,,0.137,0.134,0.164,,,,0.076,0.454,0.506,0.501,,,,0.241,,0.1,,,,,,0.192,0.148,,,,0.202,0.165,0.054,0.122,,,,0.108,0.12,0.128,,0.25,,,,,,0.102,,,,,0.066,0.055,0.207,0.343,0.037,0.1,0.326,0.136,0.303,0.071,0.097,0.069,,,0.168,,,0.091,0.023,0.015,,0.046,0.193,,,,,,,,0.167,,0.1,0.896,,,0.025,,0.102,,0.095,0.169,0.098,0.161,0.135,0.363,0.22,0.138,0.083,0.153,0.138,,0.603,,,,,,,,0.156,0.168,0.095,0.143,0.31,,,,,0.108,0.178,0.586,,,0.542,0.622,,0.16,0.153,0.196,0.64,0.638,0.16,0.14,0.645,0.184,,,0.258,,,,,0.161,,,,0.166,,0.104,,0.145,0.121,0.125,0.355,,,,0.439,0.092,,,0.127,0.116
162,14008860,,0.568,0.571,,,,0.183,,,,,0.072,0.043,,0.202,0.08,,0.154,,,,,,,,0.38,,0.445,0.147,,,0.104,,0.401,0.279,,,,0.137,0.134,0.165,,,,0.076,0.455,0.506,0.501,,,,0.241,,0.101,,,,,,0.189,0.148,,,,0.202,0.165,0.054,0.123,,,,0.108,0.12,0.129,,0.249,,,,,,0.103,,,,,0.066,0.055,0.208,0.381,0.037,0.1,0.329,0.137,0.298,0.071,0.096,0.07,,,0.169,,,0.091,0.023,0.015,,0.046,0.192,,,,,,,,0.167,,0.1,0.893,,,0.025,,0.101,,0.096,0.169,0.097,0.162,0.136,0.362,0.215,0.139,0.082,0.154,0.138,,0.603,,,,,,,,0.156,0.168,0.095,0.143,0.31,,,,,0.108,0.178,0.586,,,0.542,0.622,,0.16,0.153,0.197,0.64,0.638,0.16,0.139,0.643,0.185,,,0.258,,,,,0.16,,,,0.166,,0.104,,0.144,0.122,0.126,0.353,,,,0.439,0.093,,,0.127,0.116
162,14008920,,0.568,0.571,,,,0.183,,,,,0.073,0.044,,0.202,0.084,,0.154,,,,,,,,0.38,,0.407,0.152,,,0.104,,0.401,0.279,,,,0.137,0.134,0.164,,,,0.076,0.455,0.506,0.501,,,,0.241,,0.101,,,,,,0.189,0.148,,,,0.202,0.165,0.054,0.122,,,,0.109,0.12,0.128,,0.247,,,,,,0.103,,,,,0.066,0.055,0.21,0.36,0.037,0.1,0.318,0.137,0.292,0.071,0.096,0.071,,,0.169,,,0.092,0.022,0.015,,0.046,0.192,,,,,,,,0.168,,0.099,0.886,,,0.025,,0.101,,0.095,0.17,0.098,0.161,0.136,0.362,0.214,0.138,0.081,0.154,0.138,,0.603,,,,,,,,0.156,0.168,0.095,0.143,0.309,,,,,0.108,0.178,0.586,,,0.542,0.622,,0.16,0.154,0.197,0.64,0.638,0.16,0.139,0.648,0.185,,,0.252,,,,,0.16,,,,0.165,,0.105,,0.144,0.124,0.125,0.354,,,,0.44,0.093,,,0.127,0.116
162,14008980,,0.568,0.57,,,,0.183,,,,,0.072,0.044,,0.202,0.079,,0.154,,,,,,,,0.38,,0.41,0.153,,,0.103,,0.401,0.278,,,,0.138,0.134,0.164,,,,0.076,0.455,0.506,0.501,,,,0.241,,0.102,,,,,,0.192,0.147,,,,0.202,0.166,0.054,0.123,,,,0.109,0.12,0.127,,0.245,,,,,,0.103,,,,,0.066,0.055,0.211,0.359,0.037,0.1,0.327,0.136,0.289,0.071,0.095,0.071,,,0.168,,,0.092,0.022,0.015,,0.046,0.192,,,,,,,,0.174,,0.099,0.891,,,0.025,,0.102,,0.095,0.17,0.099,0.162,0.136,0.363,0.217,0.138,0.08,0.153,0.139,,0.603,,,,,,,,0.155,0.167,0.095,0.143,0.309,,,,,0.108,0.178,0.586,,,0.542,0.622,,0.16,0.154,0.197,0.64,0.638,0.16,0.139,0.646,0.185,,,0.252,,,,,0.16,,,,0.165,,0.105,,0.144,0.124,0.124,0.353,,,,0.439,0.093,,,0.127,0.116
162,14009040,,0.568,0.57,,,,0.183,,,,,0.073,0.049,,0.202,0.084,,0.154,,,,,,,,0.38,,0.398,0.153,,,0.103,,0.401,0.277,,,,0.138,0.134,0.164,,,,0.076,0.455,0.507,0.501,,,,0.241,,0.101,,,,,,0.189,0.146,,,,0.202,0.165,0.054,0.122,,,,0.108,0.119,0.127,,0.247,,,,,,0.102,,,,,0.066,0.055,0.204,0.364,0.037,0.1,0.337,0.137,0.277,0.071,0.097,0.068,,,0.169,,,0.091,0.023,0.015,,0.046,0.192,,,,,,,,0.173,,0.1,0.895,,,0.025,,0.102,,0.096,0.17,0.099,0.162,0.136,0.363,0.216,0.139,0.082,0.153,0.139,,0.603,,,,,,,,0.155,0.168,0.095,0.143,0.309,,,,,0.108,0.178,0.586,,,0.542,0.622,,0.16,0.154,0.197,0.64,0.638,0.16,0.139,0.645,0.184,,,0.247,,,,,0.16,,,,0.164,,0.105,,0.142,0.122,0.125,0.353,,,,0.44,0.093,,,0.127,0.116
162,14009100,,0.568,0.57,,,,0.183,,,,,0.073,0.025,,0.203,0.082,,0.154,,,,,,,,0.38,,0.385,0.153,,,0.104,,0.402,0.276,,,,0.138,0.134,0.164,,,,0.076,0.455,0.507,0.501,,,,0.17,,0.101,,,,,,0.196,0.147,,,,0.202,0.165,0.054,0.122,,,,0.109,0.119,0.127,,0.245,,,,,,0.103,,,,,0.066,0.055,0.207,0.379,0.037,0.1,0.33,0.136,0.296,0.071,0.097,0.069,,,0.169,,,0.092,0.022,0.015,,0.046,0.192,,,,,,,,0.165,,0.1,0.897,,,0.025,,0.102,,0.097,0.17,0.098,0.161,0.137,0.365,0.21,0.138,0.083,0.154,0.138,,0.603,,,,,,,,0.155,0.168,0.095,0.143,0.309,,,,,0.108,0.178,0.587,,,0.542,0.622,,0.16,0.154,0.196,0.64,0.638,0.16,0.139,0.639,0.184,,,0.243,,,,,0.16,,,,0.164,,0.104,,0.142,0.124,0.123,0.354,,,,0.44,0.093,,,0.127,0.116
162,14009160,,0.568,0.57,,,,0.183,,,,,0.073,0.022,,0.203,0.082,,0.154,,,,,,,,0.381,,0.39,0.153,,,0.104,,0.402,0.275,,,,0.138,0.133,0.164,,,,0.076,0.455,0.507,0.501,,,,0.17,,0.101,,,,,,0.217,0.147,,,,0.202,0.166,0.054,0.123,,,,0.109,0.119,0.127,,0.247,,,,,,0.103,,,,,0.066,0.055,0.208,0.343,0.037,0.1,0.312,0.137,0.289,0.071,0.096,0.069,,,0.168,,,0.092,0.028,0.015,,0.045,0.192,,,,,,,,0.173,,0.099,0.896,,,0.024,,0.102,,0.096,0.17,0.099,0.162,0.136,0.363,0.207,0.137,0.082,0.154,0.139,,0.603,,,,,,,,0.155,0.167,0.095,0.143,0.308,,,,,0.108,0.178,0.586,,,0.542,0.622,,0.16,0.154,0.196,0.64,0.638,0.16,0.139,0.64,0.184,,,0.238,,,,,0.161,,,,0.163,,0.104,,0.142,0.124,0.125,0.355,,,,0.44,0.094,,,0.127,0.116
162,14009220,,0.568,0.57,,,,0.183,,,,,0.072,0.022,,0.202,0.081,,0.154,,,,,,,,0.381,,0.383,0.154,,,0.103,,0.402,0.274,,,,0.138,0.132,0.166,,,,0.076,0.455,0.506,0.501,,,,0.17,,0.101,,,,,,0.207,0.147,,,,0.202,0.166,0.054,0.122,,,,0.11,0.118,0.126,,0.247,,,,,,0.102,,,,,0.066,0.055,0.197,0.347,0.037,0.1,0.316,0.137,0.29,0.071,0.096,0.07,,,0.168,,,0.092,0.022,0.015,,0.046,0.192,,,,,,,,0.176,,0.1,0.892,,,0.024,,0.102,,0.096,0.17,0.099,0.161,0.136,0.363,0.21,0.138,0.082,0.153,0.14,,0.603,,,,,,,,0.155,0.167,0.095,0.143,0.307,,,,,0.108,0.178,0.587,,,0.542,0.622,,0.16,0.154,0.197,0.64,0.638,0.16,0.14,0.64,0.183,,,0.233,,,,,0.161,,,,0.163,,0.104,,0.142,0.123,0.125,0.354,,,,0.439,0.093,,,0.127,0.116
162,14009280,,0.568,0.57,,,,0.183,,,,,0.072,0.022,,0.202,0.082,,0.154,,,,,,,,0.381,,0.4,0.154,,,0.103,,0.402,0.273,,,,0.138,0.131,0.163,,,,0.076,0.455,0.507,0.501,,,,0.17,,0.1,,,,,,0.198,0.146,,,,0.202,0.166,0.054,0.122,,,,0.109,0.118,0.127,,0.244,,,,,,0.103,,,,,0.066,0.055,0.216,0.352,0.037,0.1,0.315,0.136,0.286,0.071,0.096,0.069,,,0.169,,,0.091,0.023,0.015,,0.066,0.192,,,,,,,,0.168,,0.102,0.876,,,0.024,,0.102,,0.097,0.17,0.099,0.161,0.135,0.362,0.207,0.138,0.084,0.154,0.138,,0.604,,,,,,,,0.155,0.167,0.095,0.143,0.307,,,,,0.108,0.178,0.586,,,0.542,0.622,,0.161,0.153,0.197,0.64,0.638,0.16,0.141,0.638,0.183,,,0.23,,,,,0.161,,,,0.163,,0.104,,0.142,0.123,0.126,0.349,,,,0.439,0.093,,,0.127,0.116
162,14009340,,0.568,0.57,,,,0.183,,,,,0.072,0.022,,0.202,0.084,,0.154,,,,,,,,0.381,,0.402,0.155,,,0.104,,0.402,0.272,,,,0.138,0.131,0.162,,,,0.075,0.455,0.507,0.501,,,,0.17,,0.101,,,,,,0.189,0.146,,,,0.202,0.166,0.054,0.122,,,,0.109,0.118,0.128,,0.245,,,,,,0.103,,,,,0.066,0.055,0.205,0.339,0.037,0.1,0.31,0.135,0.278,0.071,0.095,0.069,,,0.169,,,0.091,0.063,0.118,,0.055,0.192,,,,,,,,0.176,,0.102,0.878,,,0.024,,0.103,,0.097,0.17,0.098,0.161,0.135,0.361,0.204,0.137,0.084,0.154,0.14,,0.604,,,,,,,,0.155,0.168,0.095,0.143,0.307,,,,,0.108,0.178,0.586,,,0.542,0.622,,0.16,0.154,0.196,0.64,0.638,0.16,0.141,0.641,0.185,,,0.23,,,,,0.161,,,,0.163,,0.104,,0.142,0.124,0.125,0.349,,,,0.439,0.093,,,0.127,0.116
162,14009400,,0.568,0.57,,,,0.183,,,,,0.072,0.022,,0.202,0.11,,0.154,,,,,,,,0.382,,0.397,0.155,,,0.104,,0.402,0.273,,,,0.138,0.131,0.165,,,,0.075,0.458,0.507,0.501,,,,0.17,,0.102,,,,,,0.19,0.147,,,,0.202,0.163,0.054,0.122,,,,0.11,0.119,0.128,,0.256,,,,,,0.104,,,,,0.066,0.055,0.202,0.349,0.037,0.1,0.32,0.136,0.29,0.071,0.095,0.068,,,0.168,,,0.092,0.023,0.015,,0.045,0.192,,,,,,,,0.167,,0.103,0.817,,,0.024,,0.101,,0.095,0.17,0.099,0.161,0.136,0.361,0.204,0.139,0.082,0.153,0.14,,0.604,,,,,,,,0.155,0.169,0.095,0.143,0.308,,,,,0.108,0.178,0.586,,,0.542,0.622,,0.161,0.154,0.196,0.64,0.638,0.16,0.141,0.642,0.185,,,0.234,,,,,0.161,,,,0.171,,0.104,,0.142,0.125,0.125,0.35,,,,0.441,0.093,,,0.127,0.116
162,14009460,,0.568,0.57,,,,0.183,,,,,0.073,0.022,,0.202,0.114,,0.154,,,,,,,,0.38,,0.417,0.155,,,0.103,,0.402,0.272,,,,0.138,0.131,0.165,,,,0.075,0.458,0.507,0.501,,,,0.17,,0.102,,,,,,0.19,0.146,,,,0.202,0.163,0.054,0.123,,,,0.109,0.12,0.128,,0.258,,,,,,0.102,,,,,0.066,0.055,0.205,0.337,0.037,0.1,0.322,0.137,0.288,0.071,0.096,0.07,,,0.167,,,0.091,0.022,0.015,,0.05,0.192,,,,,,,,0.174,,0.097,0.854,,,0.024,,0.102,,0.096,0.169,0.1,0.162,0.136,0.362,0.204,0.139,0.081,0.154,0.138,,0.603,,,,,,,,0.155,0.169,0.095,0.143,0.308,,,,,0.108,0.178,0.586,,,0.542,0.622,,0.161,0.153,0.196,0.64,0.638,0.16,0.14,0.642,0.185,,,0.239,,,,,0.161,,,,0.172,,0.104,,0.142,0.125,0.125,0.35,,,,0.443,0.084,,,0.127,0.116
162,14009520,,0.568,0.57,,,,0.183,,,,,0.072,0.022,,0.202,0.094,,0.154,,,,,,,,0.381,,0.402,0.153,,,0.104,,0.402,0.271,,,,0.138,0.131,0.164,,,,0.075,0.458,0.507,0.501,,,,0.17,,0.101,,,,,,0.208,0.145,,,,0.202,0.163,0.054,0.123,,,,0.109,0.119,0.126,,0.249,,,,,,0.103,,,,,0.066,0.055,0.202,0.373,0.037,0.1,0.314,0.136,0.277,0.071,0.096,0.07,,,0.167,,,0.091,0.022,0.015,,0.045,0.192,,,,,,,,0.171,,0.098,0.885,,,0.024,,0.103,,0.096,0.17,0.1,0.162,0.136,0.363,0.214,0.138,0.081,0.154,0.139,,0.603,,,,,,,,0.155,0.167,0.095,0.143,0.308,,,,,0.108,0.178,0.586,,,0.542,0.622,,0.16,0.154,0.196,0.64,0.638,0.16,0.14,0.647,0.184,,,0.233,,,,,0.162,,,,0.173,,0.104,,0.142,0.122,0.127,0.347,,,,0.44,0.09,,,0.127,0.116
162,14009580,,0.568,0.57,,,,0.183,,,,,0.072,0.022,,0.201,0.082,,0.154,,,,,,,,0.38,,0.398,0.154,,,0.104,,0.402,0.269,,,,0.138,0.131,0.164,,,,0.075,0.459,0.507,0.501,,,,0.17,,0.101,,,,,,0.212,0.145,,,,0.202,0.163,0.054,0.123,,,,0.11,0.119,0.124,,0.244,,,,,,0.103,,,,,0.066,0.055,0.198,0.35,0.037,0.1,0.304,0.135,0.283,0.071,0.096,0.071,,,0.167,,,0.091,0.024,0.016,,0.056,0.192,,,,,,,,0.17,,0.098,0.864,,,0.024,,0.103,,0.097,0.169,0.1,0.162,0.135,0.364,0.21,0.137,0.084,0.152,0.139,,0.603,,,,,,,,0.155,0.167,0.095,0.143,0.307,,,,,0.108,0.178,0.587,,,0.542,0.622,,0.16,0.154,0.196,0.64,0.638,0.16,0.14,0.653,0.183,,,0.232,,,,,0.163,,,,0.172,,0.104,,0.142,0.124,0.124,0.345,,,,0.436,0.091,,,0.127,0.116
162,14009640,,0.568,0.57,,,,0.183,,,,,0.072,0.022,,0.201,0.083,,0.154,,,,,,,,0.381,,0.433,0.154,,,0.105,,0.402,0.271,,,,0.138,0.131,0.164,,,,0.075,0.459,0.507,0.501,,,,0.17,,0.101,,,,,,0.211,0.144,,,,0.202,0.163,0.054,0.122,,,,0.11,0.118,0.124,,0.247,,,,,,0.104,,,,,0.066,0.055,0.205,0.344,0.037,0.1,0.308,0.135,0.276,0.071,0.096,0.07,,,0.167,,,0.092,0.022,0.015,,0.045,0.192,,,,,,,,0.17,,0.097,0.868,,,0.024,,0.102,,0.096,0.169,0.101,0.162,0.135,0.364,0.208,0.137,0.084,0.153,0.138,,0.603,,,,,,,,0.155,0.167,0.095,0.143,0.306,,,,,0.108,0.178,0.587,,,0.542,0.622,,0.161,0.154,0.196,0.64,0.638,0.16,0.14,0.649,0.183,,,0.232,,,,,0.161,,,,0.172,,0.103,,0.143,0.126,0.125,0.344,,,,0.437,0.092,,,0.127,0.116
162,14009700,,0.568,0.57,,,,0.183,,,,,0.072,0.022,,0.201,0.084,,0.154,,,,,,,,0.381,,0.427,0.154,,,0.103,,0.402,0.27,,,,0.138,0.131,0.166,,,,0.075,0.457,0.507,0.501,,,,0.17,,0.101,,,,,,0.198,0.144,,,,0.202,0.164,0.054,0.122,,,,0.11,0.117,0.124,,0.249,,,,,,0.102,,,,,0.066,0.055,0.192,0.346,0.037,0.1,0.314,0.135,0.271,0.071,0.095,0.07,,,0.167,,,0.091,0.023,0.015,,0.045,0.192,,,,,,,,0.169,,0.098,0.866,,,0.024,,0.102,,0.096,0.169,0.099,0.162,0.135,0.364,0.204,0.137,0.083,0.154,0.139,,0.603,,,,,,,,0.155,0.167,0.095,0.143,0.306,,,,,0.108,0.178,0.587,,,0.542,0.622,,0.162,0.153,0.196,0.64,0.638,0.16,0.14,0.648,0.185,,,0.239,,,,,0.161,,,,0.172,,0.104,,0.152,0.125,0.126,0.341,,,,0.437,0.093,,,0.127,0.116
162,14009760,,0.568,0.57,,,,0.183,,,,,0.073,0.023,,0.201,0.114,,0.154,,,,,,,,0.381,,0.422,0.154,,,0.104,,0.402,0.27,,,,0.138,0.131,0.166,,,,0.075,0.457,0.507,0.501,,,,0.17,,0.101,,,,,,0.19,0.142,,,,0.202,0.164,0.054,0.122,,,,0.109,0.117,0.124,,0.248,,,,,,0.103,,,,,0.066,0.055,0.197,0.36,0.037,0.1,0.305,0.136,0.28,0.071,0.097,0.068,,,0.167,,,0.091,0.085,0.206,,0.06,0.192,,,,,,,,0.167,,0.098,0.876,,,0.024,,0.103,,0.097,0.169,0.099,0.162,0.135,0.364,0.205,0.137,0.082,0.153,0.14,,0.603,,,,,,,,0.155,0.167,0.095,0.143,0.306,,,,,0.108,0.178,0.586,,,0.542,0.622,,0.161,0.154,0.196,0.64,0.638,0.16,0.14,0.651,0.186,,,0.242,,,,,0.162,,,,0.171,,0.104,,0.158,0.123,0.127,0.341,,,,0.439,0.092,,,0.127,0.116
162,14009820,,0.568,0.57,,,,0.183,,,,,0.073,0.023,,0.201,0.082,,0.154,,,,,,,,0.381,,0.404,0.133,,,0.104,,0.402,0.27,,,,0.138,0.131,0.165,,,,0.075,0.457,0.507,0.501,,,,0.17,,0.101,,,,,,0.184,0.142,,,,0.202,0.163,0.054,0.123,,,,0.109,0.118,0.125,,0.245,,,,,,0.103,,,,,0.066,0.055,0.198,0.342,0.037,0.1,0.308,0.135,0.273,0.071,0.096,0.068,,,0.167,,,0.091,0.022,0.015,,0.045,0.192,,,,,,,,0.167,,0.098,0.877,,,0.024,,0.103,,0.097,0.17,0.098,0.162,0.135,0.362,0.202,0.137,0.081,0.153,0.139,,0.603,,,,,,,,0.155,0.167,0.095,0.143,0.305,,,,,0.108,0.178,0.586,,,0.542,0.622,,0.161,0.153,0.197,0.64,0.638,0.16,0.14,0.648,0.185,,,0.242,,,,,0.161,,,,0.171,,0.104,,0.158,0.124,0.125,0.341,,,,0.439,0.094,,,0.127,0.116
162,14009880,,0.568,0.57,,,,0.183,,,,,0.074,0.086,,0.202,0.087,,0.154,,,,,,,,0.381,,0.392,0.145,,,0.105,,0.402,0.269,,,,0.138,0.131,0.167,,,,0.075,0.457,0.508,0.501,,,,0.17,,0.102,,,,,,0.182,0.142,,,,0.202,0.164,0.054,0.121,,,,0.11,0.118,0.124,,0.247,,,,,,0.104,,,,,0.065,0.055,0.194,0.332,0.037,0.1,0.306,0.135,0.28,0.071,0.095,0.069,,,0.166,,,0.092,0.022,0.015,,0.045,0.192,,,,,,,,0.179,,0.097,0.865,,,0.024,,0.102,,0.096,0.168,0.099,0.161,0.136,0.361,0.203,0.136,0.081,0.154,0.139,,0.603,,,,,,,,0.155,0.168,0.095,0.143,0.305,,,,,0.108,0.178,0.586,,,0.542,0.622,,0.161,0.153,0.197,0.64,0.638,0.16,0.14,0.645,0.184,,,0.241,,,,,0.162,,,,0.171,,0.104,,0.157,0.125,0.126,0.339,,,,0.439,0.094,,,0.127,0.116
162,14009940,,0.568,0.57,,,,0.183,,,,,0.074,0.092,,0.202,0.089,,0.154,,,,,,,,0.381,,0.428,0.144,,,0.103,,0.402,0.269,,,,0.138,0.131,0.165,,,,0.075,0.456,0.507,0.501,,,,0.17,,0.101,,,,,,0.183,0.142,,,,0.202,0.164,0.054,0.123,,,,0.111,0.117,0.124,,0.244,,,,,,0.103,,,,,0.066,0.055,0.187,0.338,0.037,0.1,0.287,0.135,0.278,0.071,0.095,0.067,,,0.166,,,0.09,0.023,0.015,,0.045,0.192,,,,,,,,0.17,,0.098,0.847,,,0.024,,0.102,,0.096,0.17,0.099,0.161,0.135,0.362,0.204,0.137,0.082,0.153,0.14,,0.604,,,,,,,,0.154,0.168,0.095,0.143,0.305,,,,,0.108,0.178,0.586,,,0.542,0.622,,0.161,0.154,0.196,0.64,0.638,0.16,0.14,0.646,0.186,,,0.237,,,,,0.161,,,,0.168,,0.103,,0.157,0.125,0.127,0.338,,,,0.437,0.095,,,0.127,0.116
162,14010000,,0.568,0.57,,,,0.183,,,,,0.074,0.087,,0.202,0.094,,0.154,,,,,,,,0.381,,0.427,0.147,,,0.104,,0.402,0.27,,,,0.138,0.131,0.166,,,,0.075,0.456,0.508,0.501,,,,0.17,,0.102,,,,,,0.188,0.142,,,,0.202,0.164,0.054,0.122,,,,0.11,0.117,0.124,,0.247,,,,,,0.103,,,,,0.066,0.055,0.191,0.326,0.037,0.1,0.274,0.135,0.261,0.071,0.095,0.068,,,0.166,,,0.091,0.022,0.015,,0.045,0.192,,,,,,,,0.164,,0.099,0.834,,,0.024,,0.102,,0.097,0.17,0.098,0.162,0.135,0.362,0.2,0.137,0.082,0.153,0.139,,0.604,,,,,,,,0.154,0.167,0.095,0.143,0.304,,,,,0.108,0.178,0.586,,,0.542,0.622,,0.161,0.154,0.196,0.64,0.638,0.16,0.139,0.644,0.186,,,0.236,,,,,0.161,,,,0.167,,0.104,,0.157,0.125,0.127,0.338,,,,0.436,0.094,,,0.127,0.116
162,14010060,,0.568,0.57,,,,0.183,,,,,0.075,0.082,,0.202,0.124,,0.154,,,,,,,,0.382,,0.416,0.145,,,0.104,,0.402,0.27,,,,0.138,0.131,0.165,,,,0.075,0.456,0.508,0.501,,,,0.178,,0.102,,,,,,0.185,0.142,,,,0.202,0.164,0.054,0.123,,,,0.11,0.117,0.124,,0.249,,,,,,0.104,,,,,0.065,0.055,0.2,0.341,0.036,0.1,0.274,0.135,0.269,0.071,0.095,0.069,,,0.168,,,0.091,0.023,0.015,,0.075,0.192,,,,,,,,0.168,,0.099,0.799,,,0.024,,0.102,,0.096,0.17,0.099,0.162,0.134,0.363,0.204,0.136,0.082,0.153,0.139,,0.604,,,,,,,,0.155,0.167,0.095,0.143,0.306,,,,,0.108,0.178,0.587,,,0.542,0.622,,0.161,0.154,0.197,0.64,0.638,0.16,0.139,0.642,0.187,,,0.236,,,,,0.162,,,,0.166,,0.104,,0.158,0.125,0.125,0.338,,,,0.437,0.095,,,0.127,0.116
162,14010120,,0.567,0.57,,,,0.183,,,,,0.075,0.063,,0.201,0.09,,0.154,,,,,,,,0.382,,0.4,0.149,,,0.103,,0.402,0.269,,,,0.138,0.131,0.164,,,,0.075,0.457,0.508,0.501,,,,0.241,,0.101,,,,,,0.182,0.142,,,,0.202,0.165,0.054,0.123,,,,0.111,0.117,0.125,,0.248,,,,,,0.104,,,,,0.066,0.055,0.184,0.335,0.036,0.1,0.29,0.135,0.272,0.071,0.094,0.067,,,0.167,,,0.092,0.023,0.015,,0.045,0.192,,,,,,,,0.167,,0.098,0.778,,,0.024,,0.102,,0.097,0.17,0.1,0.161,0.134,0.364,0.202,0.136,0.082,0.153,0.14,,0.604,,,,,,,,0.154,0.168,0.095,0.143,0.304,,,,,0.108,0.178,0.587,,,0.542,0.622,,0.161,0.154,0.197,0.64,0.638,0.16,0.139,0.638,0.187,,,0.236,,,,,0.161,,,,0.165,,0.104,,0.156,0.125,0.126,0.335,,,,0.44,0.095,,,0.127,0.116
162,14010180,,0.568,0.57,,,,0.183,,,,,0.075,0.072,,0.201,0.083,,0.154,,,,,,,,0.382,,0.404,0.149,,,0.104,,0.402,0.268,,,,0.138,0.131,0.165,,,,0.075,0.457,0.508,0.501,,,,0.241,,0.102,,,,,,0.185,0.141,,,,0.202,0.165,0.054,0.122,,,,0.111,0.117,0.124,,0.245,,,,,,0.102,,,,,0.066,0.055,0.207,0.325,0.036,0.1,0.274,0.134,0.269,0.071,0.094,0.067,,,0.166,,,0.091,0.023,0.015,,0.045,0.192,,,,,,,,0.176,,0.099,0.755,,,0.024,,0.103,,0.097,0.169,0.1,0.162,0.135,0.364,0.203,0.137,0.081,0.153,0.139,,0.605,,,,,,,,0.154,0.167,0.095,0.143,0.304,,,,,0.108,0.178,0.587,,,0.542,0.622,,0.161,0.153,0.196,0.64,0.638,0.16,0.139,0.634,0.186,,,0.241,,,,,0.161,,,,0.164,,0.104,,0.154,0.125,0.126,0.335,,,,0.436,0.095,,,0.127,0.116
162,14010240,,0.568,0.57,,,,0.183,,,,,0.074,0.078,,0.201,0.079,,0.154,,,,,,,,0.381,,0.428,0.149,,,0.103,,0.402,0.267,,,,0.138,0.131,0.164,,,,0.075,0.457,0.508,0.501,,,,0.241,,0.101,,,,,,0.188,0.141,,,,0.202,0.164,0.054,0.122,,,,0.109,0.117,0.123,,0.245,,,,,,0.103,,,,,0.066,0.055,0.203,0.353,0.036,0.1,0.269,0.135,0.273,0.071,0.094,0.068,,,0.166,,,0.091,0.023,0.015,,0.045,0.192,,,,,,,,0.169,,0.101,0.725,,,0.024,,0.103,,0.098,0.17,0.098,0.163,0.135,0.361,0.198,0.137,0.081,0.154,0.14,,0.605,,,,,,,,0.154,0.167,0.095,0.143,0.304,,,,,0.108,0.178,0.587,,,0.542,0.622,,0.162,0.154,0.197,0.64,0.638,0.16,0.139,0.635,0.184,,,0.243,,,,,0.162,,,,0.164,,0.104,,0.154,0.123,0.126,0.335,,,,0.438,0.094,,,0.127,0.116
162,14010300,,0.567,0.57,,,,0.183,,,,,0.074,0.107,,0.202,0.082,,0.154,,,,,,,,0.381,,0.434,0.149,,,0.104,,0.403,0.268,,,,0.138,0.131,0.165,,,,0.075,0.461,0.508,0.501,,,,0.241,,0.101,,,,,,0.2,0.141,,,,0.202,0.165,0.055,0.123,,,,0.11,0.117,0.122,,0.248,,,,,,0.103,,,,,0.066,0.055,0.19,0.327,0.036,0.1,0.27,0.134,0.275,0.071,0.094,0.067,,,0.165,,,0.091,0.025,0.015,,0.045,0.191,,,,,,,,0.183,,0.1,0.711,,,0.024,,0.102,,0.096,0.17,0.099,0.162,0.135,0.361,0.198,0.136,0.08,0.153,0.14,,0.605,,,,,,,,0.154,0.167,0.095,0.143,0.303,,,,,0.108,0.178,0.587,,,0.542,0.622,,0.162,0.154,0.196,0.64,0.638,0.16,0.139,0.638,0.185,,,0.246,,,,,0.162,,,,0.163,,0.104,,0.152,0.124,0.125,0.336,,,,0.437,0.094,,,0.127,0.116
162,14010360,,0.567,0.57,,,,0.183,,,,,0.074,0.097,,0.201,0.078,,0.154,,,,,,,,0.381,,0.439,0.149,,,0.103,,0.402,0.27,,,,0.138,0.131,0.167,,,,0.075,0.461,0.508,0.501,,,,0.241,,0.1,,,,,,0.221,0.142,,,,0.202,0.165,0.054,0.123,,,,0.111,0.117,0.123,,0.246,,,,,,0.102,,,,,0.066,0.055,0.187,0.323,0.036,0.1,0.261,0.134,0.269,0.071,0.095,0.067,,,0.165,,,0.091,0.023,0.015,,0.183,0.191,,,,,,,,0.177,,0.101,0.69,,,0.024,,0.103,,0.097,0.17,0.1,0.162,0.134,0.361,0.202,0.138,0.08,0.153,0.139,,0.605,,,,,,,,0.154,0.168,0.095,0.143,0.303,,,,,0.108,0.178,0.587,,,0.542,0.622,,0.161,0.154,0.197,0.64,0.638,0.16,0.139,0.634,0.185,,,0.246,,,,,0.162,,,,0.163,,0.105,,0.152,0.125,0.126,0.334,,,,0.435,0.095,,,0.127,0.116
162,14010420,,0.568,0.57,,,,0.183,,,,,0.074,0.115,,0.201,0.083,,0.154,,,,,,,,0.381,,0.421,0.15,,,0.103,,0.402,0.27,,,,0.138,0.129,0.166,,,,0.075,0.461,0.508,0.501,,,,0.241,,0.1,,,,,,0.211,0.141,,,,0.202,0.164,0.054,0.123,,,,0.111,0.116,0.122,,0.242,,,,,,0.103,,,,,0.066,0.055,0.195,0.318,0.036,0.1,0.255,0.134,0.257,0.071,0.094,0.068,,,0.164,,,0.09,0.022,0.015,,0.044,0.191,,,,,,,,0.186,,0.103,0.667,,,0.024,,0.103,,0.098,0.17,0.1,0.162,0.134,0.362,0.199,0.136,0.079,0.153,0.14,,0.605,,,,,,,,0.154,0.168,0.095,0.143,0.302,,,,,0.108,0.178,0.587,,,0.542,0.622,,0.162,0.154,0.197,0.64,0.638,0.16,0.139,0.641,0.184,,,0.245,,,,,0.162,,,,0.162,,0.104,,0.152,0.124,0.125,0.331,,,,0.436,0.094,,,0.127,0.116
162,14010480,,0.568,0.57,,,,0.183,,,,,0.074,0.093,,0.201,0.096,,0.154,,,,,,,,0.381,,0.435,0.15,,,0.104,,0.402,0.27,,,,0.138,0.129,0.166,,,,0.075,0.461,0.508,0.501,,,,0.241,,0.1,,,,,,0.202,0.141,,,,0.202,0.165,0.054,0.123,,,,0.11,0.116,0.122,,0.244,,,,,,0.103,,,,,0.066,0.055,0.19,0.313,0.036,0.1,0.252,0.134,0.262,0.071,0.094,0.067,,,0.164,,,0.09,0.022,0.015,,0.048,0.191,,,,,,,,0.171,,0.104,0.662,,,0.024,,0.104,,0.098,0.17,0.099,0.163,0.133,0.362,0.195,0.136,0.079,0.153,0.139,,0.605,,,,,,,,0.154,0.167,0.095,0.143,0.303,,,,,0.108,0.178,0.586,,,0.542,0.622,,0.161,0.154,0.196,0.64,0.638,0.16,0.139,0.645,0.184,,,0.243,,,,,0.163,,,,0.161,,0.104,,0.152,0.125,0.127,0.327,,,,0.434,0.095,,,0.127,0.116
162,14010540,,0.568,0.57,,,,0.183,,,,,0.074,0.101,,0.201,0.09,,0.154,,,,,,,,0.381,,0.42,0.151,,,0.105,,0.402,0.269,,,,0.139,0.129,0.166,,,,0.075,0.462,0.508,0.501,,,,0.241,,0.101,,,,,,0.19,0.141,,,,0.202,0.165,0.054,0.122,,,,0.11,0.116,0.122,,0.245,,,,,,0.104,,,,,0.066,0.055,0.182,0.32,0.036,0.1,0.251,0.133,0.254,0.071,0.095,0.067,,,0.164,,,0.091,0.023,0.015,,0.044,0.191,,,,,,,,0.168,,0.103,0.65,,,0.024,,0.102,,0.097,0.171,0.099,0.161,0.134,0.362,0.192,0.136,0.079,0.153,0.139,,0.605,,,,,,,,0.154,0.168,0.095,0.143,0.302,,,,,0.108,0.178,0.586,,,0.542,0.622,,0.161,0.154,0.196,0.64,0.638,0.16,0.139,0.65,0.188,,,0.241,,,,,0.161,,,,0.162,,0.104,,0.152,0.124,0.125,0.326,,,,0.435,0.095,,,0.127,0.116
162,14010600,,0.568,0.57,,,,0.183,,,,,0.074,0.105,,0.201,0.091,,0.154,,,,,,,,0.381,,0.408,0.151,,,0.103,,0.402,0.269,,,,0.139,0.129,0.167,,,,0.075,0.46,0.508,0.501,,,,0.241,,0.1,,,,,,0.191,0.141,,,,0.202,0.165,0.055,0.123,,,,0.111,0.116,0.121,,0.244,,,,,,0.103,,,,,0.065,0.055,0.181,0.345,0.036,0.1,0.253,0.134,0.257,0.071,0.094,0.069,,,0.162,,,0.091,0.023,0.016,,0.044,0.191,,,,,,,,0.165,,0.099,0.642,,,0.024,,0.103,,0.097,0.171,0.1,0.162,0.134,0.363,0.2,0.137,0.078,0.153,0.139,,0.605,,,,,,,,0.154,0.168,0.095,0.143,0.302,,,,,0.108,0.178,0.586,,,0.543,0.622,,0.161,0.153,0.196,0.64,0.638,0.16,0.139,0.648,0.188,,,0.237,,,,,0.161,,,,0.161,,0.105,,0.152,0.124,0.126,0.323,,,,0.433,0.094,,,0.127,0.116
162,14010660,,0.568,0.57,,,,0.183,,,,,0.074,0.104,,0.202,0.085,,0.154,,,,,,,,0.38,,0.414,0.151,,,0.103,,0.402,0.269,,,,0.139,0.129,0.166,,,,0.075,0.459,0.508,0.501,,,,0.241,,0.1,,,,,,0.186,0.141,,,,0.202,0.165,0.054,0.123,,,,0.11,0.116,0.122,,0.245,,,,,,0.103,,,,,0.065,0.055,0.191,0.341,0.036,0.1,0.274,0.133,0.262,0.071,0.095,0.069,,,0.162,,,0.09,0.023,0.016,,0.044,0.191,,,,,,,,0.172,,0.1,0.637,,,0.024,,0.104,,0.098,0.171,0.102,0.162,0.134,0.362,0.202,0.137,0.078,0.154,0.139,,0.605,,,,,,,,0.154,0.167,0.095,0.143,0.302,,,,,0.108,0.178,0.586,,,0.543,0.622,,0.161,0.153,0.197,0.64,0.638,0.16,0.139,0.647,0.19,,,0.237,,,,,0.162,,,,0.162,,0.104,,0.151,0.125,0.126,0.324,,,,0.435,0.095,,,0.127,0.116
162,14010720,,0.568,0.57,,,,0.183,,,,,0.074,0.094,,0.202,0.082,,0.154,,,,,,,,0.38,,0.392,0.151,,,0.104,,0.402,0.27,,,,0.139,0.129,0.165,,,,0.075,0.459,0.509,0.501,,,,0.241,,0.1,,,,,,0.187,0.141,,,,0.202,0.165,0.054,0.122,,,,0.11,0.116,0.122,,0.246,,,,,,0.104,,,,,0.065,0.055,0.178,0.338,0.036,0.1,0.261,0.134,0.267,0.071,0.095,0.068,,,0.162,,,0.091,0.022,0.016,,0.049,0.191,,,,,,,,0.178,,0.1,0.635,,,0.024,,0.104,,0.098,0.17,0.101,0.163,0.134,0.363,0.205,0.139,0.078,0.152,0.139,,0.605,,,,,,,,0.154,0.167,0.095,0.143,0.302,,,,,0.108,0.178,0.586,,,0.543,0.622,,0.161,0.152,0.197,0.64,0.638,0.16,0.139,0.639,0.189,,,0.24,,,,,0.162,,,,0.162,,0.105,,0.151,0.124,0.126,0.323,,,,0.434,0.094,,,0.127,0.116
162,14010780,,0.567,0.57,,,,0.183,,,,,0.074,0.078,,0.202,0.087,,0.154,,,,,,,,0.38,,0.376,0.151,,,0.105,,0.402,0.269,,,,0.139,0.129,0.166,,,,0.075,0.46,0.51,0.501,,,,0.241,,0.101,,,,,,0.186,0.141,,,,0.202,0.165,0.054,0.122,,,,0.111,0.116,0.122,,0.246,,,,,,0.105,,,,,0.065,0.055,0.171,0.304,0.036,0.1,0.246,0.133,0.261,0.071,0.095,0.068,,,0.163,,,0.091,0.023,0.016,,0.044,0.191,,,,,,,,0.183,,0.099,0.613,,,0.024,,0.103,,0.097,0.17,0.102,0.163,0.133,0.363,0.2,0.14,0.079,0.153,0.138,,0.605,,,,,,,,0.154,0.168,0.095,0.143,0.302,,,,,0.108,0.178,0.586,,,0.543,0.622,,0.161,0.153,0.196,0.64,0.638,0.16,0.139,0.638,0.188,,,0.243,,,,,0.162,,,,0.161,,0.105,,0.151,0.125,0.125,0.319,,,,0.434,0.094,,,0.127,0.116
162,14010840,,0.567,0.57,,,,0.183,,,,,0.074,0.096,,0.202,0.096,,0.154,,,,,,,,0.38,,0.388,0.151,,,0.103,,0.402,0.27,,,,0.139,0.129,0.167,,,,0.075,0.46,0.51,0.501,,,,0.241,,0.101,,,,,,0.203,0.14,,,,0.202,0.165,0.054,0.122,,,,0.11,0.115,0.121,,0.246,,,,,,0.105,,,,,0.066,0.055,0.177,0.31,0.036,0.1,0.248,0.132,0.258,0.071,0.094,0.067,,,0.163,,,0.09,0.022,0.016,,0.056,0.191,,,,,,,,0.167,,0.099,0.594,,,0.024,,0.103,,0.097,0.17,0.102,0.163,0.131,0.363,0.195,0.138,0.079,0.154,0.139,,0.606,,,,,,,,0.154,0.167,0.095,0.143,0.301,,,,,0.108,0.178,0.586,,,0.543,0.622,,0.162,0.138,0.196,0.64,0.638,0.16,0.139,0.643,0.188,,,0.248,,,,,0.161,,,,0.161,,0.105,,0.151,0.123,0.125,0.319,,,,0.433,0.094,,,0.127,0.116
162,14010900,,0.567,0.57,,,,0.183,,,,,0.074,0.098,,0.202,0.109,,0.154,,,,,,,,0.38,,0.391,0.151,,,0.103,,0.402,0.27,,,,0.139,0.129,0.166,,,,0.075,0.46,0.51,0.502,,,,0.241,,0.1,,,,,,0.205,0.14,,,,0.202,0.165,0.054,0.123,,,,0.111,0.115,0.121,,0.246,,,,,,0.104,,,,,0.066,0.055,0.187,0.31,0.036,0.1,0.254,0.133,0.26,0.071,0.093,0.067,,,0.162,,,0.091,0.023,0.016,,0.044,0.191,,,,,,,,0.172,,0.1,0.586,,,0.024,,0.104,,0.098,0.171,0.099,0.163,0.133,0.363,0.193,0.137,0.08,0.153,0.14,,0.606,,,,,,,,0.154,0.166,0.095,0.143,0.302,,,,,0.108,0.178,0.587,,,0.543,0.622,,0.161,0.149,0.196,0.64,0.638,0.16,0.139,0.646,0.188,,,0.249,,,,,0.162,,,,0.161,,0.105,,0.15,0.125,0.126,0.317,,,,0.434,0.094,,,0.127,0.116
162,14010960,,0.568,0.57,,,,0.183,,,,,0.073,0.103,,0.202,0.091,,0.154,,,,,,,,0.38,,0.423,0.151,,,0.104,,0.402,0.268,,,,0.139,0.129,0.167,,,,0.075,0.46,0.51,0.502,,,,0.241,,0.101,,,,,,0.205,0.14,,,,0.202,0.165,0.054,0.123,,,,0.111,0.115,0.121,,0.246,,,,,,0.104,,,,,0.066,0.055,0.191,0.331,0.036,0.1,0.257,0.133,0.262,0.071,0.093,0.068,,,0.162,,,0.091,0.023,0.016,,0.055,0.191,,,,,,,,0.165,,0.101,0.576,,,0.024,,0.104,,0.098,0.171,0.098,0.164,0.13,0.362,0.188,0.137,0.08,0.153,0.139,,0.605,,,,,,,,0.154,0.166,0.095,0.143,0.301,,,,,0.108,0.178,0.587,,,0.543,0.622,,0.162,0.149,0.197,0.64,0.638,0.16,0.139,0.639,0.187,,,0.247,,,,,0.162,,,,0.161,,0.104,,0.151,0.125,0.127,0.311,,,,0.434,0.095,,,0.127,0.116
162,14011020,,0.568,0.57,,,,0.183,,,,,0.073,0.104,,0.202,0.092,,0.154,,,,,,,,0.38,,0.434,0.152,,,0.104,,0.402,0.269,,,,0.139,0.129,0.166,,,,0.075,0.46,0.51,0.502,,,,0.241,,0.101,,,,,,0.194,0.14,,,,0.202,0.165,0.055,0.123,,,,0.112,0.115,0.121,,0.245,,,,,,0.104,,,,,0.066,0.055,0.181,0.312,0.036,0.1,0.245,0.133,0.273,0.071,0.093,0.068,,,0.162,,,0.092,0.023,0.016,,0.044,0.191,,,,,,,,0.175,,0.099,0.57,,,0.025,,0.103,,0.097,0.171,0.099,0.163,0.132,0.361,0.193,0.136,0.08,0.153,0.14,,0.606,,,,,,,,0.154,0.167,0.095,0.143,0.301,,,,,0.108,0.178,0.587,,,0.543,0.622,,0.162,0.149,0.196,0.64,0.638,0.16,0.14,0.635,0.185,,,0.241,,,,,0.163,,,,0.161,,0.105,,0.149,0.124,0.125,0.309,,,,0.435,0.095,,,0.127,0.116
162,14011080,,0.568,0.57,,,,0.183,,,,,0.074,0.09,,0.202,0.095,,0.154,,,,,,,,0.381,,0.41,0.151,,,0.104,,0.403,0.269,,,,0.139,0.129,0.167,,,,0.075,0.46,0.51,0.502,,,,0.241,,0.1,,,,,,0.186,0.14,,,,0.202,0.165,0.054,0.123,,,,0.109,0.115,0.121,,0.246,,,,,,0.105,,,,,0.065,0.055,0.178,0.302,0.036,0.1,0.242,0.133,0.27,0.071,0.094,0.067,,,0.162,,,0.09,0.023,0.016,,0.044,0.191,,,,,,,,0.17,,0.1,0.553,,,0.024,,0.103,,0.098,0.171,0.099,0.163,0.133,0.361,0.195,0.137,0.08,0.154,0.14,,0.606,,,,,,,,0.154,0.167,0.095,0.143,0.301,,,,,0.108,0.178,0.586,,,0.543,0.622,,0.162,0.149,0.196,0.64,0.638,0.16,0.141,0.631,0.184,,,0.235,,,,,0.162,,,,0.161,,0.104,,0.149,0.124,0.125,0.309,,,,0.436,0.094,,,0.127,0.116
162,14011140,,0.567,0.57,,,,0.183,,,,,0.074,0.073,,0.202,0.082,,0.154,,,,,,,,0.381,,0.391,0.151,,,0.104,,0.403,0.271,,,,0.139,0.129,0.166,,,,0.075,0.461,0.51,0.502,,,,0.241,,0.101,,,,,,0.184,0.14,,,,0.202,0.165,0.053,0.123,,,,0.11,0.115,0.121,,0.243,,,,,,0.103,,,,,0.065,0.055,0.183,0.292,0.036,0.1,0.252,0.133,0.268,0.071,0.095,0.068,,,0.162,,,0.091,0.023,0.016,,0.065,0.191,,,,,,,,0.166,,0.1,0.559,,,0.024,,0.104,,0.098,0.17,0.099,0.163,0.134,0.361,0.195,0.137,0.079,0.154,0.139,,0.606,,,,,,,,0.154,0.168,0.095,0.143,0.301,,,,,0.108,0.178,0.587,,,0.543,0.622,,0.16,0.15,0.196,0.64,0.638,0.16,0.141,0.625,0.184,,,0.232,,,,,0.162,,,,0.161,,0.105,,0.149,0.124,0.127,0.303,,,,0.435,0.095,,,0.127,0.116
162,14011200,,0.568,0.57,,,,0.183,,,,,0.08,0.074,,0.202,0.083,,0.154,,,,,,,,0.381,,0.378,0.155,,,0.104,,0.403,0.272,,,,0.139,0.129,0.165,,,,0.075,0.464,0.51,0.502,,,,0.241,,0.102,,,,,,0.186,0.142,,,,0.202,0.165,0.054,0.121,,,,0.111,0.117,0.124,,0.266,,,,,,0.104,,,,,0.065,0.055,0.173,0.319,0.036,0.1,0.253,0.133,0.251,0.071,0.094,0.066,,,0.163,,,0.091,0.023,0.018,,0.043,0.191,,,,,,,,0.171,,0.101,0.551,,,0.024,,0.103,,0.098,0.17,0.099,0.164,0.133,0.361,0.228,0.144,0.079,0.154,0.139,,0.606,,,,,,,,0.157,0.169,0.095,0.143,0.301,,,,,0.109,0.178,0.586,,,0.543,0.622,,0.159,0.15,0.196,0.64,0.638,0.16,0.141,0.619,0.183,,,0.23,,,,,0.163,,,,0.177,,0.105,,0.148,0.125,0.126,0.303,,,,0.437,0.094,,,0.127,0.116
162,14011260,,0.568,0.57,,,,0.183,,,,,0.075,0.078,,0.202,0.074,,0.154,,,,,,,,0.382,,0.395,0.153,,,0.104,,0.403,0.27,,,,0.139,0.129,0.167,,,,0.075,0.465,0.51,0.502,,,,0.241,,0.103,,,,,,0.195,0.141,,,,0.202,0.165,0.054,0.122,,,,0.111,0.118,0.124,,0.26,,,,,,0.105,,,,,0.066,0.055,0.182,0.328,0.036,0.1,0.255,0.133,0.263,0.071,0.093,0.068,,,0.16,,,0.092,0.022,0.016,,0.043,0.191,,,,,,,,0.178,,0.099,0.527,,,0.024,,0.103,,0.098,0.171,0.099,0.163,0.132,0.361,0.233,0.145,0.081,0.155,0.139,,0.606,,,,,,,,0.156,0.168,0.095,0.143,0.301,,,,,0.109,0.178,0.587,,,0.543,0.622,,0.159,0.149,0.196,0.64,0.638,0.16,0.141,0.623,0.183,,,0.231,,,,,0.162,,,,0.174,,0.105,,0.148,0.126,0.124,0.301,,,,0.436,0.094,,,0.127,0.116
162,14011320,,0.568,0.57,,,,0.183,,,,,0.075,0.073,,0.202,0.074,,0.154,,,,,,,,0.382,,0.415,0.149,,,0.103,,0.403,0.266,,,,0.139,0.129,0.169,,,,0.075,0.465,0.51,0.502,,,,0.241,,0.103,,,,,,0.196,0.14,,,,0.202,0.166,0.054,0.122,,,,0.111,0.117,0.122,,0.249,,,,,,0.094,,,,,0.066,0.055,0.175,0.333,0.036,0.1,0.239,0.133,0.261,0.071,0.093,0.067,,,0.161,,,0.09,0.024,0.016,,0.043,0.191,,,,,,,,0.173,,0.1,0.517,,,0.024,,0.103,,0.098,0.17,0.1,0.163,0.133,0.361,0.26,0.166,0.082,0.154,0.139,,0.606,,,,,,,,0.155,0.168,0.095,0.143,0.3,,,,,0.108,0.178,0.586,,,0.543,0.622,,0.151,0.149,0.196,0.64,0.638,0.16,0.141,0.631,0.181,,,0.234,,,,,0.162,,,,0.174,,0.105,,0.15,0.124,0.126,0.301,,,,0.435,0.093,,,0.127,0.116
162,14011380,,0.568,0.57,,,,0.183,,,,,0.075,0.052,,0.202,0.083,,0.154,,,,,,,,0.382,,0.415,0.151,,,0.104,,0.403,0.266,,,,0.139,0.129,0.167,,,,0.075,0.465,0.511,0.502,,,,0.241,,0.102,,,,,,0.187,0.14,,,,0.202,0.166,0.053,0.122,,,,0.11,0.115,0.12,,0.245,,,,,,0.094,,,,,0.066,0.055,0.182,0.34,0.036,0.1,0.253,0.133,0.263,0.071,0.093,0.067,,,0.16,,,0.091,0.022,0.016,,0.043,0.191,,,,,,,,0.172,,0.101,0.505,,,0.024,,0.104,,0.098,0.171,0.099,0.164,0.133,0.36,0.237,0.163,0.086,0.154,0.139,,0.606,,,,,,,,0.155,0.168,0.095,0.143,0.3,,,,,0.108,0.178,0.586,,,0.543,0.622,,0.152,0.149,0.196,0.64,0.638,0.16,0.141,0.635,0.18,,,0.242,,,,,0.162,,,,0.174,,0.105,,0.15,0.124,0.126,0.296,,,,0.431,0.093,,,0.127,0.116
162,14011440,,0.568,0.57,,,,0.183,,,,,0.075,0.102,,0.202,0.076,,0.154,,,,,,,,0.382,,0.429,0.15,,,0.105,,0.403,0.268,,,,0.139,0.129,0.167,,,,0.075,0.465,0.511,0.502,,,,0.241,,0.103,,,,,,0.188,0.14,,,,0.202,0.165,0.053,0.122,,,,0.111,0.115,0.119,,0.243,,,,,,0.094,,,,,0.066,0.055,0.179,0.319,0.036,0.1,0.233,0.133,0.251,0.071,0.093,0.068,,,0.159,,,0.091,0.024,0.016,,0.043,0.191,,,,,,,,0.174,,0.102,0.485,,,0.024,,0.104,,0.098,0.172,0.099,0.163,0.133,0.36,0.234,0.159,0.086,0.155,0.14,,0.606,,,,,,,,0.155,0.167,0.095,0.143,0.299,,,,,0.108,0.178,0.586,,,0.543,0.622,,0.153,0.15,0.196,0.64,0.638,0.16,0.14,0.625,0.18,,,0.252,,,,,0.163,,,,0.174,,0.105,,0.15,0.125,0.126,0.296,,,,0.428,0.094,,,0.127,0.116
162,14011500,,0.568,0.57,,,,0.183,,,,,0.075,0.114,,0.202,0.092,,0.154,,,,,,,,0.382,,0.412,0.15,,,0.104,,0.403,0.268,,,,0.139,0.129,0.166,,,,0.075,0.462,0.511,0.502,,,,0.241,,0.103,,,,,,0.188,0.14,,,,0.202,0.164,0.053,0.122,,,,0.112,0.115,0.119,,0.244,,,,,,0.095,,,,,0.065,0.055,0.177,0.308,0.036,0.1,0.242,0.132,0.249,0.071,0.093,0.068,,,0.159,,,0.091,0.022,0.016,,0.045,0.191,,,,,,,,0.164,,0.102,0.469,,,0.024,,0.092,,0.098,0.171,0.099,0.163,0.134,0.36,0.236,0.16,0.085,0.154,0.14,,0.606,,,,,,,,0.155,0.168,0.095,0.143,0.299,,,,,0.108,0.178,0.587,,,0.543,0.622,,0.147,0.15,0.196,0.64,0.638,0.16,0.14,0.623,0.18,,,0.252,,,,,0.162,,,,0.174,,0.105,,0.149,0.125,0.127,0.294,,,,0.429,0.094,,,0.127,0.116
162,14011560,,0.568,0.57,,,,0.183,,,,,0.075,0.114,,0.202,0.095,,0.154,,,,,,,,0.382,,0.397,0.15,,,0.104,,0.403,0.266,,,,0.139,0.129,0.167,,,,0.075,0.463,0.51,0.502,,,,0.241,,0.102,,,,,,0.212,0.139,,,,0.202,0.164,0.053,0.123,,,,0.111,0.115,0.119,,0.244,,,,,,0.093,,,,,0.065,0.055,0.175,0.302,0.036,0.1,0.242,0.133,0.248,0.071,0.093,0.066,,,0.159,,,0.09,0.022,0.016,,0.043,0.191,,,,,,,,0.17,,0.103,0.462,,,0.024,,0.093,,0.098,0.17,0.099,0.164,0.133,0.36,0.218,0.152,0.084,0.154,0.14,,0.606,,,,,,,,0.155,0.167,0.095,0.143,0.299,,,,,0.108,0.178,0.586,,,0.543,0.622,,0.147,0.15,0.197,0.64,0.638,0.16,0.14,0.623,0.185,,,0.251,,,,,0.161,,,,0.174,,0.105,,0.148,0.125,0.127,0.294,,,,0.43,0.094,,,0.127,0.116
162,14011620,,0.568,0.569,,,,0.183,,,,,0.075,0.098,,0.202,0.08,,0.154,,,,,,,,0.382,,0.389,0.151,,,0.105,,0.403,0.266,,,,0.139,0.128,0.166,,,,0.075,0.462,0.51,0.502,,,,0.241,,0.102,,,,,,0.201,0.139,,,,0.202,0.164,0.054,0.123,,,,0.111,0.115,0.119,,0.245,,,,,,0.094,,,,,0.066,0.055,0.169,0.296,0.036,0.1,0.241,0.132,0.249,0.071,0.093,0.067,,,0.161,,,0.09,0.023,0.016,,0.043,0.191,,,,,,,,0.174,,0.105,0.467,,,0.024,,0.094,,0.098,0.171,0.089,0.164,0.133,0.36,0.207,0.145,0.082,0.155,0.14,,0.606,,,,,,,,0.155,0.167,0.095,0.143,0.299,,,,,0.108,0.178,0.586,,,0.543,0.622,,0.148,0.152,0.197,0.64,0.638,0.16,0.14,0.634,0.185,,,0.245,,,,,0.163,,,,0.174,,0.104,,0.148,0.125,0.128,0.289,,,,0.43,0.093,,,0.127,0.116
162,14011680,,0.567,0.57,,,,0.183,,,,,0.075,0.065,,0.202,0.102,,0.154,,,,,,,,0.383,,0.403,0.151,,,0.105,,0.403,0.265,,,,0.138,0.128,0.165,,,,0.075,0.463,0.51,0.502,,,,0.241,,0.103,,,,,,0.191,0.139,,,,0.202,0.163,0.054,0.122,,,,0.111,0.114,0.119,,0.242,,,,,,0.094,,,,,0.065,0.055,0.179,0.314,0.036,0.1,0.257,0.132,0.251,0.071,0.093,0.066,,,0.16,,,0.091,0.023,0.016,,0.043,0.191,,,,,,,,0.167,,0.105,0.452,,,0.024,,0.094,,0.098,0.171,0.089,0.163,0.132,0.359,0.21,0.141,0.081,0.155,0.139,,0.606,,,,,,,,0.154,0.167,0.095,0.143,0.299,,,,,0.108,0.178,0.586,,,0.543,0.622,,0.148,0.151,0.197,0.64,0.638,0.16,0.14,0.638,0.184,,,0.241,,,,,0.163,,,,0.174,,0.105,,0.148,0.125,0.128,0.286,,,,0.429,0.093,,,0.127,0.116
162,14011740,,0.568,0.57,,,,0.183,,,,,0.075,0.095,,0.202,0.114,,0.154,,,,,,,,0.382,,0.386,0.151,,,0.105,,0.403,0.267,,,,0.138,0.128,0.165,,,,0.075,0.463,0.51,0.502,,,,0.241,,0.103,,,,,,0.195,0.139,,,,0.202,0.164,0.054,0.123,,,,0.112,0.114,0.12,,0.241,,,,,,0.095,,,,,0.066,0.055,0.175,0.301,0.036,0.1,0.24,0.133,0.251,0.071,0.093,0.068,,,0.16,,,0.091,0.023,0.016,,0.043,0.191,,,,,,,,0.168,,0.101,0.435,,,0.024,,0.093,,0.099,0.17,0.09,0.163,0.133,0.36,0.2,0.142,0.082,0.154,0.139,,0.606,,,,,,,,0.154,0.167,0.095,0.143,0.299,,,,,0.108,0.178,0.586,,,0.543,0.622,,0.148,0.152,0.197,0.64,0.638,0.16,0.14,0.64,0.187,,,0.241,,,,,0.162,,,,0.173,,0.104,,0.148,0.124,0.127,0.282,,,,0.427,0.093,,,0.127,0.116
162,14011800,,0.568,0.57,,,,0.183,,,,,0.075,0.113,,0.201,0.103,,0.154,,,,,,,,0.382,,0.384,0.151,,,0.104,,0.403,0.267,,,,0.138,0.128,0.167,,,,0.075,0.464,0.51,0.502,,,,0.241,,0.091,,,,,,0.187,0.139,,,,0.202,0.164,0.054,0.123,,,,0.112,0.114,0.119,,0.244,,,,,,0.093,,,,,0.066,0.055,0.168,0.31,0.036,0.1,0.245,0.133,0.254,0.071,0.093,0.067,,,0.16,,,0.09,0.023,0.018,,0.043,0.191,,,,,,,,0.166,,0.101,0.42,,,0.024,,0.093,,0.099,0.171,0.091,0.164,0.133,0.361,0.195,0.141,0.082,0.155,0.14,,0.606,,,,,,,,0.154,0.166,0.095,0.143,0.299,,,,,0.108,0.178,0.586,,,0.543,0.622,,0.148,0.151,0.197,0.64,0.638,0.16,0.139,0.639,0.19,,,0.242,,,,,0.162,,,,0.172,,0.105,,0.148,0.114,0.127,0.282,,,,0.426,0.093,,,0.127,0.116
162,14011860,,0.568,0.57,,,,0.183,,,,,0.074,0.088,,0.201,0.107,,0.154,,,,,,,,0.382,,0.379,0.152,,,0.104,,0.403,0.267,,,,0.138,0.128,0.168,,,,0.075,0.463,0.51,0.502,,,,0.241,,0.092,,,,,,0.184,0.137,,,,0.202,0.164,0.054,0.123,,,,0.1,0.114,0.119,,0.244,,,,,,0.093,,,,,0.066,0.055,0.179,0.299,0.036,0.1,0.238,0.133,0.257,0.071,0.093,0.067,,,0.16,,,0.091,0.023,0.016,,0.043,0.191,,,,,,,,0.168,,0.103,0.41,,,0.024,,0.094,,0.098,0.171,0.091,0.164,0.133,0.361,0.201,0.141,0.082,0.156,0.14,,0.606,,,,,,,,0.154,0.166,0.095,0.143,0.298,,,,,0.108,0.178,0.586,,,0.543,0.622,,0.149,0.151,0.196,0.64,0.638,0.16,0.139,0.637,0.19,,,0.249,,,,,0.162,,,,0.172,,0.105,,0.148,0.114,0.128,0.277,,,,0.428,0.093,,,0.127,0.116
162,14011920,,0.567,0.57,,,,0.183,,,,,0.074,0.112,,0.201,0.097,,0.154,,,,,,,,0.382,,0.443,0.151,,,0.105,,0.403,0.266,,,,0.138,0.128,0.167,,,,0.075,0.464,0.51,0.502,,,,0.241,,0.093,,,,,,0.191,0.136,,,,0.202,0.164,0.054,0.122,,,,0.101,0.114,0.119,,0.246,,,,,,0.094,,,,,0.065,0.055,0.172,0.294,0.036,0.1,0.232,0.132,0.251,0.071,0.093,0.066,,,0.159,,,0.091,0.023,0.016,,0.043,0.191,,,,,,,,0.17,,0.103,0.414,,,0.024,,0.092,,0.098,0.172,0.092,0.163,0.134,0.361,0.194,0.139,0.082,0.154,0.14,,0.606,,,,,,,,0.154,0.167,0.095,0.143,0.298,,,,,0.108,0.178,0.586,,,0.543,0.622,,0.148,0.152,0.197,0.64,0.638,0.16,0.139,0.627,0.191,,,0.254,,,,,0.163,,,,0.171,,0.104,,0.148,0.115,0.127,0.275,,,,0.426,0.093,,,0.127,0.116
162,14011980,,0.568,0.57,,,,0.183,,,,,0.074,0.088,,0.202,0.088,,0.154,,,,,,,,0.382,,0.435,0.148,,,0.105,,0.403,0.266,,,,0.138,0.128,0.169,,,,0.075,0.464,0.51,0.502,,,,0.241,,0.093,,,,,,0.186,0.136,,,,0.202,0.164,0.054,0.123,,,,0.101,0.114,0.119,,0.245,,,,,,0.094,,,,,0.066,0.055,0.175,0.305,0.036,0.1,0.238,0.132,0.253,0.071,0.092,0.066,,,0.159,,,0.091,0.023,0.016,,0.043,0.191,,,,,,,,0.17,,0.101,0.424,,,0.024,,0.093,,0.099,0.17,0.093,0.164,0.134,0.359,0.2,0.14,0.082,0.154,0.141,,0.606,,,,,,,,0.154,0.167,0.095,0.143,0.298,,,,,0.108,0.178,0.586,,,0.543,0.622,,0.149,0.15,0.197,0.64,0.638,0.16,0.139,0.62,0.19,,,0.252,,,,,0.163,,,,0.169,,0.104,,0.148,0.114,0.126,0.272,,,,0.426,0.093,,,0.127,0.116
162,14012040,,0.568,0.57,,,,0.183,,,,,0.074,0.082,,0.202,0.093,,0.154,,,,,,,,0.382,,0.413,0.147,,,0.105,,0.403,0.266,,,,0.138,0.128,0.167,,,,0.075,0.464,0.51,0.502,,,,0.241,,0.092,,,,,,0.186,0.137,,,,0.202,0.164,0.054,0.124,,,,0.102,0.114,0.119,,0.243,,,,,,0.093,,,,,0.066,0.055,0.177,0.283,0.036,0.1,0.235,0.132,0.245,0.071,0.092,0.066,,,0.159,,,0.09,0.023,0.016,,0.043,0.191,,,,,,,,0.169,,0.102,0.425,,,0.024,,0.093,,0.099,0.171,0.094,0.164,0.134,0.358,0.198,0.139,0.081,0.155,0.141,,0.606,,,,,,,,0.154,0.167,0.095,0.143,0.297,,,,,0.108,0.178,0.586,,,0.543,0.622,,0.149,0.15,0.198,0.64,0.638,0.16,0.139,0.618,0.193,,,0.252,,,,,0.162,,,,0.169,,0.105,,0.148,0.115,0.127,0.269,,,,0.427,0.093,,,0.127,0.116
162,14012100,,0.568,0.57,,,,0.183,,,,,0.074,0.095,,0.2,0.107,,0.154,,,,,,,,0.382,,0.407,0.148,,,0.105,,0.403,0.265,,,,0.138,0.128,0.168,,,,0.075,0.467,0.51,0.502,,,,0.241,,0.092,,,,,,0.187,0.136,,,,0.202,0.164,0.054,0.123,,,,0.101,0.113,0.118,,0.241,,,,,,0.093,,,,,0.066,0.055,0.174,0.291,0.036,0.1,0.223,0.132,0.251,0.071,0.093,0.065,,,0.159,,,0.091,0.022,0.016,,0.043,0.191,,,,,,,,0.167,,0.102,0.412,,,0.024,,0.094,,0.098,0.171,0.088,0.164,0.134,0.359,0.201,0.139,0.08,0.155,0.141,,0.606,,,,,,,,0.154,0.166,0.095,0.143,0.298,,,,,0.108,0.178,0.586,,,0.543,0.622,,0.149,0.15,0.198,0.64,0.638,0.16,0.139,0.631,0.193,,,0.253,,,,,0.163,,,,0.166,,0.105,,0.148,0.114,0.126,0.267,,,,0.427,0.093,,,0.127,0.116
162,14012160,,0.568,0.57,,,,0.183,,,,,0.074,0.094,,0.2,0.1,,0.154,,,,,,,,0.381,,0.368,0.147,,,0.105,,0.403,0.268,,,,0.138,0.128,0.168,,,,0.075,0.467,0.51,0.502,,,,0.241,,0.092,,,,,,0.2,0.136,,,,0.202,0.164,0.054,0.122,,,,0.101,0.114,0.119,,0.242,,,,,,0.094,,,,,0.065,0.055,0.17,0.284,0.036,0.1,0.223,0.132,0.251,0.071,0.094,0.067,,,0.159,,,0.09,0.025,0.016,,0.047,0.191,,,,,,,,0.17,,0.103,0.394,,,0.024,,0.093,,0.099,0.17,0.089,0.163,0.134,0.359,0.199,0.14,0.08,0.155,0.141,,0.606,,,,,,,,0.154,0.166,0.095,0.143,0.297,,,,,0.108,0.178,0.586,,,0.543,0.622,,0.148,0.153,0.197,0.64,0.638,0.16,0.139,0.634,0.195,,,0.249,,,,,0.163,,,,0.165,,0.105,,0.148,0.116,0.116,0.264,,,,0.427,0.093,,,0.127,0.116
162,14012220,,0.568,0.57,,,,0.183,,,,,0.074,0.099,,0.202,0.096,,0.154,,,,,,,,0.381,,0.346,0.147,,,0.093,,0.403,0.271,,,,0.138,0.128,0.166,,,,0.075,0.467,0.51,0.502,,,,0.241,,0.092,,,,,,0.202,0.136,,,,0.202,0.164,0.054,0.122,,,,0.101,0.114,0.118,,0.241,,,,,,0.094,,,,,0.066,0.055,0.173,0.3,0.036,0.1,0.225,0.132,0.248,0.071,0.094,0.068,,,0.158,,,0.09,0.023,0.016,,0.043,0.191,,,,,,,,0.174,,0.091,0.374,,,0.024,,0.093,,0.099,0.17,0.089,0.163,0.135,0.359,0.196,0.139,0.08,0.156,0.142,,0.606,,,,,,,,0.154,0.166,0.095,0.143,0.297,,,,,0.108,0.178,0.586,,,0.543,0.622,,0.148,0.153,0.197,0.64,0.638,0.16,0.139,0.636,0.193,,,0.248,,,,,0.162,,,,0.164,,0.105,,0.148,0.113,0.118,0.262,,,,0.428,0.093,,,0.127,0.116
162,14012280,,0.568,0.57,,,,0.183,,,,,0.074,0.114,,0.202,0.097,,0.154,,,,,,,,0.382,,0.33,0.148,,,0.094,,0.403,0.271,,,,0.138,0.128,0.167,,,,0.075,0.467,0.51,0.502,,,,0.241,,0.092,,,,,,0.207,0.136,,,,0.202,0.158,0.054,0.123,,,,0.101,0.114,0.118,,0.242,,,,,,0.093,,,,,0.066,0.055,0.166,0.304,0.036,0.1,0.227,0.132,0.251,0.071,0.093,0.066,,,0.159,,,0.09,0.022,0.017,,0.043,0.191,,,,,,,,0.189,,0.092,0.354,,,0.024,,0.093,,0.1,0.171,0.09,0.164,0.134,0.359,0.193,0.138,0.079,0.155,0.142,,0.606,,,,,,,,0.154,0.166,0.095,0.143,0.298,,,,,0.108,0.178,0.586,,,0.543,0.622,,0.148,0.147,0.197,0.64,0.638,0.16,0.139,0.633,0.192,,,0.244,,,,,0.163,,,,0.164,,0.104,,0.148,0.115,0.118,0.253,,,,0.429,0.093,,,0.127,0.116
162,14012340,,0.568,0.57,,,,0.183,,,,,0.074,0.088,,0.202,0.098,,0.153,,,,,,,,0.382,,0.382,0.148,,,0.095,,0.403,0.271,,,,0.138,0.128,0.168,,,,0.075,0.467,0.51,0.502,,,,0.241,,0.093,,,,,,0.196,0.135,,,,0.202,0.163,0.054,0.122,,,,0.1,0.114,0.119,,0.243,,,,,,0.094,,,,,0.066,0.055,0.173,0.307,0.036,0.1,0.23,0.132,0.258,0.071,0.093,0.066,,,0.158,,,0.091,0.023,0.035,,0.043,0.191,,,,,,,,0.168,,0.093,0.335,,,0.024,,0.094,,0.099,0.171,0.088,0.164,0.135,0.359,0.198,0.139,0.08,0.155,0.141,,0.606,,,,,,,,0.154,0.166,0.095,0.143,0.298,,,,,0.108,0.178,0.586,,,0.543,0.622,,0.148,0.148,0.198,0.64,0.638,0.16,0.139,0.636,0.192,,,0.239,,,,,0.163,,,,0.163,,0.103,,0.148,0.116,0.118,0.251,,,,0.425,0.093,,,0.127,0.116
162,14012400,,0.568,0.57,,,,0.183,,,,,0.075,0.115,,0.202,0.088,,0.153,,,,,,,,0.382,,0.34,0.148,,,0.095,,0.403,0.27,,,,0.138,0.128,0.167,,,,0.075,0.464,0.51,0.502,,,,0.241,,0.093,,,,,,0.186,0.136,,,,0.202,0.163,0.054,0.122,,,,0.101,0.114,0.119,,0.242,,,,,,0.094,,,,,0.066,0.055,0.177,0.301,0.036,0.1,0.222,0.132,0.248,0.071,0.093,0.066,,,0.159,,,0.091,0.026,0.015,,0.043,0.191,,,,,,,,0.165,,0.093,0.335,,,0.024,,0.093,,0.099,0.17,0.089,0.163,0.135,0.359,0.199,0.138,0.079,0.156,0.141,,0.606,,,,,,,,0.154,0.166,0.095,0.143,0.297,,,,,0.108,0.178,0.586,,,0.543,0.622,,0.148,0.148,0.197,0.64,0.638,0.16,0.139,0.636,0.193,,,0.24,,,,,0.164,,,,0.162,,0.103,,0.147,0.116,0.117,0.246,,,,0.425,0.094,,,0.127,0.116
162,14012460,,0.568,0.57,,,,0.183,,,,,0.076,0.065,,0.202,0.104,,0.153,,,,,,,,0.381,,0.351,0.148,,,0.095,,0.403,0.269,,,,0.138,0.128,0.166,,,,0.075,0.465,0.51,0.502,,,,0.241,,0.093,,,,,,0.185,0.136,,,,0.202,0.163,0.054,0.122,,,,0.101,0.114,0.119,,0.244,,,,,,0.094,,,,,0.065,0.055,0.173,0.276,0.036,0.1,0.229,0.133,0.244,0.071,0.093,0.065,,,0.158,,,0.091,0.101,0.126,,0.043,0.19,,,,,,,,0.169,,0.092,0.339,,,0.024,,0.093,,0.099,0.17,0.09,0.164,0.136,0.359,0.196,0.138,0.081,0.155,0.141,,0.606,,,,,,,,0.154,0.167,0.095,0.143,0.297,,,,,0.108,0.178,0.587,,,0.543,0.622,,0.148,0.148,0.197,0.64,0.638,0.16,0.14,0.637,0.191,,,0.24,,,,,0.164,,,,0.161,,0.103,,0.146,0.115,0.117,0.24,,,,0.426,0.094,,,0.127,0.116
162,14012520,,0.568,0.57,,,,0.183,,,,,0.076,0.065,,0.202,0.089,,0.153,,,,,,,,0.382,,0.35,0.148,,,0.095,,0.403,0.27,,,,0.138,0.128,0.167,,,,0.075,0.465,0.51,0.502,,,,0.241,,0.091,,,,,,0.185,0.136,,,,0.202,0.163,0.054,0.123,,,,0.101,0.114,0.119,,0.244,,,,,,0.093,,,,,0.066,0.055,0.172,0.283,0.036,0.1,0.23,0.132,0.241,0.071,0.092,0.067,,,0.158,,,0.09,0.025,0.126,,0.043,0.191,,,,,,,,0.169,,0.093,0.33,,,0.024,,0.094,,0.099,0.17,0.088,0.164,0.136,0.359,0.194,0.138,0.082,0.155,0.141,,0.606,,,,,,,,0.154,0.166,0.095,0.143,0.297,,,,,0.108,0.178,0.587,,,0.543,0.622,,0.148,0.149,0.197,0.64,0.638,0.16,0.139,0.638,0.191,,,0.233,,,,,0.163,,,,0.16,,0.103,,0.146,0.114,0.117,0.238,,,,0.426,0.094,,,0.127,0.116
162,14012580,,0.568,0.57,,,,0.183,,,,,0.076,0.075,,0.202,0.096,,0.153,,,,,,,,0.382,,0.368,0.149,,,0.095,,0.403,0.272,,,,0.138,0.128,0.167,,,,0.075,0.465,0.51,0.502,,,,0.241,,0.092,,,,,,0.185,0.135,,,,0.202,0.163,0.054,0.122,,,,0.101,0.113,0.117,,0.243,,,,,,0.094,,,,,0.066,0.055,0.166,0.279,0.036,0.1,0.219,0.132,0.247,0.071,0.092,0.066,,,0.158,,,0.092,0.024,0.016,,0.043,0.19,,,,,,,,0.168,,0.093,0.317,,,0.024,,0.094,,0.098,0.165,0.089,0.164,0.136,0.359,0.195,0.136,0.082,0.155,0.141,,0.606,,,,,,,,0.154,0.166,0.095,0.143,0.297,,,,,0.108,0.178,0.587,,,0.543,0.622,,0.148,0.149,0.197,0.64,0.638,0.16,0.14,0.636,0.188,,,0.231,,,,,0.164,,,,0.16,,0.103,,0.146,0.116,0.116,0.235,,,,0.426,0.095,,,0.127,0.116
162,14012640,,0.568,0.57,,,,0.183,,,,,0.077,0.077,,0.202,0.108,,0.153,,,,,,,,0.381,,0.359,0.149,,,0.095,,0.404,0.274,,,,0.138,0.128,0.167,,,,0.075,0.465,0.51,0.502,,,,0.241,,0.093,,,,,,0.183,0.135,,,,0.202,0.164,0.054,0.122,,,,0.101,0.113,0.118,,0.242,,,,,,0.094,,,,,0.066,0.055,0.175,0.278,0.036,0.1,0.231,0.132,0.245,0.071,0.092,0.065,,,0.159,,,0.09,0.023,0.016,,0.043,0.19,,,,,,,,0.163,,0.094,0.309,,,0.024,,0.093,,0.098,0.165,0.09,0.164,0.136,0.36,0.194,0.136,0.082,0.155,0.14,,0.607,,,,,,,,0.154,0.166,0.095,0.143,0.297,,,,,0.108,0.178,0.586,,,0.543,0.622,,0.148,0.149,0.197,0.64,0.638,0.16,0.14,0.643,0.188,,,0.234,,,,,0.164,,,,0.16,,0.103,,0.146,0.116,0.117,0.232,,,,0.427,0.095,,,0.127,0.116
162,14012700,,0.568,0.57,,,,0.183,,,,,0.077,0.074,,0.202,0.098,,0.153,,,,,,,,0.382,,0.348,0.149,,,0.095,,0.404,0.274,,,,0.138,0.128,0.168,,,,0.075,0.465,0.51,0.502,,,,0.241,,0.091,,,,,,0.186,0.135,,,,0.202,0.164,0.054,0.123,,,,0.101,0.113,0.118,,0.246,,,,,,0.093,,,,,0.066,0.055,0.167,0.298,0.036,0.1,0.216,0.131,0.244,0.071,0.092,0.067,,,0.16,,,0.09,0.047,0.084,,0.043,0.19,,,,,,,,0.168,,0.093,0.321,,,0.024,,0.093,,0.099,0.166,0.09,0.164,0.136,0.357,0.197,0.139,0.082,0.156,0.141,,0.607,,,,,,,,0.154,0.166,0.095,0.143,0.296,,,,,0.108,0.178,0.586,,,0.543,0.623,,0.148,0.149,0.197,0.64,0.638,0.16,0.14,0.646,0.188,,,0.234,,,,,0.163,,,,0.159,,0.103,,0.146,0.114,0.117,0.226,,,,0.426,0.094,,,0.127,0.116
162,14012760,,0.568,0.57,,,,0.183,,,,,0.076,0.03,,0.202,0.081,,0.153,,,,,,,,0.383,,0.337,0.149,,,0.096,,0.404,0.274,,,,0.138,0.128,0.169,,,,0.075,0.465,0.51,0.502,,,,0.241,,0.092,,,,,,0.213,0.135,,,,0.202,0.163,0.054,0.123,,,,0.1,0.113,0.117,,0.242,,,,,,0.094,,,,,0.066,0.055,0.171,0.269,0.036,0.1,0.226,0.132,0.237,0.071,0.092,0.066,,,0.159,,,0.091,0.025,0.016,,0.044,0.19,,,,,,,,0.169,,0.094,0.339,,,0.024,,0.094,,0.098,0.166,0.089,0.165,0.137,0.358,0.195,0.138,0.081,0.156,0.142,,0.606,,,,,,,,0.154,0.165,0.095,0.143,0.296,,,,,0.108,0.178,0.586,,,0.543,0.623,,0.149,0.149,0.197,0.64,0.638,0.16,0.14,0.642,0.186,,,0.239,,,,,0.162,,,,0.159,,0.103,,0.146,0.115,0.118,0.219,,,,0.425,0.095,,,0.127,0.116
162,14012820,,0.568,0.57,,,,0.183,,,,,0.077,0.11,,0.202,0.085,,0.153,,,,,,,,0.383,,0.348,0.149,,,0.096,,0.404,0.272,,,,0.138,0.127,0.168,,,,0.075,0.465,0.51,0.502,,,,0.241,,0.092,,,,,,0.204,0.135,,,,0.202,0.163,0.054,0.122,,,,0.1,0.113,0.118,,0.242,,,,,,0.094,,,,,0.066,0.055,0.166,0.297,0.036,0.1,0.226,0.131,0.243,0.071,0.092,0.065,,,0.159,,,0.091,0.023,0.017,,0.043,0.19,,,,,,,,0.167,,0.096,0.333,,,0.024,,0.094,,0.099,0.164,0.089,0.164,0.138,0.358,0.193,0.137,0.08,0.157,0.141,,0.606,,,,,,,,0.154,0.166,0.095,0.143,0.296,,,,,0.108,0.178,0.587,,,0.543,0.623,,0.148,0.15,0.197,0.64,0.638,0.16,0.139,0.639,0.191,,,0.242,,,,,0.163,,,,0.159,,0.103,,0.147,0.116,0.117,0.212,,,,0.426,0.095,,,0.127,0.116
162,14012880,,0.568,0.57,,,,0.183,,,,,0.076,0.102,,0.202,0.086,,0.153,,,,,,,,0.383,,0.328,0.15,,,0.094,,0.404,0.27,,,,0.138,0.127,0.167,,,,0.075,0.465,0.51,0.502,,,,0.241,,0.093,,,,,,0.194,0.135,,,,0.202,0.163,0.054,0.123,,,,0.101,0.113,0.118,,0.243,,,,,,0.093,,,,,0.066,0.055,0.171,0.274,0.036,0.1,0.214,0.132,0.251,0.071,0.092,0.065,,,0.159,,,0.092,0.023,0.016,,0.043,0.19,,,,,,,,0.17,,0.091,0.303,,,0.024,,0.093,,0.098,0.166,0.09,0.164,0.138,0.358,0.19,0.137,0.08,0.155,0.142,,0.606,,,,,,,,0.154,0.166,0.095,0.143,0.296,,,,,0.108,0.178,0.586,,,0.543,0.623,,0.149,0.149,0.197,0.64,0.638,0.16,0.139,0.635,0.192,,,0.246,,,,,0.164,,,,0.159,,0.104,,0.148,0.115,0.118,0.203,,,,0.425,0.095,,,0.127,0.116
162,14012940,,0.568,0.57,,,,0.183,,,,,0.076,0.099,,0.202,0.092,,0.153,,,,,,,,0.383,,0.333,0.15,,,0.095,,0.403,0.272,,,,0.138,0.127,0.167,,,,0.075,0.465,0.51,0.502,,,,0.241,,0.091,,,,,,0.189,0.135,,,,0.202,0.163,0.054,0.123,,,,0.101,0.113,0.117,,0.239,,,,,,0.093,,,,,0.066,0.055,0.173,0.281,0.036,0.1,0.217,0.132,0.25,0.071,0.092,0.066,,,0.158,,,0.091,0.023,0.016,,0.043,0.19,,,,,,,,0.17,,0.09,0.29,,,0.024,,0.093,,0.098,0.166,0.091,0.164,0.138,0.358,0.193,0.136,0.079,0.155,0.141,,0.606,,,,,,,,0.154,0.166,0.095,0.143,0.296,,,,,0.108,0.178,0.586,,,0.543,0.623,,0.149,0.149,0.197,0.64,0.638,0.16,0.139,0.638,0.191,,,0.246,,,,,0.163,,,,0.159,,0.103,,0.149,0.115,0.118,0.196,,,,0.424,0.095,,,0.127,0.116
162,14013000,,0.568,0.57,,,,0.183,,,,,0.076,0.106,,0.202,0.101,,0.153,,,,,,,,0.383,,0.337,0.149,,,0.095,,0.403,0.274,,,,0.138,0.127,0.167,,,,0.075,0.467,0.51,0.501,,,,0.241,,0.091,,,,,,0.185,0.136,,,,0.202,0.163,0.054,0.122,,,,0.1,0.113,0.118,,0.252,,,,,,0.094,,,,,0.066,0.055,0.163,0.275,0.036,0.1,0.229,0.131,0.246,0.071,0.092,0.066,,,0.159,,,0.091,0.023,0.024,,0.043,0.19,,,,,,,,0.17,,0.09,0.279,,,0.024,,0.094,,0.099,0.166,0.091,0.164,0.138,0.358,0.199,0.136,0.079,0.157,0.142,,0.606,,,,,,,,0.154,0.167,0.095,0.143,0.296,,,,,0.108,0.178,0.586,,,0.543,0.623,,0.147,0.149,0.198,0.64,0.638,0.16,0.14,0.639,0.189,,,0.243,,,,,0.163,,,,0.162,,0.103,,0.152,0.115,0.117,0.189,,,,0.425,0.095,,,0.127,0.116
162,14013060,,0.568,0.57,,,,0.183,,,,,0.076,0.052,,0.202,0.108,,0.154,,,,,,,,0.383,,0.344,0.15,,,0.096,,0.403,0.272,,,,0.138,0.127,0.167,,,,0.075,0.468,0.51,0.502,,,,0.241,,0.092,,,,,,0.182,0.136,,,,0.202,0.164,0.054,0.122,,,,0.101,0.114,0.119,,0.251,,,,,,0.095,,,,,0.066,0.055,0.165,0.302,0.036,0.1,0.238,0.132,0.255,0.071,0.092,0.066,,,0.159,,,0.092,0.023,0.016,,0.043,0.19,,,,,,,,0.172,,0.091,0.269,,,0.024,,0.094,,0.099,0.166,0.091,0.164,0.139,0.358,0.194,0.136,0.08,0.156,0.142,,0.606,,,,,,,,0.154,0.166,0.095,0.143,0.296,,,,,0.108,0.178,0.586,,,0.543,0.623,,0.146,0.15,0.198,0.64,0.638,0.16,0.14,0.635,0.187,,,0.243,,,,,0.163,,,,0.163,,0.104,,0.149,0.116,0.117,0.181,,,,0.427,0.094,,,0.127,0.116
162,14013120,,0.568,0.57,,,,0.183,,,,,0.077,0.073,,0.202,0.103,,0.154,,,,,,,,0.383,,0.326,0.151,,,0.094,,0.404,0.272,,,,0.138,0.127,0.166,,,,0.075,0.468,0.511,0.471,,,,0.241,,0.093,,,,,,0.183,0.135,,,,0.202,0.163,0.054,0.123,,,,0.101,0.114,0.119,,0.245,,,,,,0.094,,,,,0.066,0.055,0.167,0.277,0.036,0.1,0.225,0.131,0.246,0.071,0.093,0.066,,,0.158,,,0.091,0.023,0.016,,0.043,0.19,,,,,,,,0.166,,0.091,0.264,,,0.024,,0.092,,0.099,0.166,0.092,0.164,0.139,0.358,0.19,0.138,0.079,0.156,0.142,,0.606,,,,,,,,0.154,0.167,0.095,0.143,0.296,,,,,0.108,0.178,0.586,,,0.543,0.623,,0.146,0.149,0.199,0.64,0.638,0.16,0.14,0.636,0.186,,,0.242,,,,,0.164,,,,0.163,,0.104,,0.149,0.114,0.117,0.173,,,,0.425,0.095,,,0.127,0.116
162,14013180,,0.568,0.57,,,,0.183,,,,,0.077,0.102,,0.202,0.085,,0.153,,,,,,,,0.383,,0.347,0.15,,,0.095,,0.404,0.271,,,,0.138,0.127,0.166,,,,0.075,0.468,0.511,0.482,,,,0.241,,0.091,,,,,,0.184,0.134,,,,0.202,0.163,0.055,0.123,,,,0.101,0.114,0.117,,0.238,,,,,,0.093,,,,,0.066,0.055,0.167,0.3,0.036,0.1,0.224,0.131,0.24,0.071,0.093,0.065,,,0.159,,,0.091,0.024,0.016,,0.043,0.19,,,,,,,,0.162,,0.09,0.266,,,0.024,,0.093,,0.098,0.166,0.094,0.165,0.138,0.357,0.191,0.139,0.08,0.157,0.142,,0.607,,,,,,,,0.154,0.166,0.095,0.143,0.295,,,,,0.108,0.178,0.586,,,0.543,0.623,,0.146,0.15,0.199,0.64,0.638,0.16,0.14,0.647,0.184,,,0.236,,,,,0.163,,,,0.163,,0.103,,0.15,0.115,0.119,0.168,,,,0.424,0.095,,,0.127,0.116
162,14013240,,0.568,0.57,,,,0.183,,,,,0.077,0.073,,0.2,0.085,,0.153,,,,,,,,0.383,,0.34,0.15,,,0.095,,0.404,0.272,,,,0.138,0.127,0.167,,,,0.075,0.467,0.511,0.485,,,,0.241,,0.092,,,,,,0.185,0.133,,,,0.202,0.164,0.054,0.123,,,,0.1,0.113,0.117,,0.237,,,,,,0.094,,,,,0.066,0.055,0.164,0.302,0.036,0.1,0.226,0.131,0.236,0.071,0.092,0.065,,,0.159,,,0.091,0.023,0.017,,0.043,0.19,,,,,,,,0.187,,0.09,0.271,,,0.024,,0.094,,0.098,0.165,0.089,0.164,0.138,0.357,0.187,0.139,0.08,0.157,0.141,,0.607,,,,,,,,0.154,0.167,0.095,0.143,0.295,,,,,0.108,0.178,0.586,,,0.543,0.623,,0.146,0.15,0.198,0.64,0.638,0.16,0.14,0.647,0.183,,,0.236,,,,,0.163,,,,0.163,,0.103,,0.151,0.114,0.117,0.162,,,,0.423,0.095,,,0.127,0.116
162,14013300,,0.568,0.57,,,,0.183,,,,,0.077,0.093,,0.2,0.094,,0.153,,,,,,,,0.382,,0.332,0.151,,,0.096,,0.404,0.273,,,,0.138,0.127,0.165,,,,0.075,0.466,0.511,0.486,,,,0.241,,0.092,,,,,,0.188,0.133,,,,0.202,0.164,0.054,0.121,,,,0.1,0.113,0.117,,0.241,,,,,,0.094,,,,,0.066,0.055,0.161,0.296,0.036,0.1,0.23,0.132,0.24,0.071,0.093,0.066,,,0.167,,,0.092,0.023,0.017,,0.043,0.19,,,,,,,,0.17,,0.091,0.253,,,0.024,,0.094,,0.099,0.166,0.089,0.163,0.139,0.357,0.182,0.136,0.08,0.157,0.142,,0.607,,,,,,,,0.154,0.167,0.095,0.143,0.295,,,,,0.108,0.178,0.587,,,0.543,0.623,,0.146,0.15,0.198,0.64,0.638,0.16,0.14,0.643,0.183,,,0.238,,,,,0.164,,,,0.163,,0.104,,0.149,0.116,0.116,0.156,,,,0.423,0.095,,,0.127,0.116
162,14013360,,0.568,0.57,,,,0.183,,,,,0.078,0.115,,0.201,0.091,,0.153,,,,,,,,0.383,,0.354,0.15,,,0.094,,0.404,0.274,,,,0.138,0.127,0.168,,,,0.075,0.466,0.511,0.473,,,,0.241,,0.092,,,,,,0.189,0.133,,,,0.202,0.164,0.054,0.122,,,,0.101,0.113,0.117,,0.239,,,,,,0.094,,,,,0.066,0.055,0.17,0.305,0.036,0.1,0.215,0.132,0.233,0.071,0.095,0.066,,,0.161,,,0.091,0.024,0.016,,0.043,0.19,,,,,,,,0.169,,0.091,0.242,,,0.024,,0.093,,0.1,0.166,0.089,0.164,0.139,0.357,0.181,0.136,0.08,0.157,0.142,,0.607,,,,,,,,0.154,0.166,0.095,0.143,0.295,,,,,0.108,0.178,0.587,,,0.543,0.623,,0.146,0.15,0.198,0.64,0.638,0.16,0.139,0.633,0.187,,,0.239,,,,,0.164,,,,0.162,,0.103,,0.15,0.113,0.118,0.15,,,,0.425,0.095,,,0.127,0.116
162,14013420,,0.568,0.57,,,,0.183,,,,,0.078,0.119,,0.2,0.095,,0.153,,,,,,,,0.382,,0.354,0.151,,,0.095,,0.404,0.273,,,,0.138,0.127,0.167,,,,0.075,0.466,0.511,0.473,,,,0.241,,0.092,,,,,,0.186,0.133,,,,0.202,0.164,0.054,0.121,,,,0.101,0.113,0.117,,0.242,,,,,,0.093,,,,,0.066,0.055,0.165,0.297,0.036,0.1,0.226,0.131,0.235,0.071,0.094,0.065,,,0.16,,,0.091,0.024,0.016,,0.043,0.19,,,,,,,,0.167,,0.09,0.239,,,0.024,,0.093,,0.098,0.165,0.09,0.164,0.139,0.357,0.181,0.137,0.079,0.157,0.142,,0.606,,,,,,,,0.154,0.166,0.095,0.143,0.295,,,,,0.108,0.178,0.587,,,0.543,0.623,,0.147,0.15,0.198,0.64,0.638,0.16,0.139,0.631,0.188,,,0.241,,,,,0.163,,,,0.162,,0.103,,0.15,0.115,0.118,0.144,,,,0.426,0.095,,,0.127,0.116
162,14013480,,0.568,0.57,,,,0.183,,,,,0.078,0.117,,0.2,0.087,,0.153,,,,,,,,0.383,,0.393,0.15,,,0.096,,0.404,0.272,,,,0.138,0.127,0.168,,,,0.075,0.466,0.511,0.474,,,,0.241,,0.092,,,,,,0.184,0.133,,,,0.202,0.164,0.054,0.123,,,,0.1,0.113,0.117,,0.242,,,,,,0.094,,,,,0.067,0.055,0.159,0.264,0.036,0.1,0.231,0.132,0.247,0.071,0.093,0.066,,,0.161,,,0.091,0.035,0.025,,0.043,0.19,,,,,,,,0.157,,0.09,0.237,,,0.024,,0.093,,0.099,0.166,0.088,0.164,0.139,0.357,0.182,0.139,0.079,0.156,0.142,,0.606,,,,,,,,0.154,0.166,0.095,0.143,0.295,,,,,0.108,0.178,0.586,,,0.543,0.623,,0.147,0.151,0.199,0.64,0.638,0.16,0.14,0.635,0.189,,,0.241,,,,,0.164,,,,0.162,,0.104,,0.15,0.116,0.117,0.137,,,,0.427,0.096,,,0.127,0.116
162,14013540,,0.568,0.57,,,,0.183,,,,,0.078,0.056,,0.2,0.105,,0.153,,,,,,,,0.383,,0.406,0.15,,,0.095,,0.404,0.27,,,,0.138,0.127,0.169,,,,0.075,0.466,0.511,0.474,,,,0.241,,0.092,,,,,,0.198,0.133,,,,0.202,0.164,0.054,0.123,,,,0.101,0.113,0.117,,0.243,,,,,,0.094,,,,,0.066,0.055,0.16,0.286,0.036,0.1,0.226,0.132,0.243,0.071,0.093,0.065,,,0.161,,,0.092,0.023,0.016,,0.043,0.19,,,,,,,,0.169,,0.091,0.235,,,0.024,,0.092,,0.099,0.166,0.088,0.163,0.139,0.357,0.185,0.138,0.079,0.157,0.143,,0.607,,,,,,,,0.154,0.166,0.095,0.143,0.294,,,,,0.108,0.178,0.586,,,0.543,0.623,,0.147,0.15,0.198,0.64,0.638,0.16,0.139,0.627,0.189,,,0.246,,,,,0.164,,,,0.161,,0.103,,0.15,0.115,0.117,0.126,,,,0.425,0.095,,,0.127,0.116
162,14013600,,0.568,0.57,,,,0.183,,,,,0.078,0.084,,0.2,0.092,,0.153,,,,,,,,0.383,,0.403,0.15,,,0.093,,0.404,0.269,,,,0.138,0.127,0.169,,,,0.075,0.466,0.511,0.475,,,,0.241,,0.093,,,,,,0.202,0.133,,,,0.202,0.164,0.054,0.123,,,,0.101,0.112,0.117,,0.242,,,,,,0.093,,,,,0.066,0.055,0.157,0.273,0.036,0.1,0.219,0.132,0.235,0.071,0.093,0.065,,,0.159,,,0.09,0.023,0.028,,0.042,0.19,,,,,,,,0.163,,0.09,0.236,,,0.024,,0.093,,0.099,0.166,0.089,0.165,0.139,0.357,0.187,0.137,0.08,0.157,0.142,,0.607,,,,,,,,0.154,0.166,0.095,0.143,0.295,,,,,0.108,0.178,0.586,,,0.543,0.623,,0.147,0.15,0.198,0.64,0.638,0.16,0.139,0.619,0.191,,,0.246,,,,,0.165,,,,0.161,,0.104,,0.15,0.113,0.118,0.123,,,,0.426,0.096,,,0.127,0.116
162,14013660,,0.568,0.57,,,,0.183,,,,,0.078,0.147,,0.199,0.1,,0.153,,,,,,,,0.383,,0.401,0.151,,,0.093,,0.404,0.272,,,,0.138,0.127,0.168,,,,0.075,0.466,0.511,0.475,,,,0.241,,0.093,,,,,,0.192,0.133,,,,0.202,0.164,0.054,0.123,,,,0.101,0.113,0.117,,0.24,,,,,,0.093,,,,,0.066,0.055,0.164,0.264,0.036,0.1,0.212,0.132,0.233,0.071,0.093,0.065,,,0.159,,,0.092,0.023,0.016,,0.042,0.19,,,,,,,,0.161,,0.091,0.241,,,0.024,,0.093,,0.099,0.166,0.089,0.164,0.14,0.356,0.183,0.136,0.08,0.157,0.142,,0.606,,,,,,,,0.154,0.166,0.095,0.143,0.295,,,,,0.108,0.178,0.586,,,0.543,0.623,,0.147,0.151,0.199,0.64,0.638,0.16,0.139,0.627,0.193,,,0.245,,,,,0.163,,,,0.161,,0.104,,0.15,0.113,0.119,0.118,,,,0.427,0.096,,,0.127,0.116
162,14013720,,0.568,0.57,,,,0.183,,,,,0.078,0.105,,0.201,0.093,,0.153,,,,,,,,0.383,,0.401,0.15,,,0.093,,0.404,0.272,,,,0.138,0.127,0.167,,,,0.075,0.466,0.511,0.475,,,,0.241,,0.091,,,,,,0.182,0.132,,,,0.202,0.164,0.055,0.124,,,,0.1,0.113,0.117,,0.242,,,,,,0.093,,,,,0.066,0.055,0.174,0.267,0.036,0.1,0.228,0.131,0.242,0.071,0.093,0.066,,,0.159,,,0.092,0.023,0.016,,0.042,0.19,,,,,,,,0.17,,0.091,0.238,,,0.024,,0.093,,0.099,0.166,0.089,0.163,0.14,0.357,0.189,0.136,0.081,0.157,0.143,,0.606,,,,,,,,0.154,0.166,0.095,0.143,0.294,,,,,0.108,0.178,0.586,,,0.543,0.623,,0.147,0.15,0.198,0.64,0.638,0.16,0.139,0.641,0.192,,,0.248,,,,,0.164,,,,0.161,,0.103,,0.15,0.115,0.117,0.114,,,,0.424,0.096,,,0.127,0.116
162,14013780,,0.568,0.57,,,,0.183,,,,,0.078,0.129,,0.201,0.085,,0.153,,,,,,,,0.383,,0.382,0.151,,,0.093,,0.404,0.274,,,,0.138,0.127,0.167,,,,0.075,0.466,0.511,0.476,,,,0.241,,0.09,,,,,,0.183,0.132,,,,0.202,0.164,0.055,0.124,,,,0.1,0.113,0.117,,0.24,,,,,,0.093,,,,,0.066,0.055,0.164,0.273,0.036,0.1,0.232,0.132,0.236,0.071,0.093,0.068,,,0.159,,,0.091,0.023,0.016,,0.042,0.19,,,,,,,,0.168,,0.093,0.222,,,0.024,,0.092,,0.1,0.167,0.089,0.164,0.14,0.356,0.191,0.136,0.081,0.157,0.143,,0.606,,,,,,,,0.154,0.166,0.095,0.143,0.294,,,,,0.108,0.178,0.586,,,0.543,0.623,,0.146,0.149,0.198,0.64,0.638,0.16,0.139,0.642,0.191,,,0.247,,,,,0.164,,,,0.161,,0.104,,0.15,0.116,0.116,0.109,,,,0.425,0.096,,,0.127,0.116
162,14013840,,0.568,0.57,,,,0.183,,,,,0.078,0.077,,0.201,0.086,,0.153,,,,,,,,0.384,,0.395,0.151,,,0.093,,0.404,0.274,,,,0.138,0.127,0.168,,,,0.075,0.467,0.512,0.477,,,,0.241,,0.09,,,,,,0.185,0.132,,,,0.202,0.164,0.055,0.123,,,,0.1,0.113,0.118,,0.238,,,,,,0.094,,,,,0.066,0.055,0.16,0.281,0.036,0.1,0.219,0.132,0.242,0.071,0.093,0.066,,,0.159,,,0.091,0.024,0.016,,0.042,0.19,,,,,,,,0.164,,0.092,0.218,,,0.024,,0.093,,0.1,0.167,0.089,0.165,0.14,0.357,0.185,0.136,0.08,0.155,0.143,,0.607,,,,,,,,0.154,0.167,0.095,0.143,0.294,,,,,0.108,0.178,0.586,,,0.543,0.623,,0.147,0.15,0.198,0.64,0.638,0.16,0.139,0.645,0.189,,,0.249,,,,,0.165,,,,0.16,,0.103,,0.152,0.115,0.116,0.107,,,,0.425,0.096,,,0.127,0.116
162,14013900,,0.567,0.57,,,,0.183,,,,,0.078,0.047,,0.201,0.109,,0.153,,,,,,,,0.384,,0.433,0.151,,,0.094,,0.404,0.27,,,,0.138,0.127,0.167,,,,0.075,0.469,0.512,0.477,,,,0.241,,0.091,,,,,,0.192,0.132,,,,0.202,0.165,0.054,0.123,,,,0.101,0.112,0.117,,0.239,,,,,,0.093,,,,,0.066,0.055,0.156,0.269,0.036,0.1,0.214,0.132,0.248,0.071,0.092,0.066,,,0.158,,,0.091,0.023,0.016,,0.051,0.19,,,,,,,,0.156,,0.094,0.207,,,0.024,,0.094,,0.098,0.166,0.09,0.164,0.14,0.356,0.18,0.136,0.08,0.156,0.143,,0.607,,,,,,,,0.154,0.168,0.095,0.143,0.294,,,,,0.108,0.178,0.586,,,0.543,0.623,,0.147,0.15,0.198,0.64,0.638,0.16,0.139,0.638,0.187,,,0.247,,,,,0.164,,,,0.16,,0.103,,0.152,0.114,0.117,0.116,,,,0.425,0.096,,,0.127,0.116
162,14013960,,0.568,0.57,,,,0.183,,,,,0.078,0.069,,0.202,0.091,,0.153,,,,,,,,0.385,,0.443,0.151,,,0.094,,0.404,0.269,,,,0.138,0.127,0.167,,,,0.075,0.469,0.512,0.477,,,,0.241,,0.09,,,,,,0.214,0.132,,,,0.202,0.165,0.055,0.124,,,,0.099,0.112,0.117,,0.24,,,,,,0.093,,,,,0.066,0.055,0.16,0.272,0.036,0.1,0.215,0.131,0.239,0.071,0.092,0.065,,,0.157,,,0.091,0.024,0.016,,0.047,0.19,,,,,,,,0.16,,0.094,0.216,,,0.024,,0.094,,0.099,0.167,0.089,0.163,0.14,0.354,0.184,0.136,0.08,0.157,0.143,,0.607,,,,,,,,0.154,0.166,0.095,0.143,0.294,,,,,0.108,0.178,0.586,,,0.543,0.623,,0.146,0.15,0.198,0.64,0.638,0.16,0.139,0.635,0.186,,,0.241,,,,,0.163,,,,0.16,,0.104,,0.152,0.114,0.117,0.12,,,,0.426,0.096,,,0.127,0.116
162,14014020,,0.568,0.57,,,,0.183,,,,,0.078,0.11,,0.202,0.103,,0.153,,,,,,,,0.384,,0.364,0.151,,,0.094,,0.404,0.271,,,,0.138,0.126,0.17,,,,0.075,0.469,0.511,0.477,,,,0.241,,0.09,,,,,,0.203,0.132,,,,0.202,0.164,0.055,0.124,,,,0.099,0.112,0.116,,0.24,,,,,,0.093,,,,,0.066,0.055,0.156,0.272,0.036,0.1,0.216,0.131,0.242,0.071,0.092,0.065,,,0.159,,,0.091,0.024,0.016,,0.118,0.19,,,,,,,,0.165,,0.095,0.222,,,0.024,,0.093,,0.099,0.168,0.088,0.163,0.141,0.354,0.182,0.135,0.079,0.156,0.143,,0.607,,,,,,,,0.154,0.166,0.095,0.143,0.293,,,,,0.108,0.178,0.586,,,0.543,0.623,,0.145,0.15,0.198,0.64,0.638,0.16,0.139,0.633,0.185,,,0.237,,,,,0.164,,,,0.16,,0.104,,0.152,0.116,0.117,0.121,,,,0.425,0.096,,,0.127,0.116
162,14014080,,0.568,0.57,,,,0.183,,,,,0.078,0.12,,0.202,0.097,,0.153,,,,,,,,0.384,,0.361,0.152,,,0.093,,0.404,0.272,,,,0.138,0.126,0.167,,,,0.075,0.469,0.511,0.477,,,,0.241,,0.091,,,,,,0.194,0.132,,,,0.202,0.165,0.055,0.123,,,,0.1,0.112,0.116,,0.241,,,,,,0.092,,,,,0.066,0.055,0.163,0.293,0.036,0.1,0.226,0.132,0.239,0.071,0.092,0.066,,,0.158,,,0.09,0.023,0.016,,0.035,0.189,,,,,,,,0.162,,0.089,0.217,,,0.024,,0.093,,0.099,0.166,0.09,0.164,0.14,0.354,0.177,0.135,0.079,0.158,0.144,,0.607,,,,,,,,0.154,0.166,0.095,0.143,0.293,,,,,0.108,0.178,0.586,,,0.543,0.623,,0.145,0.15,0.198,0.64,0.638,0.16,0.139,0.638,0.183,,,0.238,,,,,0.164,,,,0.159,,0.104,,0.153,0.114,0.117,0.118,,,,0.424,0.096,,,0.127,0.116
162,14014140,,0.568,0.57,,,,0.183,,,,,0.077,0.103,,0.202,0.102,,0.153,,,,,,,,0.384,,0.386,0.152,,,0.094,,0.404,0.274,,,,0.138,0.126,0.167,,,,0.075,0.469,0.511,0.477,,,,0.241,,0.091,,,,,,0.188,0.132,,,,0.202,0.165,0.054,0.123,,,,0.098,0.112,0.117,,0.24,,,,,,0.092,,,,,0.066,0.055,0.163,0.298,0.036,0.1,0.219,0.132,0.247,0.071,0.092,0.065,,,0.158,,,0.091,0.023,0.016,,0.035,0.189,,,,,,,,0.179,,0.09,0.23,,,0.024,,0.093,,0.099,0.166,0.091,0.163,0.14,0.353,0.18,0.135,0.079,0.157,0.143,,0.606,,,,,,,,0.154,0.166,0.095,0.143,0.293,,,,,0.108,0.178,0.587,,,0.543,0.623,,0.145,0.15,0.198,0.64,0.638,0.16,0.139,0.647,0.182,,,0.235,,,,,0.164,,,,0.159,,0.104,,0.153,0.115,0.118,0.117,,,,0.425,0.096,,,0.127,0.116
162,14014200,,0.568,0.57,,,,0.183,,,,,0.077,0.102,,0.202,0.108,,0.153,,,,,,,,0.383,,0.379,0.152,,,0.094,,0.404,0.273,,,,0.138,0.126,0.169,,,,0.075,0.466,0.511,0.477,,,,0.241,,0.091,,,,,,0.191,0.132,,,,0.202,0.165,0.054,0.124,,,,0.099,0.113,0.117,,0.24,,,,,,0.093,,,,,0.066,0.055,0.164,0.302,0.036,0.1,0.225,0.132,0.24,0.071,0.093,0.066,,,0.158,,,0.091,0.023,0.016,,0.035,0.189,,,,,,,,0.167,,0.09,0.236,,,0.024,,0.094,,0.099,0.167,0.09,0.163,0.14,0.352,0.185,0.135,0.08,0.158,0.144,,0.606,,,,,,,,0.154,0.167,0.095,0.143,0.293,,,,,0.108,0.178,0.587,,,0.543,0.623,,0.144,0.15,0.198,0.64,0.638,0.16,0.139,0.643,0.184,,,0.23,,,,,0.164,,,,0.159,,0.104,,0.153,0.114,0.117,0.114,,,,0.424,0.096,,,0.127,0.116
162,14014260,,0.568,0.57,,,,0.183,,,,,0.077,0.128,,0.2,0.102,,0.153,,,,,,,,0.383,,0.364,0.152,,,0.094,,0.404,0.274,,,,0.138,0.126,0.169,,,,0.075,0.466,0.511,0.477,,,,0.241,,0.089,,,,,,0.19,0.132,,,,0.202,0.165,0.053,0.124,,,,0.1,0.113,0.118,,0.24,,,,,,0.093,,,,,0.066,0.055,0.159,0.298,0.036,0.1,0.218,0.132,0.245,0.071,0.093,0.066,,,0.158,,,0.091,0.023,0.016,,0.039,0.189,,,,,,,,0.16,,0.091,0.225,,,0.024,,0.092,,0.1,0.167,0.091,0.164,0.14,0.353,0.185,0.136,0.08,0.157,0.144,,0.606,,,,,,,,0.153,0.166,0.095,0.143,0.293,,,,,0.108,0.178,0.587,,,0.543,0.623,,0.144,0.15,0.199,0.64,0.638,0.16,0.139,0.638,0.184,,,0.229,,,,,0.165,,,,0.159,,0.104,,0.153,0.114,0.118,0.112,,,,0.421,0.096,,,0.127,0.116
162,14014320,,0.568,0.57,,,,0.183,,,,,0.077,0.113,,0.2,0.093,,0.153,,,,,,,,0.384,,0.391,0.152,,,0.093,,0.404,0.274,,,,0.138,0.127,0.168,,,,0.075,0.467,0.511,0.477,,,,0.241,,0.09,,,,,,0.189,0.132,,,,0.202,0.165,0.054,0.123,,,,0.1,0.112,0.118,,0.24,,,,,,0.092,,,,,0.065,0.055,0.161,0.287,0.036,0.1,0.223,0.132,0.235,0.071,0.092,0.065,,,0.158,,,0.091,0.023,0.016,,0.039,0.189,,,,,,,,0.162,,0.09,0.231,,,0.023,,0.093,,0.099,0.166,0.093,0.164,0.14,0.353,0.181,0.136,0.08,0.158,0.144,,0.606,,,,,,,,0.153,0.166,0.095,0.143,0.293,,,,,0.108,0.178,0.586,,,0.543,0.623,,0.145,0.15,0.198,0.64,0.638,0.16,0.139,0.637,0.184,,,0.228,,,,,0.165,,,,0.159,,0.103,,0.153,0.115,0.118,0.109,,,,0.421,0.096,,,0.127,0.116
162,14014380,,0.568,0.57,,,,0.183,,,,,0.077,0.124,,0.2,0.089,,0.153,,,,,,,,0.384,,0.377,0.151,,,0.094,,0.404,0.272,,,,0.138,0.127,0.166,,,,0.075,0.467,0.511,0.477,,,,0.241,,0.091,,,,,,0.19,0.132,,,,0.202,0.165,0.054,0.123,,,,0.1,0.112,0.117,,0.24,,,,,,0.093,,,,,0.066,0.055,0.149,0.271,0.036,0.1,0.221,0.131,0.239,0.071,0.092,0.067,,,0.159,,,0.092,0.024,0.016,,0.04,0.189,,,,,,,,0.16,,0.09,0.223,,,0.023,,0.094,,0.099,0.167,0.093,0.163,0.14,0.353,0.179,0.136,0.079,0.158,0.144,,0.606,,,,,,,,0.153,0.166,0.095,0.143,0.293,,,,,0.108,0.178,0.587,,,0.543,0.623,,0.144,0.151,0.199,0.64,0.638,0.16,0.139,0.637,0.186,,,0.229,,,,,0.164,,,,0.159,,0.104,,0.153,0.115,0.117,0.107,,,,0.42,0.096,,,0.127,0.116
162,14014440,,0.568,0.57,,,,0.183,,,,,0.077,0.111,,0.2,0.09,,0.153,,,,,,,,0.384,,0.377,0.152,,,0.094,,0.404,0.272,,,,0.138,0.126,0.167,,,,0.075,0.467,0.511,0.477,,,,0.241,,0.091,,,,,,0.187,0.131,,,,0.202,0.164,0.054,0.124,,,,0.1,0.112,0.117,,0.24,,,,,,0.093,,,,,0.066,0.055,0.157,0.279,0.036,0.1,0.215,0.132,0.24,0.071,0.092,0.065,,,0.159,,,0.092,0.023,0.016,,0.04,0.189,,,,,,,,0.164,,0.09,0.217,,,0.024,,0.094,,0.1,0.168,0.088,0.164,0.14,0.353,0.181,0.136,0.079,0.157,0.143,,0.606,,,,,,,,0.153,0.166,0.095,0.143,0.293,,,,,0.108,0.178,0.587,,,0.543,0.623,,0.145,0.151,0.198,0.64,0.638,0.16,0.139,0.637,0.188,,,0.232,,,,,0.164,,,,0.159,,0.104,,0.153,0.115,0.118,0.105,,,,0.423,0.097,,,0.127,0.116
162,14014500,,0.568,0.57,,,,0.183,,,,,0.077,0.116,,0.202,0.094,,0.153,,,,,,,,0.383,,0.296,0.151,,,0.095,,0.404,0.271,,,,0.138,0.126,0.168,,,,0.075,0.467,0.512,0.478,,,,0.241,,0.089,,,,,,0.19,0.13,,,,0.202,0.165,0.054,0.124,,,,0.1,0.112,0.117,,0.242,,,,,,0.094,,,,,0.066,0.055,0.157,0.274,0.036,0.1,0.208,0.131,0.239,0.071,0.092,0.065,,,0.158,,,0.092,0.023,0.016,,0.04,0.189,,,,,,,,0.16,,0.091,0.211,,,0.024,,0.094,,0.101,0.166,0.088,0.164,0.141,0.353,0.177,0.136,0.079,0.157,0.144,,0.606,,,,,,,,0.153,0.166,0.095,0.143,0.293,,,,,0.108,0.178,0.587,,,0.543,0.623,,0.145,0.151,0.198,0.64,0.638,0.16,0.14,0.641,0.188,,,0.233,,,,,0.164,,,,0.159,,0.104,,0.155,0.116,0.117,0.104,,,,0.421,0.096,,,0.127,0.116
162,14014560,,0.568,0.57,,,,0.183,,,,,0.077,0.084,,0.202,0.094,,0.153,,,,,,,,0.383,,0.328,0.151,,,0.093,,0.404,0.27,,,,0.138,0.126,0.168,,,,0.075,0.467,0.512,0.477,,,,0.241,,0.09,,,,,,0.189,0.131,,,,0.202,0.165,0.054,0.124,,,,0.1,0.112,0.117,,0.241,,,,,,0.092,,,,,0.066,0.055,0.159,0.271,0.036,0.1,0.222,0.13,0.233,0.071,0.092,0.065,,,0.158,,,0.091,0.024,0.016,,0.04,0.189,,,,,,,,0.161,,0.089,0.203,,,0.023,,0.093,,0.099,0.167,0.089,0.164,0.141,0.353,0.176,0.135,0.078,0.158,0.143,,0.606,,,,,,,,0.153,0.166,0.095,0.143,0.293,,,,,0.108,0.178,0.587,,,0.543,0.623,,0.145,0.151,0.198,0.64,0.638,0.16,0.14,0.643,0.189,,,0.24,,,,,0.164,,,,0.159,,0.104,,0.155,0.114,0.119,0.102,,,,0.424,0.096,,,0.127,0.116
162,14014620,,0.568,0.57,,,,0.183,,,,,0.077,0.094,,0.202,0.084,,0.153,,,,,,,,0.383,,0.317,0.152,,,0.095,,0.404,0.268,,,,0.138,0.126,0.169,,,,0.075,0.467,0.512,0.477,,,,0.241,,0.091,,,,,,0.183,0.131,,,,0.202,0.165,0.054,0.124,,,,0.099,0.112,0.116,,0.24,,,,,,0.093,,,,,0.066,0.055,0.158,0.268,0.036,0.1,0.213,0.131,0.23,0.071,0.092,0.066,,,0.158,,,0.092,0.023,0.016,,0.04,0.189,,,,,,,,0.164,,0.089,0.213,,,0.024,,0.093,,0.1,0.168,0.089,0.164,0.14,0.353,0.178,0.135,0.079,0.156,0.144,,0.606,,,,,,,,0.118,0.166,0.095,0.143,0.292,,,,,0.108,0.178,0.587,,,0.543,0.623,,0.145,0.152,0.197,0.64,0.638,0.16,0.141,0.648,0.187,,,0.242,,,,,0.164,,,,0.159,,0.104,,0.154,0.114,0.117,0.101,,,,0.422,0.096,,,0.127,0.116
162,14014680,,0.568,0.57,,,,0.183,,,,,0.077,0.131,,0.202,0.093,,0.153,,,,,,,,0.383,,0.346,0.152,,,0.096,,0.404,0.268,,,,0.138,0.126,0.166,,,,0.075,0.467,0.511,0.477,,,,0.241,,0.092,,,,,,0.185,0.13,,,,0.202,0.165,0.054,0.124,,,,0.1,0.111,0.116,,0.24,,,,,,0.094,,,,,0.066,0.055,0.154,0.279,0.036,0.1,0.219,0.131,0.236,0.071,0.092,0.066,,,0.158,,,0.092,0.023,0.016,,0.04,0.189,,,,,,,,0.167,,0.09,0.213,,,0.023,,0.093,,0.101,0.166,0.088,0.164,0.14,0.353,0.18,0.135,0.081,0.157,0.144,,0.606,,,,,,,,0.118,0.166,0.095,0.143,0.292,,,,,0.108,0.178,0.586,,,0.543,0.623,,0.144,0.152,0.197,0.64,0.638,0.16,0.141,0.642,0.186,,,0.241,,,,,0.165,,,,0.158,,0.102,,0.154,0.115,0.118,0.099,,,,0.421,0.096,,,0.127,0.116
162,14014740,,0.568,0.57,,,,0.183,,,,,0.077,0.145,,0.202,0.088,,0.153,,,,,,,,0.383,,0.369,0.153,,,0.096,,0.404,0.269,,,,0.138,0.126,0.169,,,,0.075,0.467,0.511,0.478,,,,0.241,,0.091,,,,,,0.183,0.13,,,,0.202,0.165,0.054,0.125,,,,0.1,0.111,0.116,,0.24,,,,,,0.094,,,,,0.066,0.055,0.159,0.287,0.036,0.1,0.235,0.131,0.234,0.071,0.092,0.067,,,0.158,,,0.09,0.023,0.016,,0.04,0.189,,,,,,,,0.162,,0.09,0.208,,,0.023,,0.093,,0.1,0.165,0.089,0.164,0.14,0.353,0.178,0.137,0.082,0.158,0.144,,0.606,,,,,,,,0.118,0.166,0.095,0.143,0.292,,,,,0.108,0.178,0.586,,,0.543,0.623,,0.144,0.151,0.197,0.64,0.638,0.16,0.141,0.639,0.185,,,0.245,,,,,0.165,,,,0.159,,0.103,,0.154,0.113,0.117,0.097,,,,0.421,0.096,,,0.127,0.116
162,14014800,,0.568,0.57,,,,0.183,,,,,0.077,0.107,,0.202,0.102,,0.153,,,,,,,,0.383,,0.358,0.152,,,0.095,,0.404,0.271,,,,0.138,0.126,0.168,,,,0.081,0.469,0.511,0.478,,,,0.241,,0.093,,,,,,0.188,0.133,,,,0.202,0.164,0.054,0.124,,,,0.1,0.113,0.12,,0.257,,,,,,0.093,,,,,0.066,0.055,0.16,0.283,0.036,0.1,0.227,0.132,0.24,0.071,0.092,0.066,,,0.159,,,0.091,0.023,0.016,,0.04,0.189,,,,,,,,0.165,,0.089,0.212,,,0.023,,0.093,,0.099,0.166,0.089,0.164,0.141,0.353,0.175,0.136,0.082,0.157,0.144,,0.606,,,,,,,,0.12,0.172,0.095,0.143,0.299,,,,,0.109,0.178,0.586,,,0.543,0.623,,0.144,0.15,0.197,0.64,0.638,0.16,0.142,0.638,0.184,,,0.247,,,,,0.165,,,,0.17,,0.104,,0.153,0.115,0.118,0.097,,,,0.423,0.096,,,0.127,0.116
162,14014860,,0.568,0.57,,,,0.183,,,,,0.077,0.09,,0.202,0.089,,0.153,,,,,,,,0.383,,0.346,0.156,,,0.095,,0.404,0.267,,,,0.138,0.126,0.168,,,,0.08,0.469,0.512,0.478,,,,0.241,,0.09,,,,,,0.208,0.132,,,,0.202,0.165,0.054,0.124,,,,0.1,0.114,0.121,,0.276,,,,,,0.093,,,,,0.066,0.055,0.161,0.278,0.036,0.1,0.215,0.132,0.235,0.071,0.092,0.068,,,0.159,,,0.092,0.023,0.016,,0.04,0.189,,,,,,,,0.16,,0.09,0.22,,,0.024,,0.094,,0.1,0.166,0.088,0.163,0.141,0.353,0.182,0.136,0.081,0.157,0.143,,0.606,,,,,,,,0.119,0.185,0.095,0.143,0.343,,,,,0.109,0.178,0.587,,,0.543,0.623,,0.144,0.15,0.199,0.64,0.638,0.16,0.142,0.636,0.185,,,0.245,,,,,0.164,,,,0.166,,0.104,,0.153,0.114,0.117,0.107,,,,0.422,0.096,,,0.127,0.116
162,14014920,,0.567,0.57,,,,0.183,,,,,0.077,0.105,,0.202,0.102,,0.153,,,,,,,,0.383,,0.337,0.146,,,0.096,,0.404,0.269,,,,0.138,0.126,0.169,,,,0.078,0.469,0.512,0.478,,,,0.241,,0.089,,,,,,0.215,0.131,,,,0.202,0.165,0.054,0.124,,,,0.1,0.113,0.119,,0.267,,,,,,0.093,,,,,0.066,0.055,0.161,0.266,0.036,0.1,0.215,0.131,0.238,0.071,0.093,0.066,,,0.16,,,0.092,0.023,0.016,,0.04,0.189,,,,,,,,0.162,,0.092,0.244,,,0.023,,0.093,,0.1,0.166,0.089,0.164,0.141,0.353,0.199,0.149,0.08,0.158,0.144,,0.606,,,,,,,,0.119,0.18,0.095,0.143,0.341,,,,,0.108,0.178,0.587,,,0.543,0.623,,0.144,0.151,0.198,0.64,0.638,0.16,0.142,0.642,0.184,,,0.249,,,,,0.164,,,,0.166,,0.104,,0.153,0.116,0.117,0.107,,,,0.422,0.096,,,0.127,0.116
162,14014980,,0.568,0.57,,,,0.183,,,,,0.077,0.114,,0.202,0.091,,0.153,,,,,,,,0.383,,0.348,0.143,,,0.095,,0.404,0.269,,,,0.138,0.126,0.168,,,,0.078,0.469,0.512,0.478,,,,0.241,,0.09,,,,,,0.209,0.134,,,,0.202,0.165,0.054,0.124,,,,0.101,0.113,0.118,,0.253,,,,,,0.094,,,,,0.066,0.055,0.168,0.272,0.036,0.1,0.208,0.131,0.244,0.071,0.092,0.066,,,0.162,,,0.091,0.023,0.016,,0.04,0.189,,,,,,,,0.157,,0.093,0.243,,,0.023,,0.093,,0.1,0.166,0.089,0.164,0.142,0.353,0.199,0.15,0.079,0.158,0.144,,0.606,,,,,,,,0.119,0.175,0.095,0.143,0.338,,,,,0.108,0.178,0.587,,,0.543,0.623,,0.145,0.15,0.198,0.64,0.638,0.16,0.141,0.643,0.183,,,0.246,,,,,0.164,,,,0.166,,0.104,,0.153,0.114,0.118,0.105,,,,0.421,0.096,,,0.127,0.116
162,14015040,,0.568,0.57,,,,0.183,,,,,0.077,0.118,,0.201,0.103,,0.153,,,,,,,,0.383,,0.342,0.144,,,0.095,,0.404,0.269,,,,0.138,0.126,0.168,,,,0.077,0.468,0.512,0.478,,,,0.241,,0.09,,,,,,0.195,0.133,,,,0.202,0.165,0.054,0.124,,,,0.101,0.112,0.117,,0.245,,,,,,0.093,,,,,0.066,0.055,0.163,0.295,0.036,0.1,0.213,0.131,0.238,0.071,0.092,0.066,,,0.161,,,0.092,0.023,0.017,,0.043,0.189,,,,,,,,0.158,,0.093,0.242,,,0.023,,0.093,,0.099,0.167,0.09,0.159,0.142,0.353,0.187,0.148,0.079,0.157,0.143,,0.606,,,,,,,,0.119,0.173,0.095,0.143,0.331,,,,,0.108,0.178,0.587,,,0.543,0.623,,0.145,0.15,0.198,0.64,0.638,0.16,0.141,0.639,0.184,,,0.248,,,,,0.165,,,,0.166,,0.104,,0.153,0.115,0.117,0.099,,,,0.419,0.096,,,0.127,0.116
162,14015100,,0.568,0.57,,,,0.183,,,,,0.077,0.093,,0.201,0.088,,0.153,,,,,,,,0.383,,0.337,0.144,,,0.096,,0.404,0.271,,,,0.138,0.127,0.169,,,,0.077,0.467,0.512,0.478,,,,0.241,,0.091,,,,,,0.189,0.131,,,,0.202,0.166,0.054,0.124,,,,0.1,0.111,0.116,,0.242,,,,,,0.094,,,,,0.066,0.055,0.167,0.292,0.036,0.1,0.209,0.131,0.241,0.071,0.092,0.065,,,0.161,,,0.092,0.023,0.016,,0.043,0.189,,,,,,,,0.157,,0.094,0.249,,,0.024,,0.094,,0.1,0.167,0.088,0.159,0.142,0.353,0.181,0.141,0.081,0.157,0.144,,0.606,,,,,,,,0.12,0.171,0.095,0.143,0.322,,,,,0.108,0.178,0.587,,,0.543,0.623,,0.144,0.151,0.198,0.64,0.638,0.16,0.141,0.639,0.185,,,0.244,,,,,0.164,,,,0.165,,0.104,,0.153,0.115,0.116,0.104,,,,0.42,0.096,,,0.127,0.116
162,14015160,,0.568,0.57,,,,0.183,,,,,0.077,0.102,,0.2,0.088,,0.153,,,,,,,,0.383,,0.347,0.144,,,0.096,,0.404,0.271,,,,0.138,0.127,0.167,,,,0.077,0.467,0.512,0.478,,,,0.241,,0.09,,,,,,0.21,0.131,,,,0.202,0.165,0.054,0.124,,,,0.1,0.112,0.116,,0.245,,,,,,0.094,,,,,0.066,0.055,0.168,0.29,0.036,0.1,0.199,0.131,0.242,0.071,0.092,0.065,,,0.16,,,0.092,0.024,0.017,,0.043,0.189,,,,,,,,0.161,,0.095,0.247,,,0.023,,0.094,,0.1,0.166,0.089,0.16,0.142,0.352,0.186,0.139,0.08,0.159,0.145,,0.606,,,,,,,,0.12,0.17,0.095,0.143,0.314,,,,,0.108,0.178,0.587,,,0.543,0.623,,0.145,0.152,0.198,0.64,0.638,0.16,0.141,0.639,0.189,,,0.242,,,,,0.165,,,,0.164,,0.104,,0.153,0.116,0.117,0.112,,,,0.42,0.096,,,0.127,0.116
162,14015220,,0.568,0.57,,,,0.183,,,,,0.077,0.118,,0.201,0.096,,0.153,,,,,,,,0.382,,0.352,0.145,,,0.095,,0.404,0.27,,,,0.138,0.126,0.168,,,,0.077,0.467,0.512,0.478,,,,0.241,,0.091,,,,,,0.198,0.131,,,,0.202,0.166,0.054,0.125,,,,0.101,0.112,0.116,,0.243,,,,,,0.093,,,,,0.066,0.055,0.169,0.285,0.036,0.1,0.193,0.132,0.251,0.071,0.092,0.065,,,0.161,,,0.092,0.023,0.016,,0.043,0.189,,,,,,,,0.162,,0.091,0.241,,,0.023,,0.093,,0.099,0.167,0.09,0.159,0.142,0.352,0.182,0.139,0.08,0.157,0.144,,0.606,,,,,,,,0.12,0.169,0.095,0.143,0.306,,,,,0.108,0.178,0.587,,,0.543,0.623,,0.145,0.15,0.198,0.64,0.638,0.16,0.14,0.645,0.19,,,0.243,,,,,0.165,,,,0.164,,0.104,,0.153,0.116,0.118,0.111,,,,0.42,0.096,,,0.127,0.116
162,14015280,,0.568,0.57,,,,0.183,,,,,0.077,0.104,,0.202,0.09,,0.153,,,,,,,,0.382,,0.335,0.145,,,0.095,,0.404,0.27,,,,0.137,0.126,0.169,,,,0.077,0.467,0.512,0.478,,,,0.241,,0.091,,,,,,0.191,0.13,,,,0.202,0.165,0.054,0.124,,,,0.1,0.112,0.115,,0.241,,,,,,0.093,,,,,0.066,0.055,0.159,0.274,0.036,0.1,0.212,0.132,0.255,0.071,0.092,0.067,,,0.161,,,0.092,0.023,0.016,,0.043,0.189,,,,,,,,0.155,,0.09,0.231,,,0.024,,0.093,,0.1,0.167,0.09,0.159,0.143,0.352,0.175,0.138,0.08,0.158,0.144,,0.606,,,,,,,,0.12,0.168,0.095,0.143,0.301,,,,,0.108,0.178,0.586,,,0.543,0.623,,0.145,0.15,0.198,0.64,0.638,0.16,0.141,0.645,0.188,,,0.244,,,,,0.166,,,,0.163,,0.104,,0.153,0.114,0.118,0.108,,,,0.42,0.097,,,0.127,0.116
162,14015340,,0.568,0.57,,,,0.183,,,,,0.077,0.125,,0.202,0.091,,0.153,,,,,,,,0.382,,0.311,0.145,,,0.096,,0.404,0.269,,,,0.137,0.126,0.168,,,,0.077,0.467,0.484,0.478,,,,0.241,,0.09,,,,,,0.189,0.13,,,,0.202,0.165,0.054,0.125,,,,0.1,0.111,0.116,,0.242,,,,,,0.095,,,,,0.066,0.055,0.158,0.26,0.036,0.1,0.219,0.132,0.249,0.071,0.092,0.066,,,0.16,,,0.055,0.023,0.016,,0.043,0.189,,,,,,,,0.158,,0.09,0.232,,,0.024,,0.093,,0.101,0.166,0.09,0.16,0.141,0.351,0.169,0.136,0.079,0.158,0.144,,0.607,,,,,,,,0.12,0.168,0.095,0.143,0.296,,,,,0.108,0.178,0.587,,,0.543,0.623,,0.145,0.151,0.198,0.64,0.638,0.16,0.14,0.643,0.188,,,0.245,,,,,0.165,,,,0.163,,0.104,,0.153,0.115,0.116,0.107,,,,0.419,0.096,,,0.127,0.115
162,14015400,,0.568,0.57,,,,0.183,,,,,0.077,0.137,,0.202,0.09,,0.153,,,,,,,,0.383,,0.312,0.146,,,0.097,,0.404,0.268,,,,0.137,0.126,0.169,,,,0.079,0.467,0.492,0.478,,,,0.241,,0.09,,,,,,0.188,0.131,,,,0.202,0.165,0.054,0.124,,,,0.1,0.112,0.117,,0.244,,,,,,0.095,,,,,0.066,0.055,0.16,0.296,0.036,0.1,0.226,0.132,0.252,0.071,0.093,0.065,,,0.159,,,0.055,0.023,0.016,,0.043,0.189,,,,,,,,0.161,,0.09,0.229,,,0.024,,0.094,,0.1,0.166,0.091,0.16,0.141,0.351,0.178,0.137,0.08,0.158,0.139,,0.607,,,,,,,,0.12,0.168,0.095,0.143,0.293,,,,,0.108,0.178,0.587,,,0.543,0.623,,0.145,0.152,0.198,0.64,0.638,0.16,0.14,0.646,0.188,,,0.249,,,,,0.165,,,,0.162,,0.103,,0.154,0.115,0.117,0.106,,,,0.42,0.096,,,0.127,0.115
162,14015460,,0.568,0.57,,,,0.183,,,,,0.077,0.128,,0.202,0.088,,0.153,,,,,,,,0.383,,0.334,0.146,,,0.095,,0.404,0.27,,,,0.137,0.125,0.17,,,,0.078,0.467,0.492,0.478,,,,0.241,,0.091,,,,,,0.185,0.131,,,,0.202,0.165,0.054,0.123,,,,0.1,0.112,0.117,,0.243,,,,,,0.094,,,,,0.066,0.055,0.156,0.28,0.036,0.1,0.21,0.132,0.254,0.071,0.093,0.066,,,0.16,,,0.054,0.023,0.016,,0.043,0.189,,,,,,,,0.162,,0.091,0.228,,,0.024,,0.093,,0.099,0.173,0.092,0.159,0.142,0.35,0.177,0.137,0.079,0.157,0.139,,0.607,,,,,,,,0.12,0.168,0.095,0.143,0.292,,,,,0.108,0.178,0.587,,,0.543,0.623,,0.145,0.151,0.198,0.64,0.638,0.16,0.14,0.645,0.189,,,0.251,,,,,0.166,,,,0.162,,0.104,,0.153,0.114,0.117,0.106,,,,0.42,0.096,,,0.127,0.115
162,14015520,,0.568,0.57,,,,0.183,,,,,0.077,0.108,,0.202,0.088,,0.153,,,,,,,,0.383,,0.345,0.147,,,0.095,,0.404,0.27,,,,0.137,0.126,0.169,,,,0.077,0.467,0.492,0.478,,,,0.241,,0.091,,,,,,0.184,0.131,,,,0.202,0.165,0.054,0.123,,,,0.099,0.112,0.116,,0.241,,,,,,0.094,,,,,0.066,0.055,0.161,0.285,0.036,0.1,0.22,0.132,0.258,0.071,0.093,0.065,,,0.16,,,0.055,0.023,0.016,,0.043,0.189,,,,,,,,0.153,,0.09,0.21,,,0.023,,0.093,,0.1,0.173,0.093,0.159,0.142,0.351,0.174,0.137,0.079,0.159,0.139,,0.607,,,,,,,,0.12,0.168,0.095,0.143,0.291,,,,,0.108,0.178,0.586,,,0.543,0.623,,0.145,0.15,0.198,0.64,0.638,0.16,0.14,0.637,0.187,,,0.25,,,,,0.166,,,,0.162,,0.103,,0.153,0.115,0.116,0.106,,,,0.419,0.096,,,0.127,0.115
162,14015580,,0.568,0.57,,,,0.183,,,,,0.077,0.122,,0.202,0.098,,0.153,,,,,,,,0.384,,0.334,0.147,,,0.096,,0.405,0.272,,,,0.137,0.126,0.169,,,,0.076,0.467,0.513,0.479,,,,0.241,,0.09,,,,,,0.186,0.131,,,,0.202,0.165,0.054,0.123,,,,0.1,0.112,0.116,,0.241,,,,,,0.095,,,,,0.066,0.055,0.162,0.278,0.036,0.1,0.212,0.131,0.257,0.071,0.093,0.066,,,0.16,,,0.055,0.023,0.016,,0.043,0.189,,,,,,,,0.17,,0.09,0.192,,,0.023,,0.094,,0.101,0.172,0.094,0.16,0.142,0.352,0.181,0.137,0.08,0.157,0.14,,0.607,,,,,,,,0.12,0.168,0.095,0.143,0.291,,,,,0.108,0.178,0.586,,,0.543,0.623,,0.145,0.151,0.198,0.64,0.638,0.16,0.14,0.638,0.186,,,0.251,,,,,0.165,,,,0.161,,0.104,,0.153,0.116,0.116,0.103,,,,0.418,0.097,,,0.127,0.115
162,14015640,,0.568,0.57,,,,0.183,,,,,0.078,0.091,,0.202,0.098,,0.153,,,,,,,,0.384,,0.313,0.146,,,0.097,,0.405,0.272,,,,0.137,0.126,0.169,,,,0.077,0.467,0.513,0.479,,,,0.241,,0.089,,,,,,0.189,0.131,,,,0.202,0.165,0.054,0.123,,,,0.1,0.112,0.116,,0.241,,,,,,0.095,,,,,0.066,0.055,0.162,0.272,0.036,0.1,0.203,0.131,0.175,0.071,0.092,0.066,,,0.159,,,0.056,0.023,0.016,,0.043,0.189,,,,,,,,0.172,,0.091,0.187,,,0.023,,0.094,,0.101,0.173,0.089,0.16,0.141,0.352,0.183,0.137,0.082,0.158,0.139,,0.607,,,,,,,,0.12,0.168,0.095,0.143,0.29,,,,,0.108,0.178,0.586,,,0.543,0.623,,0.144,0.151,0.198,0.64,0.638,0.16,0.14,0.638,0.186,,,0.252,,,,,0.165,,,,0.161,,0.105,,0.152,0.117,0.117,0.102,,,,0.417,0.097,,,0.127,0.115
162,14015700,,0.568,0.57,,,,0.183,,,,,0.078,0.09,,0.2,0.143,,0.153,,,,,,,,0.39,,0.282,0.147,,,0.095,,0.405,0.275,,,,0.137,0.125,0.169,,,,0.076,0.47,0.513,0.479,,,,0.241,,0.09,,,,,,0.187,0.13,,,,0.202,0.165,0.055,0.123,,,,0.099,0.112,0.116,,0.243,,,,,,0.093,,,,,0.066,0.055,0.159,0.264,0.036,0.1,0.213,0.132,0.178,0.071,0.092,0.066,,,0.159,,,0.055,0.023,0.016,,0.043,0.189,,,,,,,,0.169,,0.091,0.19,,,0.024,,0.093,,0.1,0.173,0.09,0.159,0.141,0.352,0.18,0.14,0.081,0.158,0.139,,0.607,,,,,,,,0.12,0.168,0.095,0.143,0.291,,,,,0.108,0.178,0.586,,,0.543,0.623,,0.144,0.151,0.198,0.64,0.638,0.16,0.139,0.639,0.186,,,0.254,,,,,0.165,,,,0.16,,0.104,,0.152,0.113,0.116,0.101,,,,0.419,0.096,,,0.127,0.115
162,14015760,,0.568,0.57,,,,0.183,,,,,0.079,0.107,,0.2,0.16,,0.153,,,,,,,,0.386,,0.296,0.148,,,0.095,,0.405,0.274,,,,0.137,0.125,0.164,,,,0.076,0.47,0.513,0.479,,,,0.241,,0.091,,,,,,0.184,0.13,,,,0.202,0.166,0.054,0.123,,,,0.1,0.112,0.118,,0.248,,,,,,0.094,,,,,0.066,0.055,0.157,0.28,0.036,0.1,0.202,0.132,0.18,0.071,0.092,0.067,,,0.159,,,0.055,0.024,0.016,,0.043,0.189,,,,,,,,0.171,,0.089,0.198,,,0.023,,0.093,,0.1,0.173,0.09,0.159,0.141,0.352,0.178,0.139,0.082,0.158,0.139,,0.607,,,,,,,,0.12,0.168,0.095,0.143,0.291,,,,,0.108,0.178,0.587,,,0.543,0.623,,0.145,0.151,0.198,0.64,0.638,0.16,0.139,0.637,0.188,,,0.251,,,,,0.166,,,,0.16,,0.103,,0.152,0.114,0.117,0.099,,,,0.422,0.097,,,0.127,0.115
162,14015820,,0.568,0.57,,,,0.183,,,,,0.078,0.109,,0.2,0.132,,0.153,,,,,,,,0.386,,0.298,0.147,,,0.096,,0.405,0.273,,,,0.137,0.125,0.165,,,,0.076,0.47,0.513,0.479,,,,0.241,,0.091,,,,,,0.182,0.131,,,,0.202,0.166,0.054,0.124,,,,0.1,0.112,0.118,,0.244,,,,,,0.094,,,,,0.066,0.055,0.16,0.281,0.036,0.1,0.209,0.132,0.181,0.071,0.092,0.066,,,0.159,,,0.056,0.023,0.016,,0.043,0.189,,,,,,,,0.153,,0.09,0.217,,,0.023,,0.094,,0.101,0.172,0.088,0.16,0.141,0.352,0.175,0.138,0.082,0.157,0.134,,0.607,,,,,,,,0.12,0.167,0.095,0.143,0.29,,,,,0.108,0.178,0.587,,,0.544,0.623,,0.145,0.151,0.199,0.64,0.638,0.16,0.14,0.637,0.189,,,0.246,,,,,0.164,,,,0.16,,0.105,,0.152,0.115,0.115,0.098,,,,0.421,0.097,,,0.127,0.115
162,14015880,,0.568,0.57,,,,0.183,,,,,0.078,0.128,,0.2,0.108,,0.153,,,,,,,,0.387,,0.293,0.149,,,0.094,,0.405,0.27,,,,0.137,0.126,0.164,,,,0.076,0.47,0.513,0.479,,,,0.241,,0.091,,,,,,0.19,0.131,,,,0.202,0.166,0.054,0.123,,,,0.1,0.112,0.118,,0.241,,,,,,0.094,,,,,0.066,0.055,0.167,0.278,0.036,0.1,0.206,0.132,0.177,0.071,0.092,0.066,,,0.159,,,0.056,0.023,0.016,,0.043,0.189,,,,,,,,0.176,,0.091,0.24,,,0.023,,0.093,,0.1,0.173,0.089,0.159,0.141,0.352,0.174,0.136,0.082,0.158,0.135,,0.607,,,,,,,,0.12,0.167,0.095,0.143,0.29,,,,,0.108,0.178,0.587,,,0.544,0.623,,0.145,0.151,0.198,0.64,0.638,0.16,0.14,0.641,0.195,,,0.246,,,,,0.164,,,,0.163,,0.103,,0.152,0.116,0.116,0.096,,,,0.419,0.097,,,0.127,0.115
162,14015940,,0.568,0.57,,,,0.183,,,,,0.078,0.119,,0.2,0.089,,0.153,,,,,,,,0.387,,0.294,0.149,,,0.092,,0.405,0.269,,,,0.137,0.126,0.166,,,,0.076,0.47,0.513,0.479,,,,0.241,,0.092,,,,,,0.186,0.131,,,,0.202,0.165,0.054,0.122,,,,0.1,0.112,0.117,,0.24,,,,,,0.095,,,,,0.066,0.055,0.172,0.283,0.036,0.1,0.215,0.131,0.173,0.071,0.092,0.066,,,0.159,,,0.056,0.023,0.016,,0.043,0.189,,,,,,,,0.155,,0.09,0.244,,,0.023,,0.093,,0.1,0.173,0.089,0.158,0.141,0.351,0.185,0.136,0.081,0.158,0.135,,0.607,,,,,,,,0.12,0.168,0.095,0.143,0.289,,,,,0.108,0.178,0.587,,,0.544,0.623,,0.145,0.151,0.198,0.64,0.638,0.16,0.141,0.635,0.195,,,0.249,,,,,0.165,,,,0.163,,0.104,,0.152,0.113,0.115,0.095,,,,0.418,0.096,,,0.127,0.115
162,14016000,,0.568,0.57,,,,0.183,,,,,0.081,0.12,,0.2,0.145,,0.153,,,,,,,,0.391,,0.304,0.149,,,0.093,,0.405,0.269,,,,0.137,0.126,0.164,,,,0.077,0.469,0.513,0.478,,,,0.241,,0.094,,,,,,0.186,0.131,,,,0.202,0.166,0.054,0.124,,,,0.1,0.112,0.117,,0.248,,,,,,0.094,,,,,0.066,0.055,0.158,0.291,0.036,0.1,0.205,0.132,0.172,0.071,0.092,0.067,,,0.159,,,0.056,0.033,0.044,,0.043,0.189,,,,,,,,0.164,,0.09,0.254,,,0.023,,0.094,,0.1,0.166,0.089,0.159,0.141,0.352,0.184,0.137,0.081,0.157,0.134,,0.607,,,,,,,,0.12,0.169,0.095,0.143,0.291,,,,,0.108,0.178,0.587,,,0.544,0.623,,0.144,0.151,0.198,0.64,0.638,0.16,0.141,0.636,0.194,,,0.249,,,,,0.166,,,,0.162,,0.104,,0.152,0.114,0.115,0.094,,,,0.42,0.096,,,0.127,0.115
162,14016060,,0.568,0.57,,,,0.183,,,,,0.08,0.105,,0.2,0.151,,0.153,,,,,,,,0.391,,0.299,0.149,,,0.093,,0.405,0.269,,,,0.137,0.126,0.165,,,,0.076,0.468,0.513,0.478,,,,0.241,,0.091,,,,,,0.187,0.131,,,,0.202,0.165,0.053,0.124,,,,0.1,0.113,0.118,,0.248,,,,,,0.095,,,,,0.066,0.055,0.157,0.267,0.036,0.1,0.21,0.132,0.179,0.071,0.092,0.066,,,0.159,,,0.056,0.023,0.016,,0.043,0.189,,,,,,,,0.157,,0.092,0.261,,,0.024,,0.093,,0.101,0.166,0.089,0.16,0.141,0.353,0.177,0.136,0.081,0.158,0.134,,0.607,,,,,,,,0.12,0.167,0.095,0.143,0.29,,,,,0.108,0.178,0.587,,,0.544,0.623,,0.144,0.152,0.197,0.64,0.638,0.16,0.141,0.644,0.193,,,0.246,,,,,0.165,,,,0.161,,0.104,,0.152,0.115,0.116,0.094,,,,0.421,0.094,,,0.127,0.115
162,14016120,,0.568,0.57,,,,0.183,,,,,0.08,0.114,,0.2,0.105,,0.153,,,,,,,,0.391,,0.281,0.149,,,0.093,,0.405,0.267,,,,0.137,0.125,0.165,,,,0.076,0.468,0.513,0.478,,,,0.241,,0.09,,,,,,0.184,0.131,,,,0.202,0.167,0.053,0.123,,,,0.101,0.113,0.118,,0.246,,,,,,0.095,,,,,0.066,0.055,0.165,0.275,0.036,0.1,0.208,0.132,0.172,0.071,0.092,0.067,,,0.159,,,0.056,0.024,0.016,,0.043,0.189,,,,,,,,0.161,,0.092,0.283,,,0.023,,0.093,,0.101,0.167,0.089,0.159,0.141,0.353,0.172,0.137,0.082,0.158,0.135,,0.606,,,,,,,,0.12,0.167,0.095,0.143,0.289,,,,,0.108,0.178,0.587,,,0.544,0.623,,0.144,0.151,0.197,0.64,0.638,0.16,0.141,0.642,0.19,,,0.248,,,,,0.166,,,,0.161,,0.104,,0.152,0.116,0.115,0.094,,,,0.421,0.089,,,0.127,0.115
162,14016180,,0.568,0.57,,,,0.183,,,,,0.081,0.083,,0.202,0.094,,0.153,,,,,,,,0.391,,0.277,0.146,,,0.093,,0.405,0.271,,,,0.137,0.126,0.166,,,,0.076,0.468,0.513,0.479,,,,0.241,,0.09,,,,,,0.206,0.131,,,,0.202,0.167,0.053,0.124,,,,0.101,0.113,0.117,,0.244,,,,,,0.094,,,,,0.066,0.055,0.157,0.276,0.036,0.1,0.208,0.132,0.171,0.071,0.092,0.067,,,0.159,,,0.057,0.024,0.016,,0.043,0.189,,,,,,,,0.159,,0.092,0.303,,,0.023,,0.094,,0.1,0.166,0.09,0.159,0.141,0.353,0.172,0.137,0.081,0.157,0.135,,0.606,,,,,,,,0.12,0.167,0.095,0.143,0.289,,,,,0.108,0.178,0.587,,,0.544,0.623,,0.144,0.151,0.197,0.64,0.638,0.16,0.141,0.645,0.188,,,0.243,,,,,0.166,,,,0.161,,0.104,,0.152,0.115,0.116,0.104,,,,0.42,0.092,,,0.127,0.115
162,14016240,,0.568,0.57,,,,0.183,,,,,0.081,0.093,,0.201,0.086,,0.153,,,,,,,,0.391,,0.268,0.145,,,0.093,,0.405,0.272,,,,0.137,0.126,0.162,,,,0.076,0.468,0.513,0.479,,,,0.241,,0.091,,,,,,0.208,0.131,,,,0.202,0.168,0.054,0.124,,,,0.1,0.113,0.116,,0.242,,,,,,0.094,,,,,0.066,0.055,0.16,0.269,0.036,0.1,0.2,0.132,0.168,0.071,0.092,0.066,,,0.159,,,0.058,0.024,0.016,,0.043,0.189,,,,,,,,0.16,,0.093,0.284,,,0.023,,0.095,,0.101,0.167,0.09,0.16,0.141,0.354,0.171,0.137,0.081,0.158,0.134,,0.607,,,,,,,,0.12,0.168,0.095,0.143,0.289,,,,,0.108,0.178,0.586,,,0.544,0.623,,0.144,0.152,0.197,0.64,0.638,0.16,0.141,0.645,0.189,,,0.24,,,,,0.167,,,,0.16,,0.104,,0.152,0.114,0.116,0.105,,,,0.42,0.092,,,0.127,0.115
162,14016300,,0.568,0.57,,,,0.183,,,,,0.08,0.117,,0.202,0.089,,0.153,,,,,,,,0.391,,0.267,0.146,,,0.094,,0.405,0.271,,,,0.137,0.126,0.165,,,,0.076,0.468,0.513,0.479,,,,0.241,,0.089,,,,,,0.2,0.131,,,,0.202,0.167,0.055,0.126,,,,0.101,0.112,0.116,,0.243,,,,,,0.095,,,,,0.067,0.055,0.154,0.252,0.036,0.1,0.203,0.132,0.172,0.071,0.092,0.065,,,0.159,,,0.065,0.023,0.016,,0.043,0.188,,,,,,,,0.164,,0.094,0.305,,,0.023,,0.092,,0.101,0.167,0.089,0.159,0.142,0.353,0.175,0.138,0.08,0.159,0.134,,0.607,,,,,,,,0.124,0.167,0.095,0.143,0.288,,,,,0.108,0.178,0.587,,,0.544,0.623,,0.144,0.152,0.197,0.64,0.638,0.16,0.141,0.644,0.191,,,0.237,,,,,0.165,,,,0.16,,0.104,,0.152,0.115,0.115,0.102,,,,0.422,0.097,,,0.127,0.115
162,14016360,,0.568,0.57,,,,0.183,,,,,0.081,0.097,,0.202,0.088,,0.153,,,,,,,,0.391,,0.278,0.146,,,0.093,,0.405,0.271,,,,0.137,0.126,0.166,,,,0.076,0.469,0.513,0.478,,,,0.241,,0.09,,,,,,0.213,0.132,,,,0.202,0.168,0.055,0.124,,,,0.101,0.112,0.116,,0.239,,,,,,0.095,,,,,0.066,0.055,0.159,0.252,0.036,0.1,0.205,0.132,0.181,0.071,0.091,0.065,,,0.159,,,0.066,0.024,0.016,,0.043,0.188,,,,,,,,0.175,,0.091,0.315,,,0.023,,0.093,,0.101,0.166,0.09,0.159,0.141,0.353,0.178,0.137,0.079,0.157,0.134,,0.607,,,,,,,,0.121,0.167,0.095,0.143,0.288,,,,,0.108,0.178,0.586,,,0.544,0.623,,0.144,0.152,0.197,0.64,0.638,0.16,0.141,0.642,0.191,,,0.24,,,,,0.166,,,,0.16,,0.103,,0.152,0.116,0.116,0.111,,,,0.421,0.097,,,0.127,0.115
162,14016420,,0.568,0.57,,,,0.183,,,,,0.08,0.094,,0.202,0.083,,0.153,,,,,,,,0.391,,0.306,0.146,,,0.093,,0.405,0.271,,,,0.137,0.126,0.166,,,,0.076,0.469,0.513,0.479,,,,0.241,,0.09,,,,,,0.202,0.133,,,,0.202,0.168,0.055,0.124,,,,0.1,0.112,0.116,,0.24,,,,,,0.094,,,,,0.066,0.055,0.156,0.268,0.036,0.1,0.205,0.132,0.176,0.071,0.091,0.067,,,0.16,,,0.065,0.023,0.016,,0.043,0.188,,,,,,,,0.177,,0.09,0.324,,,0.023,,0.094,,0.101,0.166,0.091,0.159,0.139,0.353,0.172,0.137,0.079,0.157,0.134,,0.607,,,,,,,,0.121,0.167,0.095,0.143,0.288,,,,,0.108,0.178,0.586,,,0.544,0.623,,0.145,0.151,0.197,0.64,0.638,0.16,0.141,0.633,0.19,,,0.238,,,,,0.166,,,,0.16,,0.104,,0.152,0.114,0.116,0.108,,,,0.421,0.098,,,0.127,0.115
162,14016480,,0.568,0.57,,,,0.183,,,,,0.08,0.12,,0.202,0.082,,0.153,,,,,,,,0.391,,0.29,0.147,,,0.094,,0.405,0.273,,,,0.137,0.126,0.164,,,,0.076,0.469,0.514,0.479,,,,0.241,,0.09,,,,,,0.193,0.132,,,,0.202,0.168,0.055,0.125,,,,0.101,0.112,0.116,,0.242,,,,,,0.094,,,,,0.066,0.055,0.157,0.289,0.036,0.1,0.206,0.132,0.176,0.071,0.091,0.066,,,0.159,,,0.067,0.023,0.016,,0.043,0.188,,,,,,,,0.155,,0.09,0.316,,,0.023,,0.094,,0.101,0.167,0.09,0.159,0.143,0.353,0.173,0.138,0.079,0.158,0.134,,0.607,,,,,,,,0.121,0.167,0.095,0.143,0.288,,,,,0.108,0.178,0.586,,,0.544,0.623,,0.147,0.152,0.196,0.64,0.638,0.16,0.141,0.63,0.189,,,0.24,,,,,0.167,,,,0.159,,0.104,,0.152,0.115,0.117,0.102,,,,0.42,0.099,,,0.127,0.115
162,14016540,,0.568,0.57,,,,0.183,,,,,0.08,0.118,,0.202,0.096,,0.153,,,,,,,,0.391,,0.285,0.147,,,0.094,,0.405,0.275,,,,0.137,0.126,0.165,,,,0.076,0.469,0.514,0.479,,,,0.241,,0.09,,,,,,0.194,0.13,,,,0.202,0.168,0.055,0.125,,,,0.101,0.112,0.116,,0.244,,,,,,0.095,,,,,0.066,0.055,0.164,0.26,0.036,0.1,0.218,0.132,0.176,0.071,0.091,0.065,,,0.16,,,0.067,0.023,0.016,,0.043,0.188,,,,,,,,0.15,,0.09,0.318,,,0.023,,0.093,,0.102,0.168,0.091,0.16,0.142,0.353,0.173,0.137,0.079,0.158,0.135,,0.607,,,,,,,,0.121,0.167,0.095,0.143,0.288,,,,,0.108,0.178,0.586,,,0.544,0.623,,0.147,0.152,0.196,0.64,0.638,0.16,0.14,0.633,0.186,,,0.24,,,,,0.166,,,,0.159,,0.104,,0.152,0.116,0.116,0.102,,,,0.42,0.098,,,0.127,0.115
162,14016600,,0.568,0.57,,,,0.183,,,,,0.08,0.119,,0.202,0.09,,0.153,,,,,,,,0.391,,0.376,0.147,,,0.093,,0.405,0.276,,,,0.137,0.125,0.166,,,,0.076,0.471,0.514,0.479,,,,0.241,,0.091,,,,,,0.188,0.132,,,,0.202,0.168,0.055,0.125,,,,0.102,0.113,0.12,,0.257,,,,,,0.095,,,,,0.066,0.055,0.169,0.271,0.036,0.1,0.211,0.133,0.177,0.071,0.091,0.066,,,0.16,,,0.068,0.023,0.016,,0.043,0.188,,,,,,,,0.167,,0.091,0.317,,,0.023,,0.093,,0.1,0.167,0.092,0.16,0.142,0.354,0.173,0.136,0.079,0.158,0.134,,0.607,,,,,,,,0.121,0.167,0.095,0.143,0.289,,,,,0.109,0.178,0.586,,,0.544,0.623,,0.148,0.151,0.196,0.64,0.638,0.16,0.14,0.639,0.185,,,0.243,,,,,0.166,,,,0.163,,0.104,,0.152,0.115,0.116,0.101,,,,0.42,0.099,,,0.127,0.115
162,14016660,,0.568,0.57,,,,0.183,,,,,0.081,0.132,,0.2,0.088,,0.153,,,,,,,,0.391,,0.336,0.147,,,0.093,,0.405,0.277,,,,0.137,0.125,0.167,,,,0.076,0.471,0.514,0.479,,,,0.241,,0.091,,,,,,0.187,0.132,,,,0.202,0.169,0.055,0.124,,,,0.102,0.114,0.123,,0.253,,,,,,0.093,,,,,0.066,0.055,0.159,0.259,0.036,0.1,0.198,0.133,0.183,0.071,0.092,0.066,,,0.159,,,0.069,0.023,0.016,,0.043,0.188,,,,,,,,0.162,,0.09,0.318,,,0.023,,0.093,,0.101,0.167,0.093,0.16,0.142,0.354,0.169,0.136,0.08,0.158,0.134,,0.607,,,,,,,,0.121,0.167,0.095,0.143,0.289,,,,,0.109,0.178,0.587,,,0.544,0.623,,0.15,0.152,0.196,0.64,0.638,0.16,0.14,0.637,0.183,,,0.24,,,,,0.166,,,,0.165,,0.103,,0.151,0.114,0.115,0.099,,,,0.421,0.1,,,0.127,0.115
162,14016720,,0.568,0.57,,,,0.183,,,,,0.081,0.132,,0.2,0.09,,0.153,,,,,,,,0.391,,0.345,0.148,,,0.093,,0.405,0.277,,,,0.137,0.125,0.167,,,,0.076,0.471,0.514,0.479,,,,0.241,,0.09,,,,,,0.186,0.131,,,,0.202,0.168,0.055,0.125,,,,0.101,0.114,0.121,,0.244,,,,,,0.094,,,,,0.066,0.055,0.165,0.263,0.036,0.1,0.224,0.133,0.176,0.071,0.092,0.066,,,0.158,,,0.069,0.023,0.016,,0.05,0.188,,,,,,,,0.156,,0.09,0.299,,,0.024,,0.094,,0.102,0.168,0.093,0.16,0.142,0.355,0.171,0.137,0.08,0.159,0.135,,0.607,,,,,,,,0.121,0.167,0.095,0.143,0.288,,,,,0.108,0.178,0.587,,,0.544,0.623,,0.145,0.151,0.196,0.64,0.638,0.16,0.14,0.636,0.182,,,0.237,,,,,0.167,,,,0.163,,0.104,,0.151,0.115,0.116,0.099,,,,0.422,0.1,,,0.127,0.115
162,14016780,,0.568,0.57,,,,0.183,,,,,0.08,0.105,,0.199,0.087,,0.153,,,,,,,,0.391,,0.32,0.149,,,0.094,,0.405,0.275,,,,0.137,0.125,0.167,,,,0.076,0.471,0.514,0.479,,,,0.241,,0.091,,,,,,0.184,0.131,,,,0.202,0.168,0.055,0.124,,,,0.101,0.113,0.118,,0.24,,,,,,0.095,,,,,0.066,0.055,0.17,0.263,0.036,0.1,0.213,0.133,0.179,0.071,0.092,0.067,,,0.158,,,0.071,0.023,0.016,,0.043,0.188,,,,,,,,0.16,,0.091,0.295,,,0.023,,0.093,,0.102,0.167,0.093,0.16,0.141,0.355,0.168,0.137,0.08,0.158,0.134,,0.607,,,,,,,,0.121,0.167,0.095,0.143,0.288,,,,,0.108,0.178,0.587,,,0.544,0.623,,0.145,0.151,0.196,0.64,0.638,0.16,0.139,0.635,0.183,,,0.237,,,,,0.165,,,,0.163,,0.104,,0.15,0.114,0.116,0.098,,,,0.421,0.101,,,0.127,0.115
162,14016840,,0.568,0.57,,,,0.183,,,,,0.08,0.092,,0.199,0.075,,0.153,,,,,,,,0.391,,0.332,0.149,,,0.094,,0.405,0.273,,,,0.137,0.125,0.167,,,,0.076,0.47,0.514,0.479,,,,0.241,,0.09,,,,,,0.185,0.131,,,,0.202,0.168,0.055,0.125,,,,0.102,0.113,0.116,,0.241,,,,,,0.095,,,,,0.066,0.055,0.162,0.271,0.036,0.1,0.201,0.134,0.177,0.071,0.092,0.065,,,0.158,,,0.07,0.023,0.016,,0.043,0.188,,,,,,,,0.164,,0.091,0.275,,,0.024,,0.093,,0.1,0.167,0.089,0.159,0.141,0.355,0.169,0.137,0.081,0.157,0.134,,0.606,,,,,,,,0.121,0.167,0.095,0.143,0.288,,,,,0.108,0.178,0.587,,,0.544,0.623,,0.145,0.152,0.196,0.64,0.638,0.16,0.139,0.639,0.181,,,0.235,,,,,0.166,,,,0.162,,0.104,,0.15,0.116,0.117,0.097,,,,0.42,0.1,,,0.127,0.115
162,14016900,,0.568,0.57,,,,0.183,,,,,0.08,0.104,,0.199,0.075,,0.154,,,,,,,,0.391,,0.323,0.15,,,0.093,,0.405,0.273,,,,0.137,0.125,0.166,,,,0.076,0.469,0.514,0.479,,,,0.241,,0.091,,,,,,0.185,0.131,,,,0.202,0.168,0.055,0.125,,,,0.1,0.112,0.115,,0.241,,,,,,0.094,,,,,0.066,0.055,0.168,0.273,0.036,0.1,0.197,0.133,0.181,0.071,0.092,0.066,,,0.158,,,0.075,0.023,0.016,,0.043,0.188,,,,,,,,0.153,,0.09,0.271,,,0.024,,0.093,,0.101,0.167,0.089,0.16,0.141,0.354,0.173,0.136,0.081,0.159,0.134,,0.606,,,,,,,,0.121,0.167,0.095,0.143,0.287,,,,,0.108,0.178,0.587,,,0.544,0.623,,0.145,0.151,0.196,0.64,0.638,0.16,0.139,0.643,0.18,,,0.235,,,,,0.166,,,,0.162,,0.104,,0.15,0.115,0.118,0.097,,,,0.42,0.1,,,0.127,0.115
162,14016960,,0.568,0.57,,,,0.183,,,,,0.081,0.138,,0.2,0.083,,0.154,,,,,,,,0.391,,0.298,0.15,,,0.095,,0.405,0.273,,,,0.137,0.125,0.164,,,,0.076,0.469,0.514,0.479,,,,0.241,,0.09,,,,,,0.184,0.131,,,,0.202,0.169,0.055,0.125,,,,0.101,0.112,0.116,,0.244,,,,,,0.095,,,,,0.066,0.055,0.16,0.281,0.036,0.1,0.212,0.133,0.184,0.071,0.092,0.065,,,0.158,,,0.077,0.023,0.016,,0.043,0.188,,,,,,,,0.168,,0.091,0.261,,,0.024,,0.094,,0.102,0.167,0.09,0.159,0.141,0.354,0.169,0.136,0.081,0.158,0.134,,0.607,,,,,,,,0.121,0.167,0.096,0.143,0.287,,,,,0.108,0.178,0.587,,,0.544,0.623,,0.145,0.152,0.197,0.64,0.638,0.16,0.139,0.644,0.18,,,0.233,,,,,0.165,,,,0.162,,0.104,,0.15,0.114,0.116,0.097,,,,0.42,0.101,,,0.127,0.115
162,14017020,,0.568,0.57,,,,0.183,,,,,0.08,0.17,,0.199,0.087,,0.154,,,,,,,,0.391,,0.288,0.15,,,0.094,,0.405,0.274,,,,0.137,0.125,0.164,,,,0.076,0.47,0.514,0.479,,,,0.241,,0.091,,,,,,0.188,0.13,,,,0.202,0.169,0.055,0.124,,,,0.101,0.112,0.116,,0.243,,,,,,0.095,,,,,0.066,0.055,0.157,0.277,0.036,0.1,0.212,0.133,0.187,0.071,0.092,0.065,,,0.158,,,0.077,0.024,0.016,,0.043,0.188,,,,,,,,0.16,,0.091,0.262,,,0.024,,0.093,,0.102,0.167,0.088,0.16,0.141,0.354,0.168,0.136,0.081,0.158,0.134,,0.607,,,,,,,,0.121,0.167,0.096,0.143,0.287,,,,,0.108,0.178,0.587,,,0.544,0.623,,0.145,0.151,0.196,0.64,0.638,0.16,0.139,0.647,0.181,,,0.232,,,,,0.165,,,,0.162,,0.103,,0.15,0.115,0.116,0.096,,,,0.422,0.1,,,0.127,0.115
162,14017080,,0.568,0.57,,,,0.183,,,,,0.08,0.117,,0.199,0.099,,0.154,,,,,,,,0.392,,0.276,0.15,,,0.094,,0.405,0.273,,,,0.137,0.126,0.166,,,,0.076,0.47,0.514,0.479,,,,0.241,,0.092,,,,,,0.185,0.131,,,,0.202,0.168,0.055,0.124,,,,0.101,0.113,0.116,,0.244,,,,,,0.096,,,,,0.066,0.055,0.165,0.273,0.036,0.1,0.217,0.133,0.183,0.071,0.093,0.066,,,0.158,,,0.079,0.023,0.016,,0.043,0.188,,,,,,,,0.16,,0.09,0.264,,,0.024,,0.093,,0.101,0.167,0.089,0.16,0.141,0.354,0.169,0.136,0.081,0.159,0.135,,0.607,,,,,,,,0.122,0.166,0.096,0.143,0.287,,,,,0.108,0.178,0.586,,,0.544,0.623,,0.145,0.152,0.196,0.64,0.638,0.16,0.139,0.645,0.182,,,0.233,,,,,0.166,,,,0.162,,0.104,,0.15,0.115,0.117,0.095,,,,0.42,0.101,,,0.127,0.115
162,14017140,,0.568,0.57,,,,0.183,,,,,0.08,0.128,,0.199,0.099,,0.153,,,,,,,,0.391,,0.265,0.151,,,0.093,,0.405,0.272,,,,0.137,0.126,0.165,,,,0.076,0.469,0.513,0.479,,,,0.241,,0.093,,,,,,0.186,0.131,,,,0.202,0.168,0.055,0.126,,,,0.101,0.112,0.117,,0.243,,,,,,0.094,,,,,0.066,0.055,0.16,0.271,0.036,0.1,0.204,0.133,0.19,0.071,0.093,0.067,,,0.158,,,0.079,0.023,0.016,,0.043,0.188,,,,,,,,0.166,,0.091,0.254,,,0.024,,0.094,,0.101,0.167,0.089,0.16,0.141,0.354,0.167,0.136,0.083,0.158,0.134,,0.607,,,,,,,,0.123,0.167,0.096,0.143,0.287,,,,,0.108,0.178,0.586,,,0.544,0.623,,0.145,0.152,0.196,0.64,0.638,0.16,0.139,0.639,0.184,,,0.237,,,,,0.167,,,,0.162,,0.104,,0.15,0.116,0.116,0.094,,,,0.421,0.1,,,0.127,0.115
162,14017200,,0.567,0.57,,,,0.183,,,,,0.081,0.102,,0.199,0.092,,0.154,,,,,,,,0.391,,0.256,0.151,,,0.094,,0.405,0.274,,,,0.137,0.126,0.164,,,,0.075,0.469,0.514,0.479,,,,0.241,,0.091,,,,,,0.187,0.131,,,,0.202,0.169,0.055,0.125,,,,0.1,0.113,0.118,,0.243,,,,,,0.095,,,,,0.066,0.055,0.171,0.259,0.036,0.1,0.209,0.133,0.138,0.071,0.093,0.065,,,0.159,,,0.08,0.023,0.016,,0.044,0.188,,,,,,,,0.154,,0.092,0.248,,,0.024,,0.093,,0.102,0.167,0.089,0.16,0.141,0.353,0.168,0.136,0.083,0.158,0.134,,0.608,,,,,,,,0.125,0.166,0.096,0.143,0.287,,,,,0.108,0.178,0.586,,,0.544,0.623,,0.145,0.152,0.197,0.64,0.638,0.16,0.139,0.635,0.187,,,0.242,,,,,0.167,,,,0.162,,0.104,,0.15,0.114,0.115,0.093,,,,0.421,0.1,,,0.127,0.115
162,14017260,,0.567,0.57,,,,0.183,,,,,0.08,0.102,,0.199,0.087,,0.154,,,,,,,,0.391,,0.278,0.152,,,0.094,,0.405,0.274,,,,0.137,0.125,0.166,,,,0.076,0.469,0.514,0.479,,,,0.241,,0.091,,,,,,0.188,0.131,,,,0.202,0.169,0.055,0.125,,,,0.101,0.113,0.119,,0.244,,,,,,0.095,,,,,0.065,0.055,0.158,0.278,0.036,0.1,0.212,0.133,0.143,0.071,0.093,0.066,,,0.159,,,0.081,0.023,0.016,,0.044,0.188,,,,,,,,0.161,,0.093,0.248,,,0.023,,0.093,,0.102,0.168,0.088,0.16,0.141,0.353,0.165,0.136,0.083,0.16,0.135,,0.608,,,,,,,,0.125,0.167,0.096,0.143,0.287,,,,,0.108,0.178,0.586,,,0.544,0.623,,0.144,0.152,0.196,0.64,0.638,0.16,0.139,0.638,0.191,,,0.243,,,,,0.166,,,,0.161,,0.103,,0.15,0.114,0.116,0.094,,,,0.421,0.101,,,0.127,0.115
162,14017320,,0.567,0.57,,,,0.183,,,,,0.08,0.115,,0.199,0.093,,0.154,,,,,,,,0.391,,0.306,0.153,,,0.094,,0.405,0.276,,,,0.137,0.125,0.166,,,,0.075,0.469,0.513,0.48,,,,0.241,,0.091,,,,,,0.184,0.131,,,,0.202,0.169,0.055,0.125,,,,0.101,0.114,0.117,,0.243,,,,,,0.095,,,,,0.066,0.055,0.162,0.283,0.036,0.1,0.2,0.133,0.141,0.071,0.093,0.065,,,0.158,,,0.082,0.023,0.016,,0.044,0.188,,,,,,,,0.155,,0.092,0.261,,,0.024,,0.093,,0.101,0.168,0.089,0.16,0.141,0.353,0.164,0.136,0.082,0.16,0.133,,0.608,,,,,,,,0.125,0.166,0.096,0.143,0.288,,,,,0.108,0.178,0.586,,,0.544,0.623,,0.145,0.153,0.197,0.64,0.638,0.16,0.139,0.633,0.192,,,0.242,,,,,0.166,,,,0.161,,0.105,,0.15,0.114,0.117,0.094,,,,0.42,0.1,,,0.127,0.116
162,14017380,,0.567,0.57,,,,0.183,,,,,0.08,0.095,,0.199,0.087,,0.154,,,,,,,,0.392,,0.301,0.152,,,0.094,,0.405,0.276,,,,0.137,0.125,0.166,,,,0.075,0.469,0.513,0.479,,,,0.241,,0.092,,,,,,0.184,0.13,,,,0.202,0.167,0.055,0.126,,,,0.099,0.113,0.116,,0.242,,,,,,0.094,,,,,0.066,0.055,0.166,0.297,0.036,0.1,0.206,0.133,0.144,0.071,0.093,0.066,,,0.158,,,0.075,0.023,0.016,,0.044,0.188,,,,,,,,0.158,,0.094,0.252,,,0.024,,0.094,,0.102,0.167,0.09,0.161,0.142,0.353,0.164,0.136,0.082,0.16,0.133,,0.608,,,,,,,,0.125,0.166,0.096,0.143,0.288,,,,,0.108,0.178,0.587,,,0.544,0.623,,0.145,0.153,0.195,0.64,0.638,0.16,0.139,0.633,0.191,,,0.24,,,,,0.167,,,,0.161,,0.105,,0.15,0.114,0.118,0.093,,,,0.42,0.1,,,0.127,0.116
162,14017440,,0.567,0.57,,,,0.183,,,,,0.08,0.097,,0.199,0.093,,0.154,,,,,,,,0.391,,0.31,0.151,,,0.094,,0.405,0.276,,,,0.137,0.125,0.166,,,,0.075,0.469,0.513,0.479,,,,0.241,,0.091,,,,,,0.181,0.13,,,,0.202,0.167,0.055,0.126,,,,0.1,0.113,0.117,,0.241,,,,,,0.094,,,,,0.066,0.055,0.163,0.279,0.036,0.1,0.208,0.133,0.149,0.071,0.092,0.066,,,0.158,,,0.076,0.023,0.016,,0.044,0.188,,,,,,,,0.169,,0.094,0.232,,,0.024,,0.094,,0.102,0.167,0.088,0.16,0.141,0.353,0.169,0.136,0.081,0.16,0.134,,0.608,,,,,,,,0.125,0.167,0.096,0.143,0.287,,,,,0.108,0.178,0.587,,,0.544,0.623,,0.144,0.152,0.195,0.64,0.638,0.16,0.139,0.635,0.191,,,0.237,,,,,0.167,,,,0.16,,0.105,,0.15,0.115,0.116,0.093,,,,0.42,0.1,,,0.127,0.116
162,14017500,,0.567,0.57,,,,0.184,,,,,0.08,0.094,,0.199,0.096,,0.154,,,,,,,,0.391,,0.325,0.151,,,0.095,,0.405,0.273,,,,0.137,0.126,0.164,,,,0.075,0.471,0.513,0.479,,,,0.241,,0.091,,,,,,0.205,0.131,,,,0.202,0.168,0.055,0.126,,,,0.1,0.113,0.117,,0.243,,,,,,0.094,,,,,0.066,0.055,0.178,0.28,0.036,0.1,0.207,0.133,0.14,0.071,0.092,0.065,,,0.158,,,0.077,0.023,0.016,,0.044,0.188,,,,,,,,0.173,,0.095,0.224,,,0.023,,0.093,,0.101,0.168,0.089,0.16,0.142,0.352,0.168,0.136,0.08,0.16,0.135,,0.608,,,,,,,,0.124,0.167,0.096,0.143,0.287,,,,,0.108,0.178,0.587,,,0.544,0.623,,0.145,0.154,0.195,0.64,0.638,0.16,0.139,0.63,0.19,,,0.236,,,,,0.167,,,,0.16,,0.105,,0.15,0.114,0.117,0.117,,,,0.422,0.1,,,0.127,0.116
162,14017560,,0.567,0.57,,,,0.184,,,,,0.08,0.083,,0.199,0.084,,0.154,,,,,,,,0.391,,0.333,0.151,,,0.093,,0.405,0.275,,,,0.137,0.128,0.166,,,,0.075,0.471,0.513,0.479,,,,0.241,,0.091,,,,,,0.236,0.131,,,,0.202,0.168,0.055,0.125,,,,0.1,0.113,0.118,,0.242,,,,,,0.094,,,,,0.066,0.055,0.17,0.315,0.036,0.1,0.21,0.134,0.145,0.071,0.092,0.066,,,0.157,,,0.077,0.024,0.016,,0.1,0.188,,,,,,,,0.17,,0.091,0.236,,,0.023,,0.093,,0.102,0.168,0.09,0.16,0.142,0.353,0.175,0.136,0.08,0.16,0.133,,0.608,,,,,,,,0.124,0.166,0.096,0.143,0.287,,,,,0.108,0.178,0.586,,,0.544,0.623,,0.145,0.152,0.196,0.64,0.638,0.16,0.139,0.633,0.189,,,0.237,,,,,0.167,,,,0.159,,0.104,,0.15,0.114,0.118,0.124,,,,0.422,0.101,,,0.127,0.116
162,14017620,,0.567,0.57,,,,0.184,,,,,0.081,0.117,,0.199,0.095,,0.154,,,,,,,,0.391,,0.345,0.151,,,0.094,,0.406,0.274,,,,0.137,0.127,0.166,,,,0.075,0.471,0.513,0.48,,,,0.241,,0.092,,,,,,0.234,0.131,,,,0.202,0.167,0.055,0.125,,,,0.099,0.113,0.117,,0.244,,,,,,0.095,,,,,0.067,0.055,0.177,0.285,0.036,0.1,0.209,0.134,0.154,0.071,0.093,0.065,,,0.158,,,0.076,0.023,0.016,,0.046,0.188,,,,,,,,0.161,,0.09,0.246,,,0.023,,0.094,,0.102,0.168,0.091,0.161,0.142,0.353,0.17,0.138,0.079,0.16,0.134,,0.608,,,,,,,,0.124,0.166,0.096,0.143,0.286,,,,,0.108,0.178,0.587,,,0.544,0.623,,0.145,0.153,0.196,0.64,0.638,0.16,0.139,0.635,0.188,,,0.237,,,,,0.167,,,,0.159,,0.105,,0.15,0.114,0.118,0.126,,,,0.421,0.1,,,0.127,0.116
162,14017680,,0.567,0.57,,,,0.184,,,,,0.081,0.104,,0.199,0.112,,0.154,,,,,,,,0.391,,0.345,0.152,,,0.094,,0.406,0.272,,,,0.137,0.127,0.166,,,,0.075,0.471,0.513,0.48,,,,0.241,,0.091,,,,,,0.218,0.131,,,,0.202,0.168,0.055,0.125,,,,0.1,0.113,0.117,,0.245,,,,,,0.095,,,,,0.067,0.055,0.168,0.278,0.036,0.1,0.206,0.134,0.154,0.071,0.093,0.065,,,0.158,,,0.076,0.023,0.016,,0.046,0.188,,,,,,,,0.157,,0.09,0.243,,,0.023,,0.093,,0.103,0.168,0.09,0.161,0.141,0.354,0.165,0.137,0.079,0.161,0.134,,0.608,,,,,,,,0.125,0.166,0.096,0.143,0.286,,,,,0.108,0.178,0.586,,,0.544,0.623,,0.145,0.153,0.196,0.64,0.638,0.16,0.139,0.634,0.187,,,0.239,,,,,0.166,,,,0.159,,0.105,,0.15,0.114,0.116,0.123,,,,0.422,0.101,,,0.127,0.116
162,14017740,,0.567,0.569,,,,0.184,,,,,0.081,0.084,,0.199,0.106,,0.153,,,,,,,,0.391,,0.36,0.151,,,0.095,,0.406,0.271,,,,0.137,0.127,0.166,,,,0.075,0.471,0.513,0.48,,,,0.241,,0.091,,,,,,0.209,0.131,,,,0.202,0.167,0.055,0.125,,,,0.1,0.113,0.117,,0.245,,,,,,0.095,,,,,0.066,0.055,0.174,0.299,0.036,0.1,0.204,0.134,0.147,0.071,0.093,0.066,,,0.158,,,0.076,0.023,0.017,,0.046,0.188,,,,,,,,0.157,,0.091,0.236,,,0.024,,0.092,,0.101,0.168,0.091,0.161,0.141,0.354,0.169,0.137,0.079,0.161,0.133,,0.608,,,,,,,,0.125,0.166,0.096,0.143,0.287,,,,,0.108,0.178,0.586,,,0.544,0.623,,0.146,0.153,0.195,0.64,0.638,0.16,0.139,0.64,0.185,,,0.244,,,,,0.165,,,,0.159,,0.105,,0.15,0.113,0.116,0.122,,,,0.421,0.101,,,0.127,0.116
162,14017800,,0.567,0.57,,,,0.184,,,,,0.08,0.091,,0.201,0.091,,0.153,,,,,,,,0.392,,0.385,0.152,,,0.094,,0.406,0.269,,,,0.137,0.128,0.165,,,,0.075,0.469,0.514,0.48,,,,0.241,,0.092,,,,,,0.201,0.132,,,,0.202,0.168,0.055,0.124,,,,0.101,0.113,0.118,,0.246,,,,,,0.094,,,,,0.066,0.055,0.172,0.275,0.036,0.1,0.217,0.134,0.15,0.071,0.093,0.065,,,0.158,,,0.077,0.024,0.017,,0.046,0.188,,,,,,,,0.157,,0.091,0.228,,,0.023,,0.093,,0.102,0.167,0.092,0.161,0.141,0.354,0.169,0.136,0.08,0.16,0.133,,0.609,,,,,,,,0.124,0.166,0.096,0.143,0.287,,,,,0.108,0.178,0.586,,,0.544,0.623,,0.145,0.153,0.195,0.64,0.638,0.16,0.139,0.642,0.185,,,0.249,,,,,0.164,,,,0.159,,0.104,,0.15,0.114,0.116,0.123,,,,0.421,0.101,,,0.127,0.116
162,14017860,,0.567,0.57,,,,0.184,,,,,0.081,0.085,,0.201,0.096,,0.153,,,,,,,,0.391,,0.38,0.152,,,0.094,,0.406,0.271,,,,0.137,0.127,0.165,,,,0.075,0.469,0.514,0.48,,,,0.241,,0.092,,,,,,0.192,0.132,,,,0.202,0.168,0.055,0.126,,,,0.099,0.114,0.119,,0.244,,,,,,0.094,,,,,0.066,0.055,0.175,0.285,0.036,0.1,0.219,0.134,0.151,0.071,0.093,0.066,,,0.158,,,0.076,0.023,0.016,,0.046,0.188,,,,,,,,0.156,,0.089,0.225,,,0.023,,0.094,,0.103,0.168,0.094,0.16,0.141,0.354,0.17,0.137,0.079,0.161,0.134,,0.609,,,,,,,,0.124,0.167,0.096,0.143,0.287,,,,,0.108,0.178,0.586,,,0.544,0.623,,0.146,0.15,0.195,0.64,0.638,0.16,0.139,0.638,0.186,,,0.251,,,,,0.166,,,,0.159,,0.105,,0.149,0.114,0.117,0.123,,,,0.422,0.101,,,0.127,0.116
162,14017920,,0.567,0.57,,,,0.184,,,,,0.08,0.099,,0.201,0.084,,0.153,,,,,,,,0.391,,0.371,0.152,,,0.095,,0.406,0.273,,,,0.137,0.127,0.165,,,,0.075,0.47,0.514,0.48,,,,0.241,,0.091,,,,,,0.185,0.131,,,,0.202,0.168,0.055,0.126,,,,0.1,0.113,0.118,,0.243,,,,,,0.094,,,,,0.066,0.055,0.17,0.283,0.036,0.1,0.216,0.134,0.151,0.071,0.093,0.067,,,0.157,,,0.076,0.024,0.016,,0.046,0.188,,,,,,,,0.16,,0.091,0.218,,,0.023,,0.093,,0.103,0.168,0.093,0.16,0.142,0.355,0.168,0.137,0.079,0.161,0.133,,0.608,,,,,,,,0.124,0.167,0.096,0.143,0.287,,,,,0.108,0.178,0.586,,,0.544,0.623,,0.145,0.15,0.195,0.64,0.638,0.16,0.139,0.636,0.186,,,0.252,,,,,0.166,,,,0.159,,0.105,,0.153,0.116,0.117,0.121,,,,0.421,0.1,,,0.127,0.116
162,14017980,,0.567,0.57,,,,0.184,,,,,0.08,0.117,,0.2,0.085,,0.153,,,,,,,,0.391,,0.391,0.147,,,0.095,,0.406,0.273,,,,0.137,0.127,0.166,,,,0.075,0.47,0.514,0.48,,,,0.241,,0.092,,,,,,0.181,0.131,,,,0.202,0.168,0.055,0.125,,,,0.1,0.113,0.117,,0.245,,,,,,0.095,,,,,0.066,0.055,0.167,0.281,0.036,0.1,0.224,0.134,0.163,0.071,0.093,0.066,,,0.158,,,0.076,0.023,0.016,,0.046,0.188,,,,,,,,0.16,,0.091,0.207,,,0.023,,0.093,,0.102,0.167,0.089,0.16,0.141,0.355,0.17,0.136,0.08,0.159,0.133,,0.608,,,,,,,,0.124,0.166,0.096,0.143,0.287,,,,,0.108,0.178,0.587,,,0.544,0.623,,0.145,0.149,0.195,0.64,0.638,0.16,0.139,0.632,0.186,,,0.252,,,,,0.165,,,,0.159,,0.105,,0.153,0.113,0.118,0.121,,,,0.423,0.1,,,0.127,0.116
162,14018040,,0.567,0.57,,,,0.184,,,,,0.08,0.106,,0.2,0.087,,0.153,,,,,,,,0.391,,0.396,0.148,,,0.094,,0.406,0.27,,,,0.137,0.127,0.165,,,,0.075,0.47,0.514,0.48,,,,0.241,,0.092,,,,,,0.181,0.131,,,,0.202,0.168,0.055,0.125,,,,0.099,0.113,0.117,,0.245,,,,,,0.094,,,,,0.066,0.055,0.166,0.311,0.036,0.1,0.215,0.135,0.154,0.071,0.093,0.067,,,0.157,,,0.078,0.024,0.016,,0.047,0.188,,,,,,,,0.16,,0.091,0.205,,,0.023,,0.093,,0.102,0.168,0.09,0.16,0.141,0.355,0.17,0.136,0.08,0.16,0.134,,0.609,,,,,,,,0.124,0.166,0.096,0.143,0.286,,,,,0.108,0.178,0.587,,,0.544,0.623,,0.145,0.15,0.195,0.64,0.638,0.16,0.139,0.637,0.187,,,0.254,,,,,0.166,,,,0.159,,0.104,,0.153,0.114,0.116,0.12,,,,0.424,0.101,,,0.127,0.116
162,14018100,,0.567,0.57,,,,0.184,,,,,0.08,0.114,,0.199,0.095,,0.153,,,,,,,,0.392,,0.429,0.149,,,0.095,,0.406,0.267,,,,0.138,0.128,0.164,,,,0.075,0.47,0.514,0.48,,,,0.241,,0.092,,,,,,0.181,0.131,,,,0.202,0.168,0.055,0.126,,,,0.1,0.115,0.12,,0.247,,,,,,0.094,,,,,0.066,0.055,0.177,0.302,0.036,0.1,0.219,0.135,0.159,0.071,0.095,0.066,,,0.159,,,0.078,0.024,0.016,,0.047,0.187,,,,,,,,0.163,,0.09,0.196,,,0.023,,0.094,,0.102,0.169,0.09,0.16,0.142,0.354,0.174,0.137,0.081,0.161,0.133,,0.609,,,,,,,,0.125,0.168,0.096,0.143,0.286,,,,,0.108,0.178,0.587,,,0.544,0.623,,0.145,0.15,0.195,0.64,0.638,0.16,0.139,0.638,0.189,,,0.256,,,,,0.167,,,,0.159,,0.105,,0.153,0.115,0.116,0.119,,,,0.424,0.1,,,0.127,0.116
162,14018160,,0.567,0.57,,,,0.184,,,,,0.08,0.093,,0.199,0.095,,0.153,,,,,,,,0.392,,0.434,0.149,,,0.095,,0.406,0.267,,,,0.138,0.128,0.163,,,,0.075,0.47,0.514,0.48,,,,0.241,,0.092,,,,,,0.186,0.131,,,,0.202,0.168,0.055,0.126,,,,0.1,0.115,0.12,,0.244,,,,,,0.095,,,,,0.066,0.055,0.177,0.284,0.036,0.1,0.222,0.135,0.16,0.071,0.094,0.066,,,0.159,,,0.08,0.023,0.016,,0.047,0.188,,,,,,,,0.158,,0.091,0.192,,,0.023,,0.094,,0.103,0.169,0.09,0.161,0.142,0.354,0.174,0.136,0.08,0.155,0.134,,0.609,,,,,,,,0.125,0.168,0.096,0.143,0.286,,,,,0.108,0.178,0.587,,,0.544,0.623,,0.145,0.151,0.195,0.64,0.638,0.16,0.139,0.639,0.189,,,0.258,,,,,0.166,,,,0.159,,0.105,,0.153,0.112,0.116,0.118,,,,0.424,0.1,,,0.127,0.116
162,14018220,,0.567,0.57,,,,0.184,,,,,0.08,0.114,,0.199,0.092,,0.153,,,,,,,,0.392,,0.407,0.15,,,0.095,,0.406,0.269,,,,0.137,0.127,0.163,,,,0.075,0.47,0.514,0.48,,,,0.241,,0.091,,,,,,0.186,0.131,,,,0.202,0.169,0.055,0.125,,,,0.101,0.115,0.119,,0.246,,,,,,0.095,,,,,0.067,0.055,0.171,0.291,0.036,0.1,0.229,0.135,0.16,0.071,0.093,0.067,,,0.158,,,0.081,0.024,0.016,,0.047,0.188,,,,,,,,0.165,,0.091,0.201,,,0.023,,0.093,,0.102,0.167,0.089,0.161,0.142,0.353,0.168,0.135,0.08,0.156,0.134,,0.609,,,,,,,,0.125,0.167,0.096,0.143,0.286,,,,,0.108,0.178,0.587,,,0.544,0.623,,0.145,0.149,0.195,0.64,0.638,0.16,0.139,0.641,0.19,,,0.258,,,,,0.165,,,,0.159,,0.105,,0.153,0.113,0.117,0.117,,,,0.423,0.1,,,0.127,0.116
162,14018280,,0.567,0.57,,,,0.184,,,,,0.08,0.125,,0.199,0.086,,0.153,,,,,,,,0.392,,0.383,0.151,,,0.093,,0.406,0.271,,,,0.137,0.127,0.165,,,,0.075,0.469,0.514,0.48,,,,0.241,,0.091,,,,,,0.184,0.131,,,,0.202,0.169,0.055,0.126,,,,0.099,0.115,0.117,,0.246,,,,,,0.094,,,,,0.067,0.055,0.174,0.309,0.036,0.1,0.228,0.135,0.164,0.071,0.094,0.065,,,0.158,,,0.082,0.024,0.016,,0.047,0.187,,,,,,,,0.163,,0.091,0.205,,,0.023,,0.093,,0.103,0.168,0.09,0.161,0.14,0.355,0.173,0.135,0.08,0.156,0.134,,0.61,,,,,,,,0.125,0.168,0.096,0.143,0.286,,,,,0.108,0.178,0.587,,,0.544,0.623,,0.15,0.15,0.194,0.64,0.638,0.16,0.139,0.642,0.188,,,0.26,,,,,0.166,,,,0.159,,0.105,,0.153,0.114,0.117,0.116,,,,0.424,0.1,,,0.127,0.116
162,14018340,,0.567,0.57,,,,0.184,,,,,0.08,0.086,,0.199,0.084,,0.153,,,,,,,,0.391,,0.383,0.15,,,0.094,,0.406,0.273,,,,0.138,0.127,0.164,,,,0.075,0.47,0.514,0.481,,,,0.241,,0.092,,,,,,0.187,0.131,,,,0.202,0.169,0.055,0.126,,,,0.1,0.115,0.118,,0.247,,,,,,0.094,,,,,0.067,0.055,0.176,0.289,0.036,0.1,0.229,0.135,0.162,0.071,0.094,0.066,,,0.158,,,0.082,0.023,0.016,,0.047,0.187,,,,,,,,0.164,,0.092,0.214,,,0.024,,0.093,,0.102,0.169,0.09,0.16,0.14,0.353,0.171,0.135,0.079,0.156,0.134,,0.612,,,,,,,,0.125,0.167,0.096,0.143,0.287,,,,,0.108,0.178,0.587,,,0.544,0.624,,0.15,0.15,0.194,0.64,0.638,0.16,0.139,0.642,0.188,,,0.257,,,,,0.167,,,,0.159,,0.104,,0.154,0.115,0.116,0.114,,,,0.425,0.1,,,0.127,0.116
162,14018400,,0.567,0.57,,,,0.184,,,,,0.082,0.121,,0.2,0.101,,0.153,,,,,,,,0.393,,0.384,0.151,,,0.094,,0.406,0.273,,,,0.138,0.128,0.165,,,,0.075,0.471,0.514,0.481,,,,0.241,,0.091,,,,,,0.189,0.136,,,,0.202,0.169,0.055,0.125,,,,0.1,0.122,0.135,,0.29,,,,,,0.094,,,,,0.067,0.055,0.177,0.289,0.036,0.1,0.239,0.136,0.158,0.071,0.094,0.068,,,0.159,,,0.083,0.024,0.016,,0.047,0.188,,,,,,,,0.161,,0.093,0.21,,,0.024,,0.093,,0.102,0.168,0.089,0.163,0.14,0.353,0.164,0.135,0.079,0.156,0.134,,0.613,,,,,,,,0.14,0.171,0.096,0.143,0.289,,,,,0.113,0.178,0.587,,,0.544,0.624,,0.149,0.151,0.195,0.64,0.638,0.16,0.139,0.643,0.187,,,0.263,,,,,0.166,,,,0.178,,0.103,,0.154,0.114,0.117,0.111,,,,0.426,0.1,,,0.127,0.116
162,14018460,,0.567,0.57,,,,0.184,,,,,0.081,0.1,,0.2,0.096,,0.153,,,,,,,,0.393,,0.373,0.151,,,0.094,,0.406,0.273,,,,0.138,0.127,0.166,,,,0.075,0.472,0.514,0.481,,,,0.241,,0.091,,,,,,0.192,0.137,,,,0.202,0.169,0.055,0.125,,,,0.101,0.126,0.142,,0.282,,,,,,0.095,,,,,0.067,0.055,0.192,0.302,0.036,0.1,0.234,0.137,0.161,0.071,0.095,0.067,,,0.159,,,0.083,0.028,0.034,,0.07,0.188,,,,,,,,0.17,,0.094,0.209,,,0.023,,0.093,,0.102,0.168,0.09,0.161,0.141,0.353,0.163,0.137,0.079,0.156,0.134,,0.613,,,,,,,,0.138,0.169,0.096,0.143,0.287,,,,,0.114,0.178,0.587,,,0.544,0.624,,0.15,0.15,0.195,0.64,0.638,0.16,0.139,0.642,0.188,,,0.26,,,,,0.165,,,,0.177,,0.104,,0.154,0.113,0.116,0.105,,,,0.426,0.1,,,0.127,0.116
162,14018520,,0.568,0.57,,,,0.184,,,,,0.08,0.11,,0.2,0.088,,0.153,,,,,,,,0.393,,0.369,0.152,,,0.094,,0.406,0.272,,,,0.138,0.127,0.165,,,,0.075,0.472,0.514,0.481,,,,0.241,,0.092,,,,,,0.19,0.132,,,,0.202,0.168,0.055,0.126,,,,0.099,0.122,0.136,,0.268,,,,,,0.093,,,,,0.067,0.055,0.189,0.309,0.036,0.1,0.252,0.137,0.164,0.071,0.094,0.067,,,0.163,,,0.081,0.023,0.016,,0.047,0.188,,,,,,,,0.163,,0.093,0.22,,,0.024,,0.094,,0.103,0.168,0.09,0.161,0.139,0.355,0.186,0.142,0.083,0.155,0.134,,0.614,,,,,,,,0.131,0.169,0.095,0.143,0.287,,,,,0.11,0.178,0.587,,,0.544,0.624,,0.144,0.15,0.195,0.64,0.638,0.16,0.139,0.643,0.188,,,0.26,,,,,0.166,,,,0.174,,0.104,,0.154,0.114,0.118,0.102,,,,0.425,0.1,,,0.127,0.116
162,14018580,,0.567,0.569,,,,0.184,,,,,0.08,0.126,,0.2,0.094,,0.153,,,,,,,,0.393,,0.394,0.152,,,0.095,,0.406,0.271,,,,0.138,0.127,0.165,,,,0.075,0.472,0.514,0.481,,,,0.241,,0.092,,,,,,0.186,0.132,,,,0.202,0.169,0.055,0.126,,,,0.1,0.118,0.128,,0.257,,,,,,0.094,,,,,0.066,0.055,0.185,0.3,0.036,0.1,0.257,0.137,0.165,0.071,0.095,0.068,,,0.161,,,0.081,0.024,0.016,,0.047,0.188,,,,,,,,0.159,,0.094,0.237,,,0.024,,0.093,,0.103,0.168,0.089,0.161,0.137,0.354,0.177,0.14,0.083,0.156,0.133,,0.614,,,,,,,,0.131,0.168,0.095,0.143,0.287,,,,,0.109,0.178,0.587,,,0.544,0.624,,0.145,0.151,0.195,0.64,0.638,0.16,0.139,0.639,0.186,,,0.257,,,,,0.167,,,,0.175,,0.103,,0.154,0.115,0.118,0.1,,,,0.426,0.1,,,0.127,0.116
162,14018640,,0.567,0.57,,,,0.184,,,,,0.08,0.114,,0.2,0.092,,0.153,,,,,,,,0.393,,0.413,0.152,,,0.095,,0.406,0.271,,,,0.138,0.127,0.165,,,,0.075,0.472,0.514,0.481,,,,0.241,,0.09,,,,,,0.185,0.131,,,,0.202,0.169,0.055,0.126,,,,0.101,0.116,0.122,,0.25,,,,,,0.094,,,,,0.067,0.055,0.183,0.33,0.036,0.1,0.238,0.138,0.164,0.071,0.095,0.066,,,0.16,,,0.081,0.023,0.016,,0.047,0.188,,,,,,,,0.16,,0.093,0.23,,,0.024,,0.093,,0.102,0.168,0.09,0.161,0.137,0.353,0.169,0.14,0.083,0.156,0.134,,0.614,,,,,,,,0.132,0.169,0.095,0.143,0.286,,,,,0.109,0.178,0.587,,,0.544,0.624,,0.145,0.154,0.195,0.64,0.638,0.16,0.139,0.643,0.184,,,0.257,,,,,0.167,,,,0.175,,0.104,,0.154,0.114,0.117,0.1,,,,0.426,0.1,,,0.127,0.116
162,14018700,,0.568,0.569,,,,0.184,,,,,0.08,0.105,,0.2,0.104,,0.153,,,,,,,,0.394,,0.413,0.152,,,0.094,,0.406,0.272,,,,0.138,0.127,0.164,,,,0.075,0.469,0.514,0.481,,,,0.241,,0.091,,,,,,0.197,0.132,,,,0.202,0.169,0.055,0.126,,,,0.101,0.118,0.121,,0.253,,,,,,0.093,,,,,0.066,0.055,0.177,0.333,0.036,0.1,0.259,0.138,0.164,0.071,0.095,0.067,,,0.16,,,0.08,0.024,0.016,,0.066,0.187,,,,,,,,0.162,,0.093,0.224,,,0.025,,0.094,,0.102,0.168,0.09,0.161,0.138,0.354,0.167,0.137,0.082,0.154,0.134,,0.614,,,,,,,,0.136,0.168,0.095,0.143,0.287,,,,,0.109,0.178,0.587,,,0.544,0.624,,0.145,0.154,0.196,0.64,0.638,0.16,0.139,0.645,0.185,,,0.257,,,,,0.165,,,,0.176,,0.103,,0.153,0.114,0.117,0.098,,,,0.427,0.1,,,0.127,0.116
162,14018760,,0.568,0.57,,,,0.184,,,,,0.08,0.106,,0.2,0.088,,0.153,,,,,,,,0.394,,0.425,0.152,,,0.094,,0.406,0.271,,,,0.138,0.127,0.166,,,,0.075,0.469,0.514,0.481,,,,0.241,,0.092,,,,,,0.211,0.132,,,,0.202,0.169,0.055,0.126,,,,0.099,0.119,0.122,,0.253,,,,,,0.093,,,,,0.066,0.055,0.181,0.319,0.036,0.1,0.249,0.136,0.163,0.071,0.094,0.068,,,0.16,,,0.081,0.024,0.016,,0.048,0.188,,,,,,,,0.161,,0.091,0.226,,,0.025,,0.094,,0.103,0.168,0.09,0.161,0.135,0.353,0.16,0.138,0.081,0.156,0.134,,0.614,,,,,,,,0.135,0.168,0.095,0.143,0.287,,,,,0.109,0.178,0.587,,,0.544,0.624,,0.145,0.154,0.194,0.64,0.638,0.16,0.139,0.647,0.187,,,0.26,,,,,0.166,,,,0.175,,0.103,,0.152,0.115,0.118,0.114,,,,0.433,0.095,,,0.127,0.116
162,14018820,,0.568,0.57,,,,0.184,,,,,0.08,0.087,,0.2,0.069,,0.153,,,,,,,,0.394,,0.408,0.152,,,0.095,,0.406,0.268,,,,0.138,0.126,0.165,,,,0.075,0.469,0.515,0.481,,,,0.241,,0.09,,,,,,0.204,0.131,,,,0.202,0.169,0.055,0.127,,,,0.1,0.117,0.12,,0.251,,,,,,0.094,,,,,0.067,0.055,0.18,0.319,0.036,0.1,0.261,0.137,0.161,0.071,0.094,0.069,,,0.159,,,0.081,0.024,0.017,,0.048,0.188,,,,,,,,0.167,,0.092,0.224,,,0.024,,0.092,,0.102,0.168,0.09,0.161,0.137,0.353,0.164,0.137,0.081,0.156,0.135,,0.614,,,,,,,,0.132,0.167,0.095,0.143,0.286,,,,,0.109,0.178,0.587,,,0.544,0.624,,0.145,0.155,0.194,0.64,0.638,0.16,0.139,0.648,0.187,,,0.261,,,,,0.168,,,,0.176,,0.104,,0.152,0.114,0.117,0.113,,,,0.43,0.097,,,0.127,0.116
162,14018880,,0.567,0.57,,,,0.184,,,,,0.08,0.128,,0.2,0.063,,0.153,,,,,,,,0.398,,0.401,0.153,,,0.095,,0.406,0.268,,,,0.138,0.126,0.165,,,,0.075,0.469,0.515,0.481,,,,0.241,,0.091,,,,,,0.203,0.131,,,,0.202,0.169,0.055,0.127,,,,0.1,0.116,0.119,,0.25,,,,,,0.095,,,,,0.067,0.055,0.177,0.321,0.036,0.1,0.245,0.137,0.161,0.071,0.095,0.067,,,0.159,,,0.082,0.023,0.016,,0.048,0.188,,,,,,,,0.162,,0.092,0.223,,,0.024,,0.093,,0.102,0.167,0.091,0.156,0.137,0.354,0.166,0.137,0.08,0.157,0.135,,0.614,,,,,,,,0.131,0.167,0.095,0.143,0.286,,,,,0.109,0.178,0.586,,,0.544,0.624,,0.145,0.156,0.195,0.64,0.638,0.16,0.139,0.646,0.186,,,0.261,,,,,0.167,,,,0.176,,0.104,,0.152,0.113,0.117,0.107,,,,0.426,0.097,,,0.127,0.116
162,14018940,,0.567,0.569,,,,0.184,,,,,0.08,0.121,,0.2,0.088,,0.153,,,,,,,,0.398,,0.392,0.154,,,0.095,,0.406,0.267,,,,0.138,0.126,0.165,,,,0.075,0.469,0.514,0.481,,,,0.241,,0.091,,,,,,0.192,0.131,,,,0.202,0.17,0.055,0.127,,,,0.101,0.115,0.118,,0.249,,,,,,0.094,,,,,0.067,0.055,0.176,0.328,0.036,0.1,0.257,0.137,0.159,0.071,0.095,0.067,,,0.159,,,0.081,0.023,0.016,,0.048,0.187,,,,,,,,0.168,,0.093,0.219,,,0.024,,0.094,,0.102,0.168,0.092,0.157,0.137,0.355,0.16,0.137,0.08,0.156,0.135,,0.614,,,,,,,,0.129,0.167,0.095,0.143,0.286,,,,,0.109,0.178,0.586,,,0.544,0.624,,0.146,0.155,0.195,0.64,0.638,0.16,0.14,0.643,0.186,,,0.261,,,,,0.166,,,,0.176,,0.104,,0.152,0.114,0.118,0.102,,,,0.426,0.097,,,0.127,0.116
162,14019000,,0.567,0.57,,,,0.184,,,,,0.08,0.109,,0.2,0.09,,0.153,,,,,,,,0.398,,0.383,0.154,,,0.094,,0.406,0.267,,,,0.138,0.126,0.165,,,,0.075,0.469,0.514,0.481,,,,0.241,,0.092,,,,,,0.188,0.133,,,,0.202,0.169,0.055,0.127,,,,0.099,0.116,0.122,,0.255,,,,,,0.093,,,,,0.067,0.055,0.171,0.327,0.036,0.1,0.262,0.138,0.16,0.071,0.095,0.068,,,0.159,,,0.082,0.023,0.016,,0.048,0.187,,,,,,,,0.166,,0.091,0.214,,,0.024,,0.094,,0.103,0.168,0.093,0.156,0.137,0.355,0.162,0.136,0.079,0.156,0.135,,0.614,,,,,,,,0.128,0.167,0.095,0.143,0.287,,,,,0.11,0.178,0.586,,,0.544,0.624,,0.145,0.152,0.195,0.64,0.638,0.16,0.14,0.642,0.188,,,0.257,,,,,0.167,,,,0.175,,0.104,,0.152,0.115,0.117,0.1,,,,0.426,0.097,,,0.127,0.116
162,14019060,,0.567,0.57,,,,0.184,,,,,0.08,0.148,,0.2,0.092,,0.153,,,,,,,,0.398,,0.377,0.155,,,0.095,,0.406,0.271,,,,0.138,0.126,0.165,,,,0.075,0.469,0.514,0.481,,,,0.241,,0.09,,,,,,0.187,0.133,,,,0.202,0.169,0.055,0.127,,,,0.1,0.117,0.125,,0.254,,,,,,0.095,,,,,0.067,0.055,0.172,0.339,0.036,0.1,0.26,0.138,0.159,0.071,0.096,0.068,,,0.158,,,0.082,0.023,0.016,,0.048,0.187,,,,,,,,0.163,,0.092,0.225,,,0.024,,0.092,,0.103,0.168,0.092,0.157,0.138,0.355,0.161,0.136,0.079,0.156,0.134,,0.614,,,,,,,,0.128,0.167,0.095,0.143,0.287,,,,,0.11,0.178,0.586,,,0.544,0.624,,0.145,0.153,0.195,0.64,0.638,0.16,0.14,0.652,0.192,,,0.255,,,,,0.167,,,,0.174,,0.105,,0.151,0.115,0.117,0.1,,,,0.429,0.098,,,0.127,0.116
162,14019120,,0.567,0.57,,,,0.184,,,,,0.08,0.114,,0.2,0.088,,0.153,,,,,,,,0.397,,0.365,0.155,,,0.095,,0.406,0.271,,,,0.138,0.126,0.166,,,,0.075,0.469,0.514,0.481,,,,0.241,,0.091,,,,,,0.186,0.132,,,,0.202,0.169,0.055,0.127,,,,0.101,0.117,0.124,,0.25,,,,,,0.095,,,,,0.067,0.055,0.178,0.35,0.036,0.1,0.253,0.138,0.157,0.071,0.096,0.069,,,0.158,,,0.082,0.024,0.016,,0.048,0.187,,,,,,,,0.162,,0.092,0.216,,,0.024,,0.093,,0.102,0.168,0.094,0.157,0.138,0.355,0.157,0.137,0.079,0.156,0.135,,0.615,,,,,,,,0.128,0.167,0.095,0.143,0.286,,,,,0.109,0.178,0.586,,,0.544,0.624,,0.145,0.152,0.195,0.64,0.638,0.16,0.14,0.649,0.193,,,0.257,,,,,0.167,,,,0.174,,0.105,,0.151,0.114,0.117,0.099,,,,0.431,0.098,,,0.127,0.116
162,14019180,,0.567,0.57,,,,0.184,,,,,0.08,0.113,,0.2,0.089,,0.153,,,,,,,,0.397,,0.368,0.155,,,0.094,,0.406,0.27,,,,0.138,0.126,0.164,,,,0.075,0.47,0.514,0.481,,,,0.241,,0.092,,,,,,0.185,0.132,,,,0.202,0.166,0.055,0.127,,,,0.101,0.117,0.122,,0.253,,,,,,0.094,,,,,0.066,0.055,0.174,0.35,0.036,0.1,0.253,0.139,0.153,0.071,0.095,0.068,,,0.159,,,0.081,0.024,0.016,,0.048,0.187,,,,,,,,0.164,,0.092,0.224,,,0.024,,0.093,,0.103,0.167,0.089,0.156,0.138,0.355,0.161,0.137,0.079,0.157,0.134,,0.616,,,,,,,,0.128,0.167,0.095,0.143,0.286,,,,,0.109,0.178,0.586,,,0.544,0.624,,0.145,0.153,0.195,0.64,0.638,0.16,0.14,0.646,0.194,,,0.253,,,,,0.163,,,,0.173,,0.105,,0.151,0.114,0.117,0.099,,,,0.432,0.098,,,0.127,0.116
162,14019240,,0.567,0.57,,,,0.184,,,,,0.081,0.123,,0.202,0.084,,0.153,,,,,,,,0.398,,0.37,0.154,,,0.095,,0.406,0.267,,,,0.138,0.126,0.166,,,,0.075,0.47,0.515,0.481,,,,0.241,,0.094,,,,,,0.183,0.132,,,,0.202,0.167,0.055,0.127,,,,0.099,0.117,0.121,,0.254,,,,,,0.094,,,,,0.067,0.055,0.186,0.368,0.036,0.1,0.258,0.139,0.16,0.071,0.095,0.069,,,0.158,,,0.082,0.023,0.017,,0.049,0.187,,,,,,,,0.18,,0.092,0.234,,,0.024,,0.094,,0.104,0.167,0.09,0.157,0.138,0.355,0.16,0.137,0.08,0.157,0.134,,0.616,,,,,,,,0.127,0.168,0.095,0.143,0.286,,,,,0.109,0.178,0.586,,,0.544,0.624,,0.145,0.152,0.195,0.64,0.638,0.16,0.139,0.638,0.191,,,0.247,,,,,0.163,,,,0.172,,0.105,,0.151,0.114,0.118,0.098,,,,0.431,0.098,,,0.127,0.116
162,14019300,,0.567,0.57,,,,0.184,,,,,0.081,0.12,,0.202,0.09,,0.153,,,,,,,,0.398,,0.388,0.154,,,0.095,,0.406,0.266,,,,0.137,0.126,0.167,,,,0.075,0.472,0.514,0.481,,,,0.241,,0.092,,,,,,0.18,0.133,,,,0.202,0.167,0.055,0.126,,,,0.1,0.117,0.121,,0.257,,,,,,0.095,,,,,0.067,0.055,0.179,0.349,0.036,0.1,0.268,0.139,0.157,0.071,0.095,0.068,,,0.158,,,0.082,0.023,0.017,,0.049,0.187,,,,,,,,0.184,,0.092,0.23,,,0.024,,0.092,,0.103,0.168,0.089,0.158,0.138,0.355,0.163,0.137,0.079,0.155,0.135,,0.616,,,,,,,,0.127,0.167,0.095,0.143,0.287,,,,,0.109,0.178,0.586,,,0.544,0.624,,0.145,0.152,0.195,0.64,0.638,0.16,0.139,0.632,0.192,,,0.242,,,,,0.163,,,,0.171,,0.105,,0.151,0.115,0.117,0.096,,,,0.433,0.098,,,0.127,0.116
162,14019360,,0.567,0.57,,,,0.184,,,,,0.081,0.103,,0.202,0.094,,0.153,,,,,,,,0.398,,0.375,0.154,,,0.095,,0.406,0.266,,,,0.137,0.126,0.166,,,,0.075,0.472,0.515,0.482,,,,0.241,,0.093,,,,,,0.183,0.133,,,,0.202,0.166,0.055,0.126,,,,0.101,0.118,0.122,,0.256,,,,,,0.095,,,,,0.067,0.055,0.191,0.384,0.036,0.1,0.267,0.139,0.158,0.071,0.095,0.068,,,0.159,,,0.082,0.024,0.017,,0.049,0.187,,,,,,,,0.167,,0.093,0.232,,,0.024,,0.092,,0.102,0.168,0.089,0.157,0.138,0.355,0.167,0.137,0.08,0.156,0.135,,0.616,,,,,,,,0.127,0.167,0.095,0.143,0.287,,,,,0.109,0.178,0.586,,,0.544,0.624,,0.145,0.153,0.194,0.64,0.638,0.16,0.14,0.628,0.191,,,0.237,,,,,0.157,,,,0.17,,0.104,,0.152,0.114,0.117,0.095,,,,0.437,0.098,,,0.127,0.116
162,14019420,,0.567,0.569,,,,0.184,,,,,0.081,0.123,,0.202,0.093,,0.153,,,,,,,,0.398,,0.391,0.154,,,0.094,,0.406,0.27,,,,0.137,0.126,0.166,,,,0.075,0.472,0.515,0.482,,,,0.241,,0.093,,,,,,0.181,0.131,,,,0.202,0.166,0.055,0.127,,,,0.101,0.117,0.12,,0.256,,,,,,0.094,,,,,0.067,0.055,0.18,0.341,0.036,0.1,0.268,0.139,0.155,0.071,0.095,0.069,,,0.159,,,0.082,0.024,0.036,,0.049,0.187,,,,,,,,0.184,,0.091,0.234,,,0.024,,0.093,,0.102,0.168,0.09,0.157,0.139,0.356,0.163,0.138,0.081,0.156,0.135,,0.615,,,,,,,,0.126,0.167,0.095,0.143,0.286,,,,,0.109,0.178,0.586,,,0.544,0.624,,0.146,0.153,0.194,0.64,0.638,0.16,0.14,0.626,0.191,,,0.232,,,,,0.156,,,,0.169,,0.105,,0.152,0.115,0.118,0.094,,,,0.433,0.099,,,0.127,0.116
162,14019480,,0.567,0.57,,,,0.184,,,,,0.08,0.099,,0.202,0.083,,0.153,,,,,,,,0.398,,0.41,0.154,,,0.094,,0.406,0.271,,,,0.137,0.126,0.166,,,,0.075,0.471,0.515,0.482,,,,0.241,,0.093,,,,,,0.183,0.132,,,,0.202,0.166,0.055,0.127,,,,0.1,0.117,0.121,,0.253,,,,,,0.095,,,,,0.067,0.055,0.186,0.356,0.036,0.1,0.259,0.139,0.158,0.071,0.095,0.067,,,0.159,,,0.083,0.022,0.016,,0.049,0.187,,,,,,,,0.163,,0.092,0.258,,,0.024,,0.094,,0.103,0.167,0.089,0.158,0.139,0.356,0.167,0.138,0.081,0.155,0.134,,0.615,,,,,,,,0.13,0.167,0.095,0.143,0.287,,,,,0.109,0.178,0.586,,,0.545,0.624,,0.145,0.152,0.194,0.64,0.638,0.16,0.14,0.626,0.189,,,0.231,,,,,0.157,,,,0.168,,0.104,,0.152,0.116,0.116,0.094,,,,0.426,0.095,,,0.127,0.116
162,14019540,,0.567,0.57,,,,0.184,,,,,0.08,0.097,,0.201,0.094,,0.153,,,,,,,,0.398,,0.406,0.154,,,0.095,,0.406,0.27,,,,0.137,0.126,0.167,,,,0.075,0.472,0.515,0.482,,,,0.241,,0.092,,,,,,0.184,0.132,,,,0.202,0.166,0.055,0.126,,,,0.1,0.118,0.122,,0.254,,,,,,0.095,,,,,0.067,0.055,0.176,0.35,0.036,0.1,0.256,0.14,0.157,0.071,0.095,0.067,,,0.159,,,0.085,0.022,0.016,,0.049,0.187,,,,,,,,0.172,,0.093,0.233,,,0.024,,0.092,,0.104,0.168,0.089,0.158,0.139,0.355,0.164,0.138,0.08,0.156,0.134,,0.616,,,,,,,,0.13,0.167,0.095,0.143,0.287,,,,,0.109,0.178,0.587,,,0.545,0.624,,0.145,0.152,0.194,0.64,0.638,0.16,0.139,0.625,0.187,,,0.235,,,,,0.157,,,,0.168,,0.105,,0.152,0.114,0.116,0.093,,,,0.423,0.096,,,0.127,0.116
162,14019600,,0.568,0.57,,,,0.184,,,,,0.08,0.068,,0.201,0.088,,0.153,,,,,,,,0.398,,0.42,0.155,,,0.095,,0.406,0.269,,,,0.137,0.126,0.167,,,,0.075,0.469,0.515,0.482,,,,0.241,,0.092,,,,,,0.186,0.135,,,,0.202,0.166,0.055,0.126,,,,0.101,0.119,0.126,,0.257,,,,,,0.096,,,,,0.067,0.055,0.194,0.394,0.036,0.1,0.285,0.14,0.164,0.071,0.096,0.068,,,0.159,,,0.086,0.023,0.018,,0.049,0.187,,,,,,,,0.18,,0.094,0.218,,,0.024,,0.092,,0.102,0.168,0.089,0.157,0.139,0.355,0.162,0.137,0.08,0.156,0.135,,0.616,,,,,,,,0.166,0.167,0.095,0.143,0.287,,,,,0.111,0.178,0.587,,,0.545,0.624,,0.146,0.152,0.194,0.64,0.638,0.16,0.139,0.639,0.185,,,0.239,,,,,0.156,,,,0.167,,0.104,,0.151,0.114,0.116,0.091,,,,0.421,0.096,,,0.127,0.116
162,14019660,,0.567,0.57,,,,0.184,,,,,0.08,0.085,,0.202,0.083,,0.153,,,,,,,,0.398,,0.407,0.155,,,0.094,,0.406,0.269,,,,0.137,0.126,0.166,,,,0.075,0.469,0.515,0.482,,,,0.241,,0.093,,,,,,0.186,0.135,,,,0.202,0.166,0.056,0.126,,,,0.101,0.121,0.128,,0.258,,,,,,0.094,,,,,0.068,0.055,0.202,0.387,0.036,0.1,0.286,0.141,0.163,0.071,0.096,0.071,,,0.159,,,0.083,0.023,0.016,,0.049,0.187,,,,,,,,0.165,,0.092,0.226,,,0.024,,0.093,,0.103,0.168,0.089,0.157,0.14,0.356,0.16,0.137,0.08,0.156,0.135,,0.616,,,,,,,,0.16,0.167,0.095,0.143,0.286,,,,,0.111,0.178,0.587,,,0.545,0.624,,0.146,0.152,0.194,0.64,0.638,0.16,0.14,0.641,0.185,,,0.238,,,,,0.157,,,,0.167,,0.105,,0.15,0.115,0.117,0.09,,,,0.422,0.097,,,0.127,0.116
162,14019720,,0.567,0.57,,,,0.184,,,,,0.082,0.106,,0.202,0.077,,0.153,,,,,,,,0.398,,0.426,0.155,,,0.094,,0.406,0.271,,,,0.137,0.127,0.166,,,,0.075,0.469,0.514,0.482,,,,0.241,,0.094,,,,,,0.185,0.133,,,,0.202,0.166,0.055,0.125,,,,0.1,0.12,0.124,,0.256,,,,,,0.094,,,,,0.067,0.055,0.192,0.359,0.036,0.1,0.286,0.14,0.162,0.071,0.097,0.071,,,0.158,,,0.083,0.023,0.016,,0.049,0.187,,,,,,,,0.179,,0.094,0.233,,,0.024,,0.093,,0.103,0.168,0.089,0.157,0.14,0.356,0.16,0.137,0.083,0.155,0.134,,0.616,,,,,,,,0.158,0.168,0.095,0.143,0.286,,,,,0.109,0.178,0.586,,,0.545,0.624,,0.145,0.152,0.195,0.64,0.638,0.16,0.139,0.646,0.185,,,0.239,,,,,0.157,,,,0.166,,0.105,,0.15,0.116,0.118,0.09,,,,0.421,0.096,,,0.127,0.116
162,14019780,,0.567,0.57,,,,0.184,,,,,0.082,0.11,,0.201,0.09,,0.153,,,,,,,,0.398,,0.438,0.155,,,0.095,,0.406,0.272,,,,0.137,0.127,0.167,,,,0.075,0.469,0.515,0.482,,,,0.241,,0.092,,,,,,0.185,0.132,,,,0.202,0.165,0.055,0.126,,,,0.1,0.118,0.122,,0.256,,,,,,0.095,,,,,0.068,0.055,0.184,0.343,0.036,0.1,0.286,0.141,0.162,0.071,0.096,0.07,,,0.16,,,0.084,0.023,0.017,,0.049,0.187,,,,,,,,0.178,,0.091,0.264,,,0.024,,0.093,,0.102,0.168,0.089,0.157,0.14,0.354,0.163,0.139,0.083,0.156,0.134,,0.615,,,,,,,,0.159,0.167,0.095,0.143,0.287,,,,,0.109,0.178,0.587,,,0.545,0.624,,0.145,0.148,0.195,0.64,0.638,0.16,0.139,0.644,0.182,,,0.243,,,,,0.157,,,,0.165,,0.104,,0.151,0.116,0.114,0.09,,,,0.422,0.097,,,0.127,0.116
162,14019840,,0.567,0.57,,,,0.184,,,,,0.082,0.126,,0.2,0.085,,0.153,,,,,,,,0.398,,0.419,0.155,,,0.094,,0.406,0.272,,,,0.137,0.126,0.167,,,,0.075,0.469,0.515,0.482,,,,0.241,,0.093,,,,,,0.184,0.132,,,,0.202,0.166,0.055,0.127,,,,0.101,0.118,0.122,,0.255,,,,,,0.095,,,,,0.067,0.055,0.185,0.391,0.036,0.1,0.268,0.141,0.159,0.071,0.096,0.071,,,0.16,,,0.083,0.024,0.016,,0.049,0.187,,,,,,,,0.175,,0.092,0.238,,,0.024,,0.093,,0.103,0.168,0.09,0.158,0.14,0.354,0.168,0.137,0.083,0.156,0.134,,0.615,,,,,,,,0.161,0.168,0.095,0.143,0.287,,,,,0.109,0.178,0.586,,,0.545,0.624,,0.145,0.148,0.195,0.64,0.638,0.16,0.139,0.645,0.182,,,0.24,,,,,0.156,,,,0.164,,0.105,,0.151,0.113,0.117,0.09,,,,0.422,0.097,,,0.127,0.116
162,14019900,,0.567,0.57,,,,0.184,,,,,0.082,0.094,,0.2,0.088,,0.153,,,,,,,,0.398,,0.434,0.155,,,0.094,,0.407,0.27,,,,0.137,0.126,0.166,,,,0.075,0.469,0.514,0.482,,,,0.241,,0.093,,,,,,0.191,0.133,,,,0.202,0.166,0.056,0.126,,,,0.101,0.118,0.124,,0.256,,,,,,0.094,,,,,0.057,0.055,0.189,0.38,0.036,0.1,0.277,0.142,0.163,0.071,0.096,0.074,,,0.158,,,0.084,0.028,0.018,,0.049,0.187,,,,,,,,0.181,,0.09,0.242,,,0.024,,0.093,,0.103,0.168,0.089,0.158,0.14,0.355,0.161,0.138,0.082,0.156,0.134,,0.615,,,,,,,,0.162,0.168,0.095,0.143,0.287,,,,,0.109,0.178,0.586,,,0.545,0.624,,0.146,0.149,0.195,0.64,0.638,0.16,0.139,0.645,0.185,,,0.235,,,,,0.156,,,,0.164,,0.105,,0.15,0.114,0.117,0.089,,,,0.42,0.098,,,0.127,0.116
162,14019960,,0.567,0.57,,,,0.184,,,,,0.082,0.118,,0.2,0.084,,0.153,,,,,,,,0.397,,0.438,0.155,,,0.094,,0.407,0.268,,,,0.137,0.126,0.166,,,,0.075,0.469,0.514,0.482,,,,0.241,,0.093,,,,,,0.211,0.133,,,,0.202,0.166,0.055,0.125,,,,0.1,0.12,0.125,,0.255,,,,,,0.094,,,,,0.057,0.055,0.188,0.352,0.036,0.1,0.285,0.141,0.162,0.071,0.096,0.074,,,0.159,,,0.084,0.024,0.016,,0.049,0.187,,,,,,,,0.161,,0.092,0.234,,,0.024,,0.092,,0.102,0.168,0.089,0.158,0.14,0.355,0.158,0.138,0.08,0.156,0.135,,0.615,,,,,,,,0.162,0.167,0.095,0.143,0.287,,,,,0.109,0.178,0.586,,,0.545,0.624,,0.145,0.149,0.195,0.64,0.638,0.16,0.139,0.647,0.186,,,0.234,,,,,0.158,,,,0.164,,0.105,,0.15,0.115,0.118,0.104,,,,0.42,0.098,,,0.127,0.116
162,14020020,,0.567,0.57,,,,0.184,,,,,0.082,0.113,,0.2,0.079,,0.153,,,,,,,,0.397,,0.416,0.155,,,0.095,,0.406,0.268,,,,0.137,0.125,0.166,,,,0.075,0.469,0.514,0.482,,,,0.241,,0.092,,,,,,0.2,0.133,,,,0.202,0.165,0.055,0.125,,,,0.1,0.119,0.124,,0.255,,,,,,0.095,,,,,0.057,0.055,0.195,0.4,0.036,0.1,0.268,0.142,0.163,0.071,0.096,0.075,,,0.159,,,0.084,0.023,0.017,,0.061,0.187,,,,,,,,0.165,,0.091,0.259,,,0.024,,0.093,,0.103,0.168,0.09,0.158,0.14,0.356,0.163,0.139,0.081,0.157,0.134,,0.615,,,,,,,,0.162,0.167,0.095,0.143,0.287,,,,,0.109,0.178,0.586,,,0.545,0.624,,0.145,0.149,0.195,0.64,0.638,0.16,0.139,0.641,0.184,,,0.235,,,,,0.158,,,,0.163,,0.105,,0.15,0.114,0.115,0.102,,,,0.42,0.098,,,0.127,0.116
162,14020080,,0.568,0.57,,,,0.184,,,,,0.082,0.108,,0.2,0.071,,0.153,,,,,,,,0.398,,0.395,0.155,,,0.093,,0.407,0.269,,,,0.137,0.125,0.166,,,,0.075,0.468,0.514,0.482,,,,0.241,,0.093,,,,,,0.202,0.133,,,,0.202,0.166,0.056,0.126,,,,0.101,0.12,0.124,,0.255,,,,,,0.093,,,,,0.057,0.055,0.187,0.381,0.036,0.1,0.297,0.141,0.161,0.071,0.097,0.077,,,0.158,,,0.083,0.023,0.016,,0.05,0.187,,,,,,,,0.171,,0.092,0.26,,,0.025,,0.093,,0.103,0.169,0.092,0.158,0.14,0.356,0.16,0.139,0.08,0.156,0.134,,0.615,,,,,,,,0.163,0.167,0.095,0.143,0.287,,,,,0.109,0.178,0.586,,,0.545,0.624,,0.145,0.149,0.196,0.64,0.638,0.16,0.139,0.634,0.184,,,0.235,,,,,0.158,,,,0.163,,0.104,,0.152,0.115,0.118,0.101,,,,0.42,0.098,,,0.127,0.116
162,14020140,,0.568,0.57,,,,0.184,,,,,0.082,0.087,,0.202,0.078,,0.153,,,,,,,,0.398,,0.384,0.155,,,0.095,,0.407,0.274,,,,0.137,0.125,0.164,,,,0.075,0.469,0.514,0.482,,,,0.241,,0.093,,,,,,0.202,0.134,,,,0.202,0.166,0.056,0.125,,,,0.101,0.12,0.124,,0.256,,,,,,0.094,,,,,0.058,0.055,0.183,0.431,0.036,0.1,0.27,0.142,0.162,0.071,0.097,0.077,,,0.159,,,0.083,0.024,0.016,,0.05,0.187,,,,,,,,0.164,,0.092,0.267,,,0.024,,0.094,,0.104,0.167,0.091,0.158,0.14,0.356,0.158,0.139,0.08,0.156,0.134,,0.616,,,,,,,,0.163,0.168,0.095,0.143,0.287,,,,,0.109,0.178,0.586,,,0.545,0.624,,0.145,0.149,0.196,0.64,0.638,0.16,0.139,0.627,0.185,,,0.239,,,,,0.158,,,,0.162,,0.105,,0.151,0.114,0.118,0.102,,,,0.421,0.098,,,0.127,0.116
162,14020200,,0.568,0.57,,,,0.184,,,,,0.082,0.073,,0.201,0.085,,0.153,,,,,,,,0.398,,0.362,0.155,,,0.095,,0.407,0.275,,,,0.138,0.125,0.166,,,,0.075,0.471,0.515,0.483,,,,0.241,,0.092,,,,,,0.205,0.138,,,,0.202,0.166,0.056,0.127,,,,0.1,0.131,0.149,,0.28,,,,,,0.095,,,,,0.057,0.055,0.203,0.402,0.036,0.1,0.293,0.142,0.164,0.071,0.098,0.078,,,0.159,,,0.083,0.024,0.016,,0.05,0.187,,,,,,,,0.156,,0.091,0.256,,,0.024,,0.093,,0.103,0.169,0.092,0.16,0.14,0.355,0.155,0.138,0.08,0.157,0.134,,0.616,,,,,,,,0.178,0.173,0.095,0.144,0.289,,,,,0.117,0.178,0.586,,,0.545,0.624,,0.145,0.15,0.195,0.64,0.638,0.16,0.139,0.626,0.187,,,0.241,,,,,0.158,,,,0.173,,0.104,,0.15,0.115,0.115,0.098,,,,0.422,0.098,,,0.127,0.116
162,14020260,,0.568,0.57,,,,0.184,,,,,0.082,0.112,,0.201,0.08,,0.153,,,,,,,,0.399,,0.38,0.156,,,0.096,,0.407,0.275,,,,0.138,0.125,0.165,,,,0.075,0.471,0.515,0.483,,,,0.241,,0.092,,,,,,0.193,0.138,,,,0.202,0.166,0.056,0.126,,,,0.1,0.136,0.158,,0.276,,,,,,0.095,,,,,0.058,0.055,0.2,0.405,0.036,0.1,0.279,0.144,0.165,0.071,0.098,0.078,,,0.16,,,0.084,0.023,0.016,,0.056,0.187,,,,,,,,0.161,,0.091,0.26,,,0.024,,0.093,,0.103,0.168,0.093,0.158,0.14,0.355,0.162,0.139,0.081,0.155,0.134,,0.616,,,,,,,,0.169,0.168,0.095,0.144,0.288,,,,,0.118,0.178,0.587,,,0.545,0.624,,0.146,0.15,0.195,0.64,0.638,0.16,0.14,0.626,0.188,,,0.239,,,,,0.158,,,,0.171,,0.105,,0.15,0.115,0.117,0.096,,,,0.423,0.098,,,0.127,0.116
162,14020320,,0.568,0.57,,,,0.184,,,,,0.082,0.119,,0.201,0.082,,0.153,,,,,,,,0.399,,0.4,0.156,,,0.094,,0.407,0.274,,,,0.137,0.125,0.166,,,,0.075,0.471,0.515,0.483,,,,0.241,,0.092,,,,,,0.188,0.136,,,,0.202,0.166,0.056,0.126,,,,0.101,0.131,0.152,,0.268,,,,,,0.094,,,,,0.057,0.055,0.209,0.407,0.036,0.1,0.282,0.143,0.165,0.071,0.099,0.081,,,0.159,,,0.083,0.024,0.017,,0.05,0.187,,,,,,,,0.159,,0.092,0.285,,,0.024,,0.094,,0.104,0.168,0.094,0.157,0.14,0.355,0.163,0.14,0.081,0.156,0.134,,0.616,,,,,,,,0.168,0.168,0.095,0.143,0.288,,,,,0.114,0.178,0.587,,,0.545,0.624,,0.146,0.15,0.195,0.64,0.638,0.16,0.14,0.627,0.186,,,0.241,,,,,0.158,,,,0.171,,0.104,,0.15,0.115,0.118,0.093,,,,0.423,0.098,,,0.127,0.116
162,14020380,,0.568,0.57,,,,0.184,,,,,0.083,0.123,,0.201,0.082,,0.153,,,,,,,,0.399,,0.404,0.156,,,0.095,,0.407,0.273,,,,0.137,0.126,0.166,,,,0.075,0.471,0.515,0.483,,,,0.241,,0.093,,,,,,0.186,0.134,,,,0.202,0.166,0.055,0.127,,,,0.099,0.125,0.146,,0.259,,,,,,0.094,,,,,0.057,0.055,0.209,0.406,0.036,0.1,0.29,0.145,0.167,0.071,0.099,0.08,,,0.158,,,0.084,0.024,0.016,,0.05,0.187,,,,,,,,0.157,,0.092,0.282,,,0.024,,0.094,,0.104,0.168,0.091,0.158,0.14,0.356,0.167,0.14,0.08,0.156,0.135,,0.616,,,,,,,,0.167,0.168,0.095,0.143,0.288,,,,,0.114,0.178,0.587,,,0.545,0.624,,0.146,0.15,0.195,0.64,0.638,0.16,0.141,0.625,0.185,,,0.243,,,,,0.159,,,,0.171,,0.104,,0.15,0.115,0.119,0.092,,,,0.421,0.098,,,0.127,0.116
162,14020440,,0.567,0.57,,,,0.184,,,,,0.083,0.097,,0.201,0.083,,0.153,,,,,,,,0.399,,0.401,0.156,,,0.096,,0.407,0.273,,,,0.137,0.126,0.166,,,,0.075,0.471,0.515,0.483,,,,0.241,,0.093,,,,,,0.184,0.134,,,,0.202,0.166,0.055,0.126,,,,0.1,0.121,0.136,,0.259,,,,,,0.095,,,,,0.058,0.055,0.207,0.448,0.036,0.1,0.288,0.144,0.159,0.071,0.098,0.081,,,0.159,,,0.084,0.024,0.016,,0.05,0.187,,,,,,,,0.16,,0.091,0.282,,,0.024,,0.093,,0.103,0.168,0.089,0.158,0.14,0.356,0.167,0.139,0.08,0.156,0.135,,0.616,,,,,,,,0.168,0.168,0.095,0.143,0.288,,,,,0.113,0.178,0.587,,,0.545,0.624,,0.146,0.15,0.196,0.64,0.638,0.16,0.141,0.624,0.186,,,0.243,,,,,0.16,,,,0.171,,0.104,,0.15,0.116,0.117,0.092,,,,0.422,0.098,,,0.127,0.115
162,14020500,,0.567,0.57,,,,0.184,,,,,0.082,0.1,,0.201,0.093,,0.153,,,,,,,,0.4,,0.386,0.155,,,0.095,,0.407,0.271,,,,0.137,0.125,0.166,,,,0.075,0.471,0.515,0.483,,,,0.241,,0.093,,,,,,0.188,0.135,,,,0.202,0.166,0.056,0.126,,,,0.101,0.121,0.128,,0.263,,,,,,0.095,,,,,0.057,0.055,0.215,0.428,0.036,0.1,0.295,0.144,0.166,0.071,0.098,0.083,,,0.158,,,0.085,0.024,0.016,,0.05,0.187,,,,,,,,0.159,,0.091,0.276,,,0.024,,0.093,,0.104,0.168,0.09,0.158,0.14,0.356,0.177,0.139,0.08,0.156,0.134,,0.616,,,,,,,,0.168,0.168,0.095,0.143,0.288,,,,,0.113,0.178,0.587,,,0.545,0.624,,0.146,0.15,0.195,0.64,0.638,0.16,0.141,0.633,0.186,,,0.24,,,,,0.159,,,,0.171,,0.103,,0.15,0.113,0.118,0.092,,,,0.422,0.099,,,0.127,0.115
162,14020560,,0.568,0.57,,,,0.184,,,,,0.082,0.115,,0.202,0.077,,0.153,,,,,,,,0.399,,0.345,0.155,,,0.095,,0.407,0.27,,,,0.137,0.125,0.165,,,,0.075,0.471,0.515,0.483,,,,0.241,,0.094,,,,,,0.188,0.135,,,,0.202,0.166,0.056,0.127,,,,0.101,0.122,0.128,,0.263,,,,,,0.094,,,,,0.058,0.055,0.215,0.412,0.036,0.1,0.289,0.143,0.163,0.071,0.098,0.082,,,0.159,,,0.084,0.024,0.016,,0.049,0.187,,,,,,,,0.159,,0.091,0.261,,,0.024,,0.094,,0.104,0.168,0.091,0.157,0.139,0.357,0.179,0.139,0.08,0.156,0.134,,0.616,,,,,,,,0.169,0.168,0.095,0.143,0.288,,,,,0.114,0.178,0.586,,,0.545,0.624,,0.146,0.15,0.194,0.64,0.638,0.16,0.14,0.628,0.187,,,0.237,,,,,0.158,,,,0.171,,0.104,,0.15,0.116,0.118,0.092,,,,0.423,0.098,,,0.127,0.115
162,14020620,,0.568,0.57,,,,0.183,,,,,0.082,0.11,,0.201,0.092,,0.153,,,,,,,,0.399,,0.349,0.155,,,0.095,,0.407,0.269,,,,0.137,0.125,0.166,,,,0.075,0.471,0.515,0.483,,,,0.241,,0.094,,,,,,0.185,0.135,,,,0.202,0.167,0.056,0.127,,,,0.1,0.122,0.126,,0.263,,,,,,0.094,,,,,0.059,0.055,0.221,0.443,0.036,0.1,0.286,0.145,0.161,0.071,0.1,0.083,,,0.159,,,0.085,0.025,0.017,,0.049,0.187,,,,,,,,0.164,,0.091,0.245,,,0.024,,0.094,,0.104,0.168,0.09,0.158,0.139,0.357,0.167,0.139,0.08,0.156,0.134,,0.616,,,,,,,,0.168,0.168,0.095,0.143,0.288,,,,,0.114,0.178,0.586,,,0.545,0.624,,0.146,0.15,0.195,0.64,0.638,0.16,0.141,0.632,0.187,,,0.231,,,,,0.158,,,,0.17,,0.104,,0.15,0.116,0.119,0.092,,,,0.423,0.098,,,0.127,0.115
162,14020680,,0.568,0.57,,,,0.183,,,,,0.083,0.104,,0.201,0.084,,0.153,,,,,,,,0.399,,0.36,0.155,,,0.096,,0.407,0.268,,,,0.137,0.125,0.166,,,,0.075,0.471,0.515,0.483,,,,0.241,,0.093,,,,,,0.185,0.135,,,,0.202,0.164,0.055,0.126,,,,0.1,0.122,0.126,,0.264,,,,,,0.095,,,,,0.058,0.055,0.23,0.435,0.036,0.1,0.289,0.145,0.167,0.071,0.1,0.085,,,0.158,,,0.086,0.023,0.017,,0.049,0.187,,,,,,,,0.165,,0.092,0.254,,,0.024,,0.093,,0.103,0.167,0.089,0.158,0.139,0.357,0.163,0.14,0.083,0.156,0.133,,0.616,,,,,,,,0.168,0.169,0.095,0.143,0.288,,,,,0.113,0.178,0.586,,,0.545,0.624,,0.146,0.15,0.194,0.64,0.638,0.16,0.14,0.635,0.187,,,0.233,,,,,0.159,,,,0.169,,0.104,,0.149,0.115,0.117,0.092,,,,0.424,0.098,,,0.127,0.115
162,14020740,,0.568,0.57,,,,0.183,,,,,0.083,0.116,,0.201,0.089,,0.153,,,,,,,,0.399,,0.373,0.156,,,0.096,,0.407,0.266,,,,0.137,0.125,0.166,,,,0.075,0.471,0.515,0.483,,,,0.241,,0.093,,,,,,0.183,0.135,,,,0.202,0.164,0.056,0.127,,,,0.101,0.123,0.126,,0.263,,,,,,0.095,,,,,0.058,0.055,0.205,0.429,0.036,0.1,0.294,0.145,0.169,0.071,0.1,0.085,,,0.159,,,0.087,0.024,0.017,,0.049,0.187,,,,,,,,0.167,,0.093,0.27,,,0.024,,0.094,,0.103,0.168,0.09,0.156,0.139,0.357,0.161,0.139,0.083,0.156,0.134,,0.616,,,,,,,,0.171,0.169,0.095,0.143,0.288,,,,,0.113,0.178,0.587,,,0.545,0.624,,0.147,0.15,0.194,0.64,0.638,0.16,0.14,0.637,0.189,,,0.237,,,,,0.157,,,,0.169,,0.103,,0.162,0.115,0.118,0.093,,,,0.424,0.098,,,0.127,0.115
162,14020800,,0.568,0.57,,,,0.183,,,,,0.083,0.128,,0.2,0.094,,0.153,,,,,,,,0.399,,0.364,0.156,,,0.094,,0.407,0.269,,,,0.137,0.125,0.166,,,,0.075,0.471,0.515,0.483,,,,0.241,,0.094,,,,,,0.182,0.137,,,,0.202,0.164,0.056,0.128,,,,0.102,0.125,0.138,,0.269,,,,,,0.094,,,,,0.059,0.055,0.217,0.414,0.036,0.1,0.306,0.146,0.167,0.071,0.101,0.085,,,0.163,,,0.085,0.023,0.017,,0.049,0.187,,,,,,,,0.168,,0.093,0.272,,,0.024,,0.094,,0.104,0.168,0.09,0.158,0.138,0.357,0.175,0.141,0.083,0.156,0.134,,0.616,,,,,,,,0.173,0.17,0.095,0.143,0.289,,,,,0.117,0.178,0.587,,,0.545,0.624,,0.147,0.15,0.194,0.64,0.638,0.16,0.14,0.64,0.189,,,0.247,,,,,0.158,,,,0.169,,0.104,,0.163,0.116,0.119,0.092,,,,0.423,0.098,,,0.127,0.115
162,14020860,,0.568,0.57,,,,0.183,,,,,0.083,0.106,,0.201,0.09,,0.153,,,,,,,,0.399,,0.379,0.156,,,0.095,,0.407,0.272,,,,0.137,0.125,0.165,,,,0.075,0.471,0.515,0.483,,,,0.241,,0.094,,,,,,0.19,0.138,,,,0.202,0.165,0.056,0.128,,,,0.1,0.129,0.143,,0.268,,,,,,0.094,,,,,0.059,0.055,0.199,0.456,0.036,0.1,0.298,0.147,0.164,0.071,0.102,0.086,,,0.167,,,0.084,0.032,0.017,,0.049,0.187,,,,,,,,0.171,,0.094,0.259,,,0.024,,0.094,,0.105,0.169,0.091,0.158,0.138,0.357,0.169,0.139,0.083,0.155,0.134,,0.616,,,,,,,,0.173,0.169,0.095,0.143,0.289,,,,,0.117,0.178,0.587,,,0.545,0.624,,0.146,0.15,0.194,0.64,0.638,0.16,0.14,0.645,0.189,,,0.253,,,,,0.158,,,,0.166,,0.104,,0.165,0.117,0.119,0.092,,,,0.423,0.098,,,0.127,0.115
162,14020920,,0.568,0.57,,,,0.183,,,,,0.085,0.112,,0.201,0.087,,0.153,,,,,,,,0.399,,0.36,0.156,,,0.095,,0.407,0.269,,,,0.137,0.125,0.165,,,,0.075,0.471,0.515,0.483,,,,0.241,,0.093,,,,,,0.188,0.136,,,,0.202,0.165,0.056,0.128,,,,0.101,0.127,0.138,,0.265,,,,,,0.095,,,,,0.058,0.055,0.212,0.427,0.036,0.1,0.291,0.147,0.168,0.071,0.103,0.087,,,0.16,,,0.085,0.024,0.016,,0.049,0.187,,,,,,,,0.156,,0.09,0.296,,,0.024,,0.093,,0.104,0.168,0.09,0.158,0.139,0.358,0.167,0.14,0.084,0.155,0.134,,0.616,,,,,,,,0.172,0.168,0.095,0.143,0.289,,,,,0.114,0.177,0.586,,,0.545,0.624,,0.146,0.15,0.194,0.64,0.638,0.16,0.139,0.636,0.191,,,0.255,,,,,0.158,,,,0.166,,0.104,,0.166,0.115,0.117,0.091,,,,0.422,0.098,,,0.127,0.115
162,14020980,,0.568,0.57,,,,0.183,,,,,0.085,0.075,,0.201,0.088,,0.154,,,,,,,,0.398,,0.388,0.156,,,0.096,,0.407,0.269,,,,0.137,0.125,0.167,,,,0.075,0.471,0.515,0.484,,,,0.241,,0.093,,,,,,0.187,0.136,,,,0.202,0.166,0.056,0.128,,,,0.101,0.126,0.132,,0.264,,,,,,0.095,,,,,0.058,0.055,0.212,0.465,0.036,0.1,0.311,0.146,0.175,0.071,0.103,0.087,,,0.16,,,0.084,0.025,0.017,,0.049,0.187,,,,,,,,0.164,,0.091,0.22,,,0.023,,0.094,,0.104,0.168,0.09,0.158,0.14,0.358,0.166,0.14,0.084,0.156,0.142,,0.616,,,,,,,,0.172,0.17,0.095,0.143,0.289,,,,,0.113,0.177,0.586,,,0.545,0.624,,0.146,0.149,0.194,0.64,0.638,0.16,0.139,0.635,0.192,,,0.252,,,,,0.157,,,,0.166,,0.104,,0.167,0.116,0.117,0.09,,,,0.421,0.098,,,0.127,0.115
162,14021040,,0.568,0.57,,,,0.183,,,,,0.085,0.099,,0.201,0.079,,0.153,,,,,,,,0.398,,0.399,0.156,,,0.095,,0.407,0.268,,,,0.137,0.125,0.167,,,,0.075,0.472,0.515,0.484,,,,0.241,,0.094,,,,,,0.19,0.136,,,,0.202,0.166,0.056,0.128,,,,0.102,0.126,0.13,,0.266,,,,,,0.094,,,,,0.058,0.055,0.209,0.458,0.036,0.1,0.312,0.147,0.171,0.071,0.103,0.087,,,0.161,,,0.084,0.025,0.016,,0.049,0.187,,,,,,,,0.161,,0.091,0.19,,,0.024,,0.095,,0.104,0.168,0.09,0.157,0.14,0.358,0.168,0.141,0.084,0.156,0.144,,0.616,,,,,,,,0.172,0.17,0.095,0.143,0.289,,,,,0.113,0.177,0.586,,,0.545,0.624,,0.146,0.15,0.193,0.64,0.638,0.16,0.139,0.638,0.196,,,0.248,,,,,0.158,,,,0.165,,0.104,,0.167,0.116,0.118,0.089,,,,0.422,0.098,,,0.127,0.115
162,14021100,,0.567,0.57,,,,0.183,,,,,0.085,0.128,,0.201,0.081,,0.154,,,,,,,,0.398,,0.398,0.155,,,0.096,,0.407,0.268,,,,0.137,0.126,0.168,,,,0.075,0.473,0.515,0.484,,,,0.241,,0.094,,,,,,0.19,0.138,,,,0.202,0.166,0.056,0.127,,,,0.1,0.127,0.133,,0.268,,,,,,0.095,,,,,0.058,0.055,0.214,0.439,0.036,0.1,0.302,0.148,0.171,0.071,0.104,0.088,,,0.162,,,0.085,0.024,0.016,,0.05,0.187,,,,,,,,0.16,,0.09,0.19,,,0.024,,0.093,,0.103,0.168,0.09,0.158,0.14,0.357,0.163,0.141,0.083,0.156,0.145,,0.616,,,,,,,,0.176,0.171,0.095,0.143,0.289,,,,,0.114,0.177,0.587,,,0.545,0.624,,0.147,0.15,0.194,0.64,0.638,0.16,0.139,0.647,0.196,,,0.244,,,,,0.159,,,,0.164,,0.105,,0.165,0.116,0.119,0.089,,,,0.422,0.098,,,0.127,0.115
162,14021160,,0.568,0.57,,,,0.183,,,,,0.085,0.132,,0.201,0.078,,0.154,,,,,,,,0.398,,0.398,0.155,,,0.095,,0.407,0.268,,,,0.137,0.126,0.168,,,,0.075,0.473,0.515,0.483,,,,0.241,,0.093,,,,,,0.218,0.138,,,,0.202,0.166,0.056,0.127,,,,0.101,0.128,0.134,,0.267,,,,,,0.094,,,,,0.059,0.055,0.207,0.442,0.036,0.1,0.331,0.149,0.175,0.071,0.107,0.088,,,0.16,,,0.085,0.024,0.016,,0.162,0.187,,,,,,,,0.167,,0.09,0.186,,,0.024,,0.093,,0.104,0.168,0.09,0.158,0.14,0.356,0.167,0.139,0.082,0.156,0.147,,0.616,,,,,,,,0.177,0.169,0.095,0.143,0.29,,,,,0.114,0.177,0.587,,,0.545,0.624,,0.146,0.15,0.194,0.64,0.638,0.16,0.139,0.646,0.197,,,0.242,,,,,0.159,,,,0.163,,0.105,,0.165,0.117,0.116,0.105,,,,0.422,0.097,,,0.127,0.115
162,14021220,,0.568,0.57,,,,0.183,,,,,0.085,0.124,,0.199,0.085,,0.154,,,,,,,,0.398,,0.404,0.156,,,0.095,,0.407,0.272,,,,0.137,0.125,0.166,,,,0.075,0.473,0.515,0.483,,,,0.241,,0.094,,,,,,0.205,0.137,,,,0.202,0.166,0.055,0.127,,,,0.101,0.127,0.133,,0.267,,,,,,0.095,,,,,0.058,0.055,0.215,0.458,0.036,0.1,0.325,0.149,0.176,0.071,0.107,0.089,,,0.159,,,0.085,0.024,0.016,,0.049,0.187,,,,,,,,0.164,,0.091,0.209,,,0.024,,0.094,,0.104,0.168,0.091,0.157,0.139,0.356,0.173,0.142,0.082,0.156,0.147,,0.616,,,,,,,,0.176,0.17,0.095,0.143,0.289,,,,,0.113,0.177,0.587,,,0.545,0.624,,0.147,0.151,0.193,0.64,0.638,0.16,0.139,0.65,0.197,,,0.24,,,,,0.157,,,,0.162,,0.105,,0.165,0.116,0.116,0.103,,,,0.423,0.097,,,0.127,0.115
162,14021280,,0.568,0.57,,,,0.183,,,,,0.085,0.122,,0.199,0.088,,0.154,,,,,,,,0.399,,0.395,0.157,,,0.095,,0.407,0.272,,,,0.137,0.125,0.167,,,,0.075,0.475,0.515,0.484,,,,0.241,,0.094,,,,,,0.196,0.137,,,,0.202,0.166,0.055,0.128,,,,0.102,0.127,0.132,,0.266,,,,,,0.094,,,,,0.058,0.055,0.225,0.437,0.036,0.1,0.31,0.149,0.172,0.071,0.108,0.089,,,0.159,,,0.085,0.024,0.016,,0.049,0.187,,,,,,,,0.17,,0.091,0.219,,,0.024,,0.094,,0.104,0.169,0.092,0.157,0.138,0.357,0.17,0.141,0.083,0.157,0.148,,0.617,,,,,,,,0.178,0.171,0.095,0.143,0.289,,,,,0.113,0.177,0.587,,,0.545,0.624,,0.147,0.151,0.194,0.64,0.638,0.16,0.139,0.648,0.194,,,0.238,,,,,0.158,,,,0.162,,0.105,,0.165,0.117,0.118,0.099,,,,0.422,0.097,,,0.127,0.115
162,14021340,,0.567,0.57,,,,0.183,,,,,0.085,0.103,,0.201,0.087,,0.154,,,,,,,,0.399,,0.391,0.157,,,0.096,,0.407,0.271,,,,0.137,0.125,0.167,,,,0.075,0.476,0.515,0.484,,,,0.241,,0.094,,,,,,0.188,0.137,,,,0.202,0.166,0.056,0.127,,,,0.1,0.128,0.132,,0.267,,,,,,0.095,,,,,0.059,0.055,0.225,0.457,0.036,0.1,0.315,0.15,0.175,0.071,0.109,0.09,,,0.161,,,0.086,0.024,0.017,,0.049,0.187,,,,,,,,0.169,,0.09,0.186,,,0.024,,0.093,,0.103,0.168,0.092,0.158,0.139,0.357,0.173,0.143,0.086,0.156,0.132,,0.617,,,,,,,,0.18,0.17,0.095,0.143,0.289,,,,,0.113,0.177,0.587,,,0.545,0.624,,0.147,0.151,0.195,0.64,0.638,0.16,0.139,0.639,0.192,,,0.235,,,,,0.159,,,,0.161,,0.103,,0.164,0.115,0.118,0.099,,,,0.422,0.097,,,0.127,0.115
162,14021400,,0.567,0.57,,,,0.183,,,,,0.084,0.13,,0.201,0.079,,0.154,,,,,,,,0.399,,0.395,0.157,,,0.096,,0.407,0.269,,,,0.137,0.125,0.167,,,,0.075,0.476,0.515,0.484,,,,0.241,,0.094,,,,,,0.199,0.138,,,,0.202,0.166,0.055,0.128,,,,0.101,0.13,0.142,,0.272,,,,,,0.095,,,,,0.06,0.055,0.234,0.466,0.036,0.1,0.322,0.151,0.185,0.071,0.111,0.093,,,0.161,,,0.086,0.025,0.016,,0.049,0.187,,,,,,,,0.159,,0.091,0.182,,,0.024,,0.094,,0.104,0.168,0.093,0.158,0.139,0.357,0.174,0.144,0.085,0.156,0.132,,0.617,,,,,,,,0.185,0.172,0.095,0.143,0.291,,,,,0.116,0.178,0.587,,,0.545,0.624,,0.146,0.151,0.194,0.64,0.638,0.16,0.139,0.64,0.19,,,0.238,,,,,0.158,,,,0.161,,0.105,,0.168,0.115,0.116,0.099,,,,0.424,0.097,,,0.127,0.115
162,14021460,,0.567,0.57,,,,0.183,,,,,0.084,0.125,,0.201,0.076,,0.154,,,,,,,,0.399,,0.376,0.158,,,0.096,,0.407,0.268,,,,0.137,0.125,0.168,,,,0.075,0.476,0.515,0.484,,,,0.241,,0.093,,,,,,0.208,0.139,,,,0.202,0.166,0.056,0.127,,,,0.102,0.134,0.145,,0.272,,,,,,0.095,,,,,0.059,0.055,0.214,0.475,0.036,0.1,0.311,0.151,0.182,0.071,0.114,0.092,,,0.16,,,0.086,0.073,0.181,,0.049,0.187,,,,,,,,0.172,,0.091,0.186,,,0.024,,0.095,,0.105,0.169,0.095,0.157,0.139,0.357,0.169,0.144,0.083,0.157,0.133,,0.617,,,,,,,,0.181,0.17,0.095,0.143,0.29,,,,,0.117,0.178,0.587,,,0.545,0.624,,0.147,0.151,0.194,0.64,0.638,0.16,0.139,0.639,0.189,,,0.24,,,,,0.158,,,,0.161,,0.105,,0.168,0.115,0.118,0.099,,,,0.424,0.097,,,0.127,0.115
162,14021520,,0.568,0.57,,,,0.183,,,,,0.084,0.114,,0.201,0.075,,0.154,,,,,,,,0.399,,0.365,0.159,,,0.096,,0.407,0.267,,,,0.136,0.125,0.168,,,,0.075,0.477,0.515,0.484,,,,0.241,,0.092,,,,,,0.209,0.138,,,,0.202,0.166,0.055,0.128,,,,0.101,0.132,0.139,,0.27,,,,,,0.093,,,,,0.06,0.055,0.246,0.485,0.036,0.1,0.333,0.152,0.183,0.071,0.115,0.091,,,0.16,,,0.085,0.024,0.017,,0.049,0.187,,,,,,,,0.168,,0.091,0.157,,,0.024,,0.095,,0.105,0.168,0.092,0.158,0.138,0.358,0.179,0.144,0.083,0.157,0.133,,0.616,,,,,,,,0.182,0.169,0.095,0.143,0.29,,,,,0.116,0.177,0.587,,,0.545,0.624,,0.147,0.152,0.194,0.64,0.638,0.16,0.139,0.641,0.188,,,0.244,,,,,0.159,,,,0.16,,0.104,,0.168,0.115,0.118,0.098,,,,0.423,0.097,,,0.127,0.115
162,14021580,,0.568,0.57,,,,0.183,,,,,0.084,0.102,,0.201,0.075,,0.154,,,,,,,,0.399,,0.354,0.154,,,0.097,,0.407,0.266,,,,0.136,0.125,0.169,,,,0.075,0.477,0.515,0.485,,,,0.241,,0.092,,,,,,0.198,0.137,,,,0.202,0.166,0.055,0.128,,,,0.101,0.128,0.133,,0.27,,,,,,0.094,,,,,0.06,0.055,0.229,0.492,0.036,0.1,0.326,0.153,0.176,0.071,0.118,0.093,,,0.16,,,0.086,0.024,0.016,,0.049,0.187,,,,,,,,0.158,,0.09,0.152,,,0.024,,0.093,,0.094,0.17,0.091,0.158,0.134,0.358,0.174,0.146,0.085,0.152,0.133,,0.616,,,,,,,,0.182,0.17,0.095,0.143,0.29,,,,,0.118,0.177,0.587,,,0.545,0.624,,0.15,0.151,0.194,0.64,0.638,0.16,0.139,0.648,0.187,,,0.248,,,,,0.159,,,,0.16,,0.104,,0.168,0.117,0.117,0.096,,,,0.422,0.098,,,0.127,0.115
162,14021640,,0.568,0.57,,,,0.183,,,,,0.084,0.117,,0.201,0.073,,0.154,,,,,,,,0.399,,0.389,0.154,,,0.095,,0.407,0.268,,,,0.136,0.125,0.168,,,,0.075,0.477,0.515,0.485,,,,0.241,,0.092,,,,,,0.188,0.137,,,,0.202,0.167,0.054,0.128,,,,0.101,0.128,0.13,,0.274,,,,,,0.095,,,,,0.06,0.055,0.238,0.492,0.036,0.1,0.356,0.152,0.182,0.071,0.118,0.093,,,0.161,,,0.086,0.024,0.017,,0.049,0.187,,,,,,,,0.168,,0.091,0.154,,,0.024,,0.094,,0.095,0.169,0.091,0.157,0.137,0.358,0.162,0.146,0.084,0.152,0.134,,0.616,,,,,,,,0.182,0.17,0.095,0.143,0.29,,,,,0.118,0.177,0.587,,,0.545,0.624,,0.151,0.152,0.194,0.64,0.638,0.16,0.139,0.643,0.189,,,0.249,,,,,0.158,,,,0.159,,0.103,,0.168,0.115,0.118,0.094,,,,0.424,0.098,,,0.127,0.115
162,14021700,,0.568,0.57,,,,0.183,,,,,0.085,0.097,,0.201,0.088,,0.154,,,,,,,,0.399,,0.318,0.154,,,0.096,,0.407,0.266,,,,0.136,0.125,0.169,,,,0.075,0.478,0.514,0.485,,,,0.241,,0.093,,,,,,0.186,0.108,,,,0.202,0.167,0.055,0.129,,,,0.102,0.13,0.135,,0.277,,,,,,0.095,,,,,0.06,0.055,0.236,0.487,0.036,0.1,0.361,0.152,0.177,0.071,0.118,0.093,,,0.165,,,0.086,0.024,0.016,,0.049,0.187,,,,,,,,0.174,,0.092,0.149,,,0.024,,0.094,,0.095,0.169,0.091,0.157,0.137,0.358,0.168,0.144,0.082,0.153,0.134,,0.616,,,,,,,,0.182,0.141,0.095,0.143,0.292,,,,,0.12,0.177,0.587,,,0.545,0.624,,0.151,0.151,0.194,0.641,0.638,0.16,0.139,0.647,0.19,,,0.247,,,,,0.158,,,,0.159,,0.104,,0.166,0.115,0.118,0.093,,,,0.425,0.098,,,0.127,0.116
162,14021760,,0.568,0.57,,,,0.183,,,,,0.088,0.133,,0.201,0.075,,0.154,,,,,,,,0.4,,0.334,0.154,,,0.096,,0.407,0.265,,,,0.136,0.125,0.168,,,,0.075,0.478,0.514,0.485,,,,0.241,,0.093,,,,,,0.189,0.114,,,,0.202,0.166,0.055,0.129,,,,0.102,0.132,0.138,,0.275,,,,,,0.094,,,,,0.06,0.055,0.225,0.467,0.036,0.1,0.361,0.153,0.179,0.071,0.119,0.093,,,0.16,,,0.085,0.024,0.017,,0.049,0.187,,,,,,,,0.157,,0.091,0.16,,,0.024,,0.095,,0.096,0.169,0.092,0.158,0.134,0.358,0.17,0.145,0.082,0.152,0.133,,0.616,,,,,,,,0.184,0.153,0.095,0.143,0.291,,,,,0.121,0.177,0.587,,,0.545,0.624,,0.147,0.152,0.194,0.641,0.638,0.16,0.139,0.653,0.189,,,0.244,,,,,0.159,,,,0.158,,0.104,,0.166,0.116,0.118,0.093,,,,0.424,0.097,,,0.127,0.116
162,14021820,,0.568,0.57,,,,0.183,,,,,0.085,0.135,,0.201,0.083,,0.154,,,,,,,,0.4,,0.338,0.149,,,0.097,,0.407,0.266,,,,0.137,0.125,0.169,,,,0.075,0.478,0.515,0.485,,,,0.241,,0.091,,,,,,0.191,0.114,,,,0.202,0.167,0.055,0.125,,,,0.101,0.132,0.137,,0.275,,,,,,0.095,,,,,0.06,0.055,0.242,0.476,0.036,0.1,0.361,0.155,0.18,0.071,0.12,0.093,,,0.16,,,0.087,0.024,0.017,,0.049,0.187,,,,,,,,0.159,,0.092,0.155,,,0.024,,0.095,,0.094,0.169,0.09,0.158,0.136,0.358,0.174,0.147,0.082,0.152,0.133,,0.616,,,,,,,,0.182,0.16,0.095,0.143,0.291,,,,,0.122,0.177,0.587,,,0.545,0.624,,0.147,0.152,0.194,0.64,0.638,0.16,0.139,0.647,0.19,,,0.24,,,,,0.157,,,,0.158,,0.104,,0.166,0.114,0.119,0.092,,,,0.424,0.098,,,0.127,0.116
162,14021880,,0.568,0.57,,,,0.183,,,,,0.084,0.124,,0.201,0.077,,0.154,,,,,,,,0.4,,0.339,0.149,,,0.096,,0.407,0.266,,,,0.137,0.125,0.169,,,,0.075,0.479,0.515,0.485,,,,0.241,,0.092,,,,,,0.187,0.118,,,,0.203,0.167,0.055,0.125,,,,0.101,0.135,0.137,,0.278,,,,,,0.095,,,,,0.059,0.055,0.248,0.485,0.036,0.1,0.355,0.155,0.186,0.071,0.121,0.093,,,0.161,,,0.088,0.024,0.017,,0.049,0.187,,,,,,,,0.161,,0.094,0.147,,,0.024,,0.094,,0.094,0.168,0.091,0.157,0.135,0.358,0.187,0.145,0.085,0.152,0.133,,0.616,,,,,,,,0.185,0.165,0.095,0.143,0.291,,,,,0.124,0.177,0.587,,,0.545,0.624,,0.147,0.152,0.194,0.64,0.638,0.16,0.139,0.646,0.191,,,0.239,,,,,0.158,,,,0.158,,0.104,,0.164,0.116,0.117,0.091,,,,0.427,0.098,,,0.127,0.115
162,14021940,,0.568,0.57,,,,0.183,,,,,0.083,0.101,,0.201,0.071,,0.154,,,,,,,,0.4,,0.346,0.15,,,0.095,,0.407,0.271,,,,0.137,0.125,0.17,,,,0.075,0.479,0.515,0.485,,,,0.241,,0.093,,,,,,0.188,0.117,,,,0.203,0.167,0.055,0.125,,,,0.102,0.137,0.14,,0.278,,,,,,0.096,,,,,0.06,0.055,0.251,0.506,0.036,0.1,0.326,0.155,0.182,0.071,0.121,0.093,,,0.163,,,0.087,0.054,0.097,,0.049,0.187,,,,,,,,0.167,,0.094,0.156,,,0.024,,0.095,,0.095,0.169,0.092,0.158,0.136,0.358,0.184,0.145,0.087,0.152,0.133,,0.616,,,,,,,,0.184,0.168,0.095,0.143,0.294,,,,,0.124,0.178,0.587,,,0.545,0.624,,0.147,0.153,0.194,0.641,0.638,0.16,0.139,0.646,0.195,,,0.24,,,,,0.158,,,,0.158,,0.103,,0.163,0.117,0.117,0.09,,,,0.427,0.098,,,0.127,0.115
162,14022000,,0.568,0.57,,,,0.183,,,,,0.084,0.097,,0.201,0.12,,0.156,,,,,,,,0.4,,0.369,0.146,,,0.096,,0.408,0.273,,,,0.12,0.125,0.169,,,,0.075,0.481,0.515,0.485,,,,0.241,,0.093,,,,,,0.206,0.14,,,,0.203,0.165,0.055,0.126,,,,0.103,0.159,0.159,,0.385,,,,,,0.094,,,,,0.061,0.055,0.325,0.525,0.036,0.1,0.456,0.158,0.191,0.071,0.122,0.095,,,0.167,,,0.086,0.082,0.12,,0.049,0.191,,,,,,,,0.16,,0.093,0.161,,,0.024,,0.095,,0.095,0.168,0.092,0.161,0.137,0.358,0.172,0.145,0.086,0.153,0.134,,0.616,,,,,,,,0.197,0.171,0.097,0.144,0.313,,,,,0.174,0.182,0.586,,,0.546,0.625,,0.147,0.153,0.194,0.64,0.638,0.16,0.139,0.646,0.199,,,0.239,,,,,0.159,,,,0.183,,0.104,,0.163,0.117,0.117,0.09,,,,0.436,0.098,,,0.127,0.115
162,14022060,,0.568,0.57,,,,0.183,,,,,0.09,0.118,,0.201,0.08,,0.158,,,,,,,,0.4,,0.365,0.146,,,0.097,,0.408,0.275,,,,0.12,0.125,0.168,,,,0.075,0.481,0.515,0.485,,,,0.241,,0.092,,,,,,0.197,0.142,,,,0.203,0.165,0.055,0.124,,,,0.101,0.174,0.171,,0.38,,,,,,0.095,,,,,0.061,0.055,0.299,0.53,0.036,0.1,0.444,0.159,0.185,0.071,0.123,0.094,,,0.164,,,0.087,0.033,0.047,,0.049,0.191,,,,,,,,0.169,,0.092,0.177,,,0.024,,0.094,,0.094,0.169,0.091,0.157,0.136,0.358,0.19,0.145,0.086,0.152,0.134,,0.616,,,,,,,,0.198,0.171,0.097,0.144,0.31,,,,,0.174,0.181,0.586,,,0.546,0.625,,0.147,0.153,0.194,0.64,0.638,0.16,0.139,0.646,0.2,,,0.239,,,,,0.158,,,,0.183,,0.104,,0.164,0.116,0.117,0.089,,,,0.434,0.093,,,0.127,0.115
162,14022120,,0.568,0.57,,,,0.183,,,,,0.084,0.101,,0.201,0.073,,0.155,,,,,,,,0.4,,0.351,0.146,,,0.095,,0.408,0.274,,,,0.119,0.125,0.168,,,,0.075,0.481,0.515,0.485,,,,0.241,,0.093,,,,,,0.191,0.133,,,,0.203,0.158,0.055,0.125,,,,0.102,0.19,0.191,,0.369,,,,,,0.096,,,,,0.061,0.055,0.256,0.521,0.036,0.1,0.41,0.158,0.192,0.071,0.125,0.095,,,0.16,,,0.087,0.025,0.015,,0.049,0.191,,,,,,,,0.167,,0.093,0.198,,,0.024,,0.094,,0.094,0.169,0.092,0.157,0.138,0.358,0.185,0.151,0.086,0.152,0.133,,0.616,,,,,,,,0.188,0.172,0.097,0.144,0.301,,,,,0.157,0.179,0.586,,,0.546,0.625,,0.147,0.153,0.194,0.64,0.638,0.16,0.139,0.645,0.204,,,0.233,,,,,0.158,,,,0.176,,0.104,,0.165,0.115,0.116,0.089,,,,0.429,0.094,,,0.127,0.116
162,14022180,,0.568,0.57,,,,0.183,,,,,0.085,0.119,,0.201,0.077,,0.154,,,,,,,,0.4,,0.345,0.143,,,0.096,,0.408,0.273,,,,0.118,0.125,0.168,,,,0.075,0.48,0.515,0.486,,,,0.241,,0.093,,,,,,0.189,0.128,,,,0.203,0.163,0.055,0.125,,,,0.102,0.178,0.173,,0.357,,,,,,0.096,,,,,0.061,0.055,0.262,0.536,0.036,0.1,0.425,0.159,0.194,0.071,0.125,0.095,,,0.161,,,0.086,0.024,0.016,,0.049,0.191,,,,,,,,0.179,,0.093,0.19,,,0.024,,0.095,,0.095,0.168,0.092,0.157,0.138,0.358,0.192,0.155,0.086,0.152,0.134,,0.616,,,,,,,,0.18,0.173,0.097,0.144,0.296,,,,,0.157,0.179,0.586,,,0.546,0.625,,0.146,0.153,0.194,0.64,0.638,0.16,0.139,0.641,0.203,,,0.236,,,,,0.159,,,,0.175,,0.104,,0.163,0.116,0.117,0.088,,,,0.425,0.094,,,0.127,0.116
162,14022240,,0.568,0.57,,,,0.183,,,,,0.089,0.105,,0.201,0.074,,0.154,,,,,,,,0.399,,0.339,0.139,,,0.097,,0.408,0.275,,,,0.118,0.125,0.172,,,,0.075,0.48,0.515,0.486,,,,0.241,,0.092,,,,,,0.188,0.126,,,,0.203,0.156,0.055,0.124,,,,0.102,0.176,0.168,,0.343,,,,,,0.094,,,,,0.061,0.055,0.264,0.52,0.036,0.1,0.361,0.158,0.191,0.071,0.126,0.096,,,0.16,,,0.087,0.024,0.015,,0.049,0.191,,,,,,,,0.172,,0.092,0.16,,,0.024,,0.094,,0.096,0.169,0.091,0.157,0.14,0.358,0.185,0.148,0.086,0.152,0.134,,0.616,,,,,,,,0.181,0.174,0.097,0.144,0.295,,,,,0.157,0.178,0.586,,,0.546,0.625,,0.147,0.153,0.194,0.64,0.638,0.16,0.139,0.636,0.201,,,0.237,,,,,0.158,,,,0.176,,0.103,,0.164,0.117,0.116,0.088,,,,0.426,0.097,,,0.127,0.116
162,14022300,,0.568,0.57,,,,0.183,,,,,0.088,0.138,,0.201,0.1,,0.154,,,,,,,,0.4,,0.335,0.139,,,0.097,,0.408,0.274,,,,0.118,0.125,0.176,,,,0.075,0.478,0.515,0.486,,,,0.241,,0.093,,,,,,0.185,0.126,,,,0.203,0.161,0.055,0.123,,,,0.102,0.17,0.167,,0.332,,,,,,0.095,,,,,0.062,0.055,0.277,0.544,0.036,0.1,0.438,0.161,0.213,0.071,0.127,0.097,,,0.159,,,0.087,0.029,0.017,,0.049,0.19,,,,,,,,0.166,,0.092,0.155,,,0.024,,0.094,,0.094,0.169,0.092,0.156,0.137,0.358,0.184,0.148,0.085,0.152,0.134,,0.616,,,,,,,,0.179,0.175,0.097,0.144,0.296,,,,,0.158,0.178,0.586,,,0.546,0.625,,0.147,0.153,0.194,0.64,0.638,0.16,0.139,0.636,0.2,,,0.238,,,,,0.157,,,,0.177,,0.104,,0.161,0.116,0.117,0.095,,,,0.424,0.097,,,0.127,0.115
162,14022360,,0.568,0.57,,,,0.183,,,,,0.086,0.116,,0.201,0.077,,0.154,,,,,,,,0.4,,0.343,0.139,,,0.096,,0.408,0.271,,,,0.118,0.127,0.176,,,,0.075,0.478,0.515,0.486,,,,0.241,,0.094,,,,,,0.212,0.126,,,,0.203,0.161,0.055,0.124,,,,0.102,0.161,0.169,,0.323,,,,,,0.096,,,,,0.061,0.055,0.255,0.542,0.036,0.1,0.401,0.161,0.21,0.071,0.128,0.099,,,0.159,,,0.088,0.024,0.018,,0.049,0.19,,,,,,,,0.184,,0.093,0.14,,,0.024,,0.095,,0.094,0.169,0.092,0.157,0.123,0.358,0.196,0.148,0.083,0.153,0.134,,0.616,,,,,,,,0.177,0.176,0.096,0.144,0.295,,,,,0.159,0.178,0.586,,,0.546,0.625,,0.147,0.152,0.194,0.64,0.638,0.16,0.139,0.639,0.2,,,0.236,,,,,0.157,,,,0.175,,0.104,,0.161,0.116,0.115,0.105,,,,0.425,0.098,,,0.127,0.115
162,14022420,,0.568,0.57,,,,0.183,,,,,0.086,0.129,,0.201,0.071,,0.154,,,,,,,,0.4,,0.345,0.139,,,0.095,,0.408,0.27,,,,0.117,0.126,0.167,,,,0.075,0.478,0.515,0.486,,,,0.241,,0.094,,,,,,0.203,0.125,,,,0.203,0.161,0.055,0.125,,,,0.102,0.152,0.163,,0.314,,,,,,0.094,,,,,0.061,0.055,0.269,0.541,0.036,0.1,0.383,0.161,0.195,0.071,0.129,0.099,,,0.16,,,0.087,0.043,0.075,,0.056,0.19,,,,,,,,0.195,,0.093,0.148,,,0.024,,0.095,,0.095,0.169,0.094,0.157,0.13,0.358,0.208,0.15,0.085,0.153,0.134,,0.616,,,,,,,,0.177,0.177,0.096,0.144,0.295,,,,,0.158,0.178,0.587,,,0.546,0.625,,0.147,0.153,0.194,0.64,0.638,0.16,0.139,0.643,0.198,,,0.237,,,,,0.158,,,,0.173,,0.104,,0.169,0.117,0.116,0.103,,,,0.427,0.098,,,0.127,0.115
162,14022480,,0.568,0.57,,,,0.183,,,,,0.086,0.136,,0.201,0.073,,0.154,,,,,,,,0.4,,0.381,0.14,,,0.095,,0.408,0.269,,,,0.117,0.126,0.168,,,,0.075,0.481,0.515,0.486,,,,0.241,,0.094,,,,,,0.193,0.124,,,,0.203,0.161,0.055,0.126,,,,0.101,0.145,0.155,,0.307,,,,,,0.095,,,,,0.061,0.055,0.269,0.55,0.036,0.1,0.416,0.162,0.188,0.071,0.13,0.099,,,0.159,,,0.087,0.024,0.044,,0.049,0.19,,,,,,,,0.171,,0.092,0.159,,,0.024,,0.094,,0.095,0.169,0.093,0.156,0.13,0.358,0.209,0.152,0.088,0.153,0.134,,0.616,,,,,,,,0.177,0.178,0.096,0.144,0.295,,,,,0.157,0.177,0.586,,,0.546,0.625,,0.147,0.153,0.194,0.64,0.638,0.16,0.139,0.636,0.198,,,0.24,,,,,0.158,,,,0.172,,0.104,,0.173,0.117,0.117,0.1,,,,0.425,0.098,,,0.127,0.115
162,14022540,,0.568,0.57,,,,0.183,,,,,0.086,0.133,,0.201,0.073,,0.154,,,,,,,,0.4,,0.385,0.141,,,0.095,,0.408,0.267,,,,0.117,0.126,0.169,,,,0.075,0.484,0.515,0.486,,,,0.241,,0.093,,,,,,0.189,0.124,,,,0.203,0.161,0.055,0.125,,,,0.102,0.143,0.147,,0.305,,,,,,0.095,,,,,0.062,0.055,0.255,0.545,0.036,0.1,0.368,0.161,0.193,0.071,0.131,0.101,,,0.16,,,0.087,0.024,0.017,,0.063,0.19,,,,,,,,0.172,,0.093,0.154,,,0.024,,0.094,,0.094,0.169,0.094,0.157,0.131,0.359,0.203,0.152,0.087,0.153,0.133,,0.616,,,,,,,,0.178,0.179,0.096,0.144,0.296,,,,,0.157,0.177,0.586,,,0.546,0.625,,0.147,0.153,0.194,0.64,0.638,0.16,0.139,0.631,0.194,,,0.24,,,,,0.158,,,,0.171,,0.104,,0.174,0.116,0.116,0.099,,,,0.423,0.098,,,0.127,0.115
162,14022600,,0.568,0.57,,,,0.183,,,,,0.087,0.096,,0.201,0.069,,0.154,,,,,,,,0.4,,0.38,0.14,,,0.094,,0.408,0.271,,,,0.116,0.126,0.168,,,,0.075,0.484,0.515,0.486,,,,0.241,,0.094,,,,,,0.191,0.13,,,,0.203,0.162,0.055,0.124,,,,0.102,0.148,0.154,,0.309,,,,,,0.096,,,,,0.063,0.055,0.279,0.54,0.036,0.1,0.436,0.163,0.211,0.071,0.132,0.097,,,0.162,,,0.088,0.026,0.017,,0.048,0.19,,,,,,,,0.172,,0.094,0.14,,,0.024,,0.095,,0.094,0.17,0.093,0.157,0.125,0.359,0.204,0.151,0.086,0.162,0.135,,0.616,,,,,,,,0.179,0.18,0.096,0.144,0.297,,,,,0.162,0.178,0.586,,,0.546,0.625,,0.147,0.153,0.195,0.64,0.638,0.16,0.139,0.634,0.192,,,0.242,,,,,0.157,,,,0.17,,0.104,,0.18,0.117,0.116,0.099,,,,0.427,0.098,,,0.127,0.115
162,14022660,,0.568,0.57,,,,0.183,,,,,0.086,0.088,,0.201,0.079,,0.154,,,,,,,,0.4,,0.383,0.141,,,0.095,,0.408,0.273,,,,0.116,0.126,0.168,,,,0.075,0.485,0.515,0.486,,,,0.241,,0.094,,,,,,0.188,0.129,,,,0.203,0.162,0.055,0.125,,,,0.103,0.156,0.163,,0.305,,,,,,0.095,,,,,0.062,0.055,0.309,0.543,0.036,0.1,0.418,0.163,0.199,0.071,0.132,0.101,,,0.161,,,0.087,0.025,0.017,,0.048,0.19,,,,,,,,0.177,,0.094,0.142,,,0.024,,0.095,,0.095,0.169,0.093,0.158,0.13,0.359,0.202,0.152,0.088,0.162,0.134,,0.616,,,,,,,,0.178,0.18,0.096,0.144,0.297,,,,,0.162,0.178,0.587,,,0.546,0.625,,0.147,0.153,0.195,0.64,0.638,0.16,0.14,0.634,0.191,,,0.238,,,,,0.158,,,,0.168,,0.104,,0.18,0.117,0.117,0.096,,,,0.426,0.098,,,0.127,0.115
162,14022720,,0.568,0.57,,,,0.183,,,,,0.086,0.142,,0.199,0.071,,0.154,,,,,,,,0.4,,0.408,0.142,,,0.096,,0.408,0.272,,,,0.115,0.126,0.169,,,,0.075,0.485,0.515,0.486,,,,0.241,,0.093,,,,,,0.183,0.125,,,,0.203,0.162,0.055,0.126,,,,0.101,0.153,0.153,,0.3,,,,,,0.095,,,,,0.062,0.055,0.285,0.554,0.036,0.1,0.418,0.164,0.21,0.071,0.133,0.099,,,0.161,,,0.087,0.024,0.017,,0.049,0.19,,,,,,,,0.167,,0.093,0.143,,,0.024,,0.094,,0.095,0.169,0.091,0.156,0.127,0.359,0.197,0.152,0.087,0.163,0.134,,0.616,,,,,,,,0.177,0.18,0.096,0.144,0.295,,,,,0.158,0.178,0.587,,,0.546,0.625,,0.147,0.154,0.195,0.64,0.638,0.16,0.141,0.632,0.19,,,0.233,,,,,0.157,,,,0.166,,0.104,,0.18,0.117,0.118,0.095,,,,0.427,0.099,,,0.127,0.115
162,14022780,,0.568,0.57,,,,0.183,,,,,0.086,0.115,,0.201,0.079,,0.154,,,,,,,,0.4,,0.418,0.139,,,0.095,,0.408,0.272,,,,0.115,0.126,0.169,,,,0.075,0.485,0.515,0.486,,,,0.241,,0.095,,,,,,0.198,0.124,,,,0.203,0.162,0.055,0.124,,,,0.102,0.148,0.146,,0.302,,,,,,0.096,,,,,0.062,0.055,0.276,0.538,0.036,0.1,0.43,0.165,0.205,0.071,0.134,0.1,,,0.161,,,0.087,0.024,0.019,,0.048,0.19,,,,,,,,0.167,,0.093,0.142,,,0.024,,0.095,,0.094,0.17,0.091,0.157,0.129,0.359,0.187,0.152,0.086,0.162,0.134,,0.617,,,,,,,,0.175,0.181,0.096,0.144,0.297,,,,,0.158,0.178,0.587,,,0.546,0.625,,0.147,0.15,0.196,0.64,0.638,0.16,0.141,0.631,0.19,,,0.233,,,,,0.158,,,,0.165,,0.104,,0.18,0.116,0.116,0.097,,,,0.428,0.098,,,0.127,0.115
162,14022840,,0.568,0.57,,,,0.183,,,,,0.086,0.1,,0.201,0.079,,0.155,,,,,,,,0.4,,0.395,0.138,,,0.094,,0.409,0.27,,,,0.115,0.126,0.169,,,,0.075,0.486,0.515,0.486,,,,0.241,,0.095,,,,,,0.205,0.124,,,,0.203,0.162,0.055,0.124,,,,0.102,0.144,0.141,,0.304,,,,,,0.096,,,,,0.063,0.055,0.277,0.555,0.036,0.1,0.436,0.165,0.203,0.071,0.135,0.101,,,0.161,,,0.088,0.024,0.017,,0.048,0.189,,,,,,,,0.176,,0.094,0.14,,,0.024,,0.095,,0.095,0.17,0.092,0.157,0.13,0.359,0.202,0.152,0.085,0.163,0.134,,0.617,,,,,,,,0.175,0.181,0.096,0.144,0.297,,,,,0.158,0.178,0.587,,,0.546,0.625,,0.147,0.149,0.195,0.641,0.638,0.16,0.142,0.641,0.191,,,0.235,,,,,0.159,,,,0.164,,0.104,,0.178,0.115,0.117,0.096,,,,0.426,0.098,,,0.127,0.115
162,14022900,,0.568,0.57,,,,0.183,,,,,0.087,0.108,,0.201,0.085,,0.155,,,,,,,,0.4,,0.398,0.138,,,0.095,,0.408,0.269,,,,0.116,0.126,0.169,,,,0.075,0.488,0.515,0.486,,,,0.241,,0.095,,,,,,0.194,0.126,,,,0.203,0.163,0.055,0.125,,,,0.101,0.147,0.148,,0.308,,,,,,0.095,,,,,0.062,0.055,0.272,0.546,0.036,0.1,0.413,0.166,0.207,0.071,0.133,0.1,,,0.161,,,0.086,0.029,0.037,,0.048,0.189,,,,,,,,0.183,,0.095,0.141,,,0.024,,0.096,,0.095,0.17,0.093,0.158,0.13,0.359,0.213,0.153,0.088,0.163,0.135,,0.617,,,,,,,,0.174,0.182,0.095,0.144,0.297,,,,,0.159,0.174,0.587,,,0.546,0.625,,0.148,0.15,0.195,0.64,0.638,0.16,0.142,0.639,0.195,,,0.237,,,,,0.159,,,,0.164,,0.103,,0.178,0.116,0.117,0.096,,,,0.425,0.098,,,0.127,0.115
162,14022960,,0.568,0.57,,,,0.183,,,,,0.089,0.105,,0.201,0.083,,0.155,,,,,,,,0.4,,0.397,0.139,,,0.096,,0.408,0.27,,,,0.115,0.126,0.168,,,,0.075,0.488,0.515,0.486,,,,0.241,,0.094,,,,,,0.187,0.126,,,,0.203,0.163,0.055,0.124,,,,0.102,0.151,0.152,,0.305,,,,,,0.096,,,,,0.062,0.055,0.286,0.551,0.036,0.1,0.409,0.163,0.203,0.071,0.136,0.101,,,0.16,,,0.087,0.024,0.017,,0.048,0.189,,,,,,,,0.165,,0.094,0.146,,,0.024,,0.095,,0.095,0.17,0.092,0.157,0.13,0.359,0.208,0.156,0.087,0.152,0.134,,0.617,,,,,,,,0.174,0.182,0.095,0.144,0.297,,,,,0.159,0.173,0.586,,,0.546,0.625,,0.148,0.15,0.195,0.641,0.638,0.16,0.142,0.64,0.196,,,0.236,,,,,0.158,,,,0.164,,0.104,,0.177,0.117,0.117,0.093,,,,0.426,0.098,,,0.127,0.115
162,14023020,,0.568,0.569,,,,0.183,,,,,0.086,0.1,,0.201,0.079,,0.154,,,,,,,,0.4,,0.401,0.139,,,0.095,,0.409,0.27,,,,0.115,0.125,0.168,,,,0.075,0.488,0.515,0.487,,,,0.241,,0.094,,,,,,0.185,0.125,,,,0.203,0.163,0.055,0.124,,,,0.102,0.151,0.148,,0.303,,,,,,0.096,,,,,0.062,0.055,0.304,0.54,0.036,0.1,0.408,0.164,0.197,0.071,0.135,0.1,,,0.159,,,0.087,0.024,0.017,,0.048,0.189,,,,,,,,0.17,,0.095,0.16,,,0.024,,0.095,,0.094,0.17,0.093,0.157,0.131,0.359,0.199,0.157,0.086,0.152,0.135,,0.617,,,,,,,,0.171,0.182,0.095,0.144,0.297,,,,,0.157,0.173,0.587,,,0.546,0.625,,0.147,0.15,0.196,0.64,0.638,0.16,0.142,0.641,0.195,,,0.241,,,,,0.158,,,,0.162,,0.104,,0.175,0.115,0.116,0.091,,,,0.427,0.098,,,0.127,0.115
162,14023080,,0.568,0.57,,,,0.183,,,,,0.085,0.126,,0.201,0.077,,0.155,,,,,,,,0.4,,0.395,0.138,,,0.095,,0.408,0.269,,,,0.115,0.125,0.168,,,,0.075,0.488,0.515,0.486,,,,0.241,,0.095,,,,,,0.187,0.124,,,,0.203,0.161,0.055,0.124,,,,0.103,0.149,0.145,,0.303,,,,,,0.096,,,,,0.063,0.055,0.282,0.568,0.036,0.101,0.407,0.165,0.207,0.071,0.137,0.102,,,0.159,,,0.089,0.024,0.017,,0.048,0.189,,,,,,,,0.16,,0.095,0.155,,,0.024,,0.095,,0.095,0.169,0.093,0.157,0.13,0.359,0.231,0.155,0.088,0.152,0.135,,0.616,,,,,,,,0.17,0.182,0.095,0.144,0.296,,,,,0.157,0.173,0.587,,,0.546,0.625,,0.148,0.15,0.195,0.64,0.638,0.16,0.142,0.634,0.194,,,0.241,,,,,0.158,,,,0.161,,0.104,,0.172,0.116,0.117,0.091,,,,0.427,0.098,,,0.127,0.115
162,14023140,,0.567,0.57,,,,0.183,,,,,0.086,0.121,,0.201,0.071,,0.155,,,,,,,,0.4,,0.397,0.139,,,0.096,,0.408,0.269,,,,0.115,0.125,0.168,,,,0.075,0.488,0.515,0.486,,,,0.241,,0.095,,,,,,0.188,0.124,,,,0.203,0.161,0.055,0.124,,,,0.101,0.149,0.144,,0.304,,,,,,0.095,,,,,0.065,0.055,0.302,0.561,0.036,0.101,0.378,0.165,0.2,0.071,0.137,0.101,,,0.16,,,0.087,0.024,0.017,,0.048,0.189,,,,,,,,0.168,,0.095,0.147,,,0.024,,0.096,,0.095,0.17,0.093,0.157,0.127,0.359,0.212,0.152,0.087,0.152,0.135,,0.616,,,,,,,,0.169,0.182,0.095,0.144,0.297,,,,,0.157,0.173,0.587,,,0.546,0.625,,0.148,0.15,0.195,0.64,0.638,0.16,0.142,0.63,0.196,,,0.248,,,,,0.157,,,,0.161,,0.104,,0.172,0.116,0.117,0.089,,,,0.425,0.098,,,0.127,0.115
162,14023200,,0.568,0.57,,,,0.183,,,,,0.086,0.136,,0.201,0.074,,0.155,,,,,,,,0.4,,0.394,0.141,,,0.097,,0.408,0.268,,,,0.116,0.125,0.164,,,,0.075,0.488,0.515,0.486,,,,0.241,,0.095,,,,,,0.189,0.13,,,,0.203,0.161,0.055,0.124,,,,0.102,0.156,0.153,,0.316,,,,,,0.095,,,,,0.065,0.055,0.308,0.57,0.036,0.101,0.421,0.167,0.201,0.071,0.137,0.102,,,0.16,,,0.087,0.024,0.017,,0.048,0.188,,,,,,,,0.167,,0.094,0.142,,,0.024,,0.094,,0.094,0.17,0.092,0.156,0.122,0.359,0.231,0.155,0.091,0.152,0.134,,0.616,,,,,,,,0.171,0.183,0.096,0.144,0.299,,,,,0.161,0.173,0.587,,,0.546,0.625,,0.147,0.15,0.195,0.64,0.638,0.16,0.142,0.635,0.197,,,0.246,,,,,0.157,,,,0.163,,0.105,,0.172,0.116,0.119,0.089,,,,0.427,0.098,,,0.127,0.115
162,14023260,,0.568,0.57,,,,0.183,,,,,0.088,0.085,,0.201,0.076,,0.155,,,,,,,,0.4,,0.408,0.137,,,0.095,,0.409,0.265,,,,0.115,0.125,0.164,,,,0.075,0.486,0.515,0.486,,,,0.241,,0.094,,,,,,0.189,0.13,,,,0.203,0.161,0.055,0.123,,,,0.103,0.165,0.169,,0.312,,,,,,0.096,,,,,0.065,0.055,0.305,0.57,0.036,0.101,0.432,0.168,0.215,0.071,0.138,0.104,,,0.16,,,0.088,0.024,0.017,,0.048,0.188,,,,,,,,0.161,,0.096,0.145,,,0.024,,0.095,,0.095,0.171,0.093,0.157,0.127,0.359,0.211,0.157,0.094,0.153,0.134,,0.616,,,,,,,,0.171,0.182,0.096,0.144,0.299,,,,,0.16,0.173,0.587,,,0.546,0.625,,0.147,0.15,0.195,0.64,0.638,0.16,0.142,0.635,0.194,,,0.243,,,,,0.158,,,,0.163,,0.105,,0.171,0.116,0.118,0.089,,,,0.428,0.098,,,0.127,0.115
162,14023320,,0.568,0.57,,,,0.183,,,,,0.088,0.101,,0.201,0.071,,0.155,,,,,,,,0.4,,0.405,0.137,,,0.095,,0.409,0.267,,,,0.115,0.125,0.164,,,,0.075,0.42,0.515,0.486,,,,0.241,,0.094,,,,,,0.183,0.126,,,,0.203,0.163,0.055,0.124,,,,0.103,0.161,0.163,,0.307,,,,,,0.097,,,,,0.065,0.055,0.302,0.574,0.036,0.101,0.422,0.168,0.201,0.071,0.139,0.102,,,0.16,,,0.088,0.025,0.017,,0.048,0.188,,,,,,,,0.171,,0.095,0.131,,,0.024,,0.096,,0.095,0.171,0.094,0.158,0.13,0.359,0.229,0.155,0.091,0.153,0.134,,0.617,,,,,,,,0.131,0.181,0.096,0.144,0.298,,,,,0.156,0.173,0.587,,,0.546,0.625,,0.148,0.15,0.195,0.64,0.638,0.16,0.142,0.634,0.192,,,0.239,,,,,0.159,,,,0.161,,0.105,,0.171,0.117,0.118,0.089,,,,0.426,0.098,,,0.127,0.115
162,14023380,,0.568,0.57,,,,0.183,,,,,0.087,0.106,,0.201,0.074,,0.154,,,,,,,,0.4,,0.409,0.137,,,0.096,,0.409,0.269,,,,0.114,0.125,0.164,,,,0.075,0.445,0.515,0.486,,,,0.241,,0.095,,,,,,0.188,0.126,,,,0.203,0.162,0.055,0.124,,,,0.101,0.153,0.154,,0.304,,,,,,0.095,,,,,0.065,0.055,0.3,0.559,0.036,0.1,0.41,0.169,0.213,0.071,0.138,0.103,,,0.161,,,0.088,0.024,0.016,,0.048,0.188,,,,,,,,0.166,,0.095,0.134,,,0.024,,0.097,,0.094,0.171,0.094,0.157,0.131,0.359,0.239,0.156,0.09,0.154,0.134,,0.617,,,,,,,,0.13,0.18,0.096,0.144,0.299,,,,,0.155,0.172,0.587,,,0.546,0.625,,0.148,0.15,0.194,0.64,0.638,0.16,0.141,0.641,0.191,,,0.233,,,,,0.157,,,,0.16,,0.105,,0.17,0.117,0.118,0.089,,,,0.425,0.098,,,0.127,0.116
162,14023440,,0.568,0.57,,,,0.183,,,,,0.087,0.112,,0.201,0.071,,0.154,,,,,,,,0.4,,0.411,0.141,,,0.096,,0.409,0.27,,,,0.114,0.126,0.163,,,,0.075,0.446,0.515,0.453,,,,0.241,,0.094,,,,,,0.187,0.125,,,,0.203,0.163,0.055,0.124,,,,0.102,0.149,0.146,,0.304,,,,,,0.096,,,,,0.064,0.056,0.324,0.568,0.036,0.1,0.375,0.168,0.207,0.071,0.141,0.102,,,0.162,,,0.088,0.025,0.017,,0.048,0.188,,,,,,,,0.17,,0.096,0.129,,,0.024,,0.095,,0.095,0.17,0.094,0.157,0.126,0.359,0.231,0.159,0.09,0.153,0.135,,0.617,,,,,,,,0.128,0.179,0.095,0.144,0.299,,,,,0.155,0.172,0.587,,,0.546,0.626,,0.147,0.15,0.195,0.64,0.638,0.16,0.141,0.639,0.191,,,0.229,,,,,0.158,,,,0.16,,0.105,,0.17,0.117,0.119,0.088,,,,0.426,0.098,,,0.127,0.116
162,14023500,,0.568,0.57,,,,0.183,,,,,0.087,0.099,,0.201,0.076,,0.154,,,,,,,,0.4,,0.268,0.137,,,0.097,,0.409,0.27,,,,0.115,0.125,0.162,,,,0.075,0.449,0.515,0.47,,,,0.241,,0.095,,,,,,0.201,0.126,,,,0.203,0.162,0.055,0.124,,,,0.102,0.15,0.15,,0.307,,,,,,0.096,,,,,0.064,0.056,0.303,0.574,0.036,0.1,0.414,0.169,0.209,0.071,0.14,0.102,,,0.16,,,0.088,0.026,0.016,,0.048,0.188,,,,,,,,0.175,,0.096,0.131,,,0.024,,0.095,,0.095,0.171,0.095,0.157,0.125,0.359,0.233,0.162,0.088,0.153,0.134,,0.617,,,,,,,,0.128,0.178,0.095,0.144,0.299,,,,,0.154,0.172,0.587,,,0.546,0.626,,0.147,0.15,0.194,0.64,0.638,0.16,0.141,0.636,0.19,,,0.226,,,,,0.158,,,,0.16,,0.105,,0.169,0.116,0.118,0.088,,,,0.427,0.098,,,0.127,0.116
162,14023560,,0.568,0.57,,,,0.183,,,,,0.087,0.13,,0.201,0.072,,0.154,,,,,,,,0.4,,0.286,0.135,,,0.096,,0.409,0.269,,,,0.114,0.125,0.163,,,,0.075,0.457,0.515,0.474,,,,0.241,,0.095,,,,,,0.215,0.126,,,,0.203,0.162,0.055,0.124,,,,0.103,0.154,0.153,,0.311,,,,,,0.096,,,,,0.065,0.056,0.29,0.575,0.036,0.1,0.427,0.17,0.204,0.071,0.141,0.104,,,0.161,,,0.088,0.024,0.017,,0.048,0.188,,,,,,,,0.173,,0.096,0.133,,,0.024,,0.096,,0.096,0.171,0.094,0.156,0.125,0.359,0.226,0.16,0.087,0.153,0.135,,0.617,,,,,,,,0.127,0.178,0.095,0.144,0.3,,,,,0.153,0.172,0.587,,,0.546,0.626,,0.148,0.151,0.194,0.64,0.638,0.16,0.141,0.637,0.19,,,0.224,,,,,0.158,,,,0.16,,0.105,,0.169,0.117,0.118,0.107,,,,0.427,0.098,,,0.127,0.116
162,14023620,,0.568,0.57,,,,0.183,,,,,0.088,0.132,,0.201,0.072,,0.154,,,,,,,,0.4,,0.294,0.136,,,0.096,,0.409,0.266,,,,0.115,0.124,0.163,,,,0.075,0.457,0.515,0.475,,,,0.241,,0.095,,,,,,0.201,0.125,,,,0.203,0.162,0.055,0.122,,,,0.102,0.154,0.152,,0.308,,,,,,0.095,,,,,0.065,0.056,0.294,0.568,0.036,0.1,0.44,0.171,0.218,0.071,0.142,0.104,,,0.161,,,0.088,0.024,0.017,,0.048,0.188,,,,,,,,0.168,,0.095,0.146,,,0.024,,0.095,,0.094,0.17,0.095,0.157,0.126,0.359,0.232,0.159,0.09,0.152,0.141,,0.617,,,,,,,,0.127,0.178,0.096,0.144,0.3,,,,,0.152,0.172,0.587,,,0.546,0.626,,0.149,0.151,0.194,0.64,0.638,0.16,0.141,0.639,0.189,,,0.229,,,,,0.158,,,,0.16,,0.105,,0.169,0.116,0.118,0.105,,,,0.426,0.097,,,0.127,0.116
162,14023680,,0.568,0.57,,,,0.183,,,,,0.088,0.131,,0.201,0.076,,0.154,,,,,,,,0.4,,0.298,0.136,,,0.096,,0.409,0.265,,,,0.116,0.124,0.162,,,,0.075,0.459,0.515,0.476,,,,0.241,,0.094,,,,,,0.19,0.126,,,,0.203,0.162,0.055,0.121,,,,0.102,0.154,0.151,,0.311,,,,,,0.096,,,,,0.065,0.056,0.291,0.571,0.036,0.1,0.407,0.171,0.211,0.071,0.143,0.104,,,0.16,,,0.089,0.024,0.016,,0.048,0.188,,,,,,,,0.17,,0.095,0.125,,,0.023,,0.095,,0.094,0.17,0.093,0.157,0.127,0.359,0.232,0.161,0.09,0.153,0.14,,0.617,,,,,,,,0.126,0.178,0.095,0.144,0.301,,,,,0.152,0.172,0.587,,,0.546,0.626,,0.147,0.147,0.194,0.64,0.638,0.16,0.141,0.641,0.188,,,0.231,,,,,0.159,,,,0.16,,0.105,,0.168,0.116,0.117,0.103,,,,0.426,0.097,,,0.127,0.116
162,14023740,,0.567,0.57,,,,0.183,,,,,0.088,0.115,,0.201,0.076,,0.154,,,,,,,,0.4,,0.293,0.137,,,0.095,,0.409,0.268,,,,0.115,0.124,0.163,,,,0.075,0.459,0.515,0.477,,,,0.241,,0.094,,,,,,0.186,0.127,,,,0.203,0.162,0.055,0.122,,,,0.103,0.156,0.153,,0.311,,,,,,0.096,,,,,0.066,0.056,0.3,0.573,0.036,0.1,0.449,0.172,0.216,0.071,0.142,0.104,,,0.16,,,0.089,0.024,0.016,,0.047,0.188,,,,,,,,0.171,,0.096,0.131,,,0.024,,0.096,,0.095,0.171,0.094,0.156,0.128,0.359,0.253,0.161,0.09,0.154,0.14,,0.617,,,,,,,,0.125,0.178,0.095,0.144,0.301,,,,,0.151,0.172,0.587,,,0.546,0.626,,0.147,0.147,0.194,0.64,0.638,0.16,0.141,0.636,0.187,,,0.23,,,,,0.156,,,,0.16,,0.105,,0.168,0.117,0.117,0.1,,,,0.427,0.097,,,0.127,0.116
162,14023800,,0.568,0.57,,,,0.183,,,,,0.088,0.107,,0.201,0.08,,0.154,,,,,,,,0.4,,0.303,0.138,,,0.096,,0.409,0.269,,,,0.124,0.125,0.164,,,,0.075,0.468,0.515,0.477,,,,0.241,,0.095,,,,,,0.192,0.133,,,,0.203,0.162,0.055,0.122,,,,0.103,0.163,0.163,,0.366,,,,,,0.096,,,,,0.067,0.056,0.35,0.447,0.036,0.1,0.462,0.173,0.224,0.071,0.143,0.105,,,0.164,,,0.088,0.024,0.019,,0.047,0.19,,,,,,,,0.166,,0.097,0.137,,,0.023,,0.096,,0.095,0.172,0.094,0.16,0.128,0.36,0.239,0.163,0.091,0.152,0.14,,0.617,,,,,,,,0.136,0.181,0.098,0.145,0.309,,,,,0.159,0.176,0.587,,,0.546,0.626,,0.148,0.148,0.195,0.64,0.638,0.16,0.141,0.635,0.188,,,0.226,,,,,0.159,,,,0.184,,0.105,,0.168,0.117,0.118,0.098,,,,0.432,0.097,,,0.127,0.116
162,14023860,,0.568,0.57,,,,0.183,,,,,0.088,0.13,,0.201,0.098,,0.154,,,,,,,,0.4,,0.306,0.139,,,0.097,,0.409,0.269,,,,0.122,0.125,0.164,,,,0.075,0.469,0.515,0.477,,,,0.241,,0.094,,,,,,0.188,0.133,,,,0.203,0.162,0.055,0.121,,,,0.101,0.165,0.166,,0.361,,,,,,0.095,,,,,0.066,0.056,0.331,0.435,0.036,0.1,0.447,0.175,0.234,0.071,0.142,0.105,,,0.163,,,0.088,0.024,0.016,,0.047,0.19,,,,,,,,0.163,,0.094,0.126,,,0.023,,0.095,,0.094,0.172,0.094,0.158,0.128,0.36,0.26,0.162,0.09,0.152,0.134,,0.617,,,,,,,,0.136,0.18,0.099,0.145,0.307,,,,,0.158,0.177,0.587,,,0.547,0.626,,0.148,0.148,0.195,0.64,0.638,0.16,0.141,0.63,0.188,,,0.226,,,,,0.158,,,,0.183,,0.104,,0.169,0.119,0.118,0.096,,,,0.432,0.097,,,0.127,0.116
162,14023920,,0.568,0.57,,,,0.183,,,,,0.087,0.12,,0.201,0.088,,0.154,,,,,,,,0.4,,0.309,0.139,,,0.097,,0.409,0.267,,,,0.121,0.124,0.163,,,,0.075,0.469,0.515,0.478,,,,0.241,,0.094,,,,,,0.187,0.131,,,,0.203,0.162,0.055,0.121,,,,0.103,0.174,0.178,,0.351,,,,,,0.095,,,,,0.066,0.056,0.354,0.48,0.036,0.1,0.447,0.175,0.224,0.071,0.142,0.106,,,0.161,,,0.089,0.024,0.017,,0.047,0.19,,,,,,,,0.165,,0.096,0.125,,,0.023,,0.095,,0.095,0.171,0.094,0.157,0.128,0.36,0.268,0.166,0.09,0.153,0.135,,0.617,,,,,,,,0.135,0.18,0.098,0.144,0.304,,,,,0.148,0.174,0.587,,,0.546,0.626,,0.148,0.15,0.195,0.64,0.638,0.16,0.14,0.631,0.187,,,0.233,,,,,0.158,,,,0.18,,0.105,,0.177,0.116,0.117,0.094,,,,0.431,0.097,,,0.127,0.116
162,14023980,,0.568,0.57,,,,0.183,,,,,0.088,0.112,,0.201,0.078,,0.154,,,,,,,,0.4,,0.306,0.14,,,0.096,,0.41,0.268,,,,0.121,0.124,0.164,,,,0.075,0.469,0.515,0.479,,,,0.241,,0.095,,,,,,0.189,0.127,,,,0.203,0.163,0.055,0.124,,,,0.103,0.168,0.171,,0.339,,,,,,0.096,,,,,0.067,0.056,0.312,0.477,0.036,0.1,0.45,0.176,0.218,0.071,0.144,0.107,,,0.162,,,0.09,0.024,0.017,,0.052,0.189,,,,,,,,0.161,,0.096,0.151,,,0.023,,0.096,,0.095,0.171,0.094,0.157,0.129,0.36,0.293,0.171,0.093,0.153,0.135,,0.617,,,,,,,,0.132,0.18,0.097,0.144,0.304,,,,,0.146,0.172,0.587,,,0.546,0.626,,0.148,0.149,0.195,0.64,0.638,0.16,0.14,0.628,0.187,,,0.24,,,,,0.157,,,,0.181,,0.105,,0.177,0.117,0.118,0.092,,,,0.43,0.097,,,0.127,0.116
162,14024040,,0.568,0.57,,,,0.183,,,,,0.087,0.122,,0.201,0.076,,0.154,,,,,,,,0.4,,0.302,0.141,,,0.097,,0.409,0.269,,,,0.12,0.124,0.164,,,,0.075,0.468,0.515,0.479,,,,0.241,,0.095,,,,,,0.188,0.126,,,,0.203,0.163,0.055,0.126,,,,0.102,0.163,0.16,,0.327,,,,,,0.097,,,,,0.068,0.056,0.322,0.477,0.036,0.1,0.451,0.178,0.216,0.071,0.145,0.106,,,0.162,,,0.088,0.024,0.017,,0.051,0.189,,,,,,,,0.164,,0.097,0.139,,,0.023,,0.097,,0.095,0.172,0.094,0.157,0.129,0.36,0.277,0.168,0.093,0.153,0.134,,0.617,,,,,,,,0.131,0.181,0.097,0.144,0.304,,,,,0.144,0.172,0.587,,,0.546,0.626,,0.148,0.149,0.195,0.64,0.638,0.16,0.14,0.635,0.184,,,0.239,,,,,0.157,,,,0.181,,0.105,,0.177,0.116,0.119,0.091,,,,0.428,0.096,,,0.127,0.116
162,14024100,,0.568,0.57,,,,0.183,,,,,0.088,0.142,,0.201,0.077,,0.154,,,,,,,,0.4,,0.296,0.141,,,0.098,,0.409,0.273,,,,0.12,0.124,0.164,,,,0.075,0.468,0.515,0.479,,,,0.241,,0.094,,,,,,0.211,0.128,,,,0.203,0.163,0.055,0.127,,,,0.102,0.16,0.159,,0.323,,,,,,0.094,,,,,0.066,0.056,0.349,0.474,0.036,0.1,0.446,0.178,0.223,0.071,0.148,0.105,,,0.162,,,0.089,0.024,0.016,,0.046,0.189,,,,,,,,0.162,,0.095,0.122,,,0.023,,0.095,,0.094,0.171,0.095,0.157,0.13,0.36,0.269,0.167,0.092,0.153,0.135,,0.617,,,,,,,,0.131,0.182,0.097,0.144,0.305,,,,,0.142,0.172,0.587,,,0.546,0.626,,0.148,0.15,0.195,0.64,0.638,0.16,0.139,0.633,0.183,,,0.236,,,,,0.158,,,,0.18,,0.105,,0.176,0.118,0.12,0.097,,,,0.429,0.097,,,0.127,0.116
162,14024160,,0.568,0.571,,,,0.183,,,,,0.089,0.134,,0.201,0.078,,0.154,,,,,,,,0.4,,0.296,0.142,,,0.097,,0.409,0.277,,,,0.12,0.124,0.163,,,,0.075,0.468,0.515,0.479,,,,0.241,,0.095,,,,,,0.208,0.128,,,,0.203,0.163,0.055,0.119,,,,0.102,0.161,0.163,,0.318,,,,,,0.096,,,,,0.066,0.056,0.36,0.463,0.036,0.1,0.426,0.178,0.226,0.071,0.146,0.105,,,0.162,,,0.089,0.025,0.017,,0.067,0.189,,,,,,,,0.165,,0.096,0.136,,,0.023,,0.096,,0.095,0.171,0.094,0.157,0.13,0.36,0.299,0.167,0.091,0.152,0.135,,0.617,,,,,,,,0.131,0.182,0.097,0.144,0.305,,,,,0.141,0.172,0.587,,,0.546,0.626,,0.148,0.15,0.194,0.64,0.638,0.16,0.139,0.628,0.183,,,0.231,,,,,0.157,,,,0.178,,0.105,,0.176,0.116,0.118,0.095,,,,0.432,0.096,,,0.127,0.116
162,14024220,,0.568,0.57,,,,0.183,,,,,0.089,0.125,,0.201,0.074,,0.154,,,,,,,,0.4,,0.313,0.142,,,0.096,,0.409,0.277,,,,0.119,0.124,0.164,,,,0.075,0.468,0.515,0.479,,,,0.241,,0.095,,,,,,0.197,0.126,,,,0.203,0.164,0.055,0.123,,,,0.103,0.159,0.159,,0.313,,,,,,0.097,,,,,0.066,0.056,0.328,0.462,0.036,0.1,0.446,0.178,0.227,0.071,0.146,0.106,,,0.163,,,0.09,0.024,0.016,,0.047,0.189,,,,,,,,0.179,,0.096,0.142,,,0.023,,0.097,,0.095,0.171,0.093,0.157,0.13,0.36,0.286,0.17,0.091,0.153,0.135,,0.617,,,,,,,,0.13,0.183,0.097,0.144,0.304,,,,,0.138,0.172,0.587,,,0.546,0.626,,0.148,0.149,0.195,0.64,0.638,0.16,0.14,0.63,0.184,,,0.226,,,,,0.158,,,,0.176,,0.105,,0.175,0.116,0.117,0.094,,,,0.43,0.097,,,0.127,0.116
162,14024280,,0.568,0.57,,,,0.183,,,,,0.089,0.151,,0.201,0.077,,0.154,,,,,,,,0.4,,0.356,0.144,,,0.097,,0.409,0.276,,,,0.119,0.124,0.164,,,,0.075,0.468,0.515,0.479,,,,0.241,,0.096,,,,,,0.189,0.126,,,,0.203,0.164,0.055,0.126,,,,0.103,0.158,0.154,,0.31,,,,,,0.097,,,,,0.067,0.056,0.314,0.472,0.036,0.1,0.454,0.179,0.227,0.071,0.147,0.105,,,0.164,,,0.088,0.024,0.049,,0.036,0.189,,,,,,,,0.176,,0.096,0.123,,,0.023,,0.097,,0.096,0.171,0.095,0.157,0.13,0.36,0.279,0.172,0.092,0.153,0.135,,0.617,,,,,,,,0.13,0.183,0.097,0.144,0.305,,,,,0.137,0.171,0.587,,,0.546,0.626,,0.148,0.149,0.194,0.64,0.638,0.16,0.14,0.637,0.183,,,0.224,,,,,0.159,,,,0.174,,0.104,,0.174,0.118,0.119,0.091,,,,0.431,0.097,,,0.127,0.116
162,14024340,,0.568,0.57,,,,0.183,,,,,0.089,0.136,,0.201,0.072,,0.154,,,,,,,,0.4,,0.369,0.145,,,0.097,,0.409,0.275,,,,0.119,0.124,0.164,,,,0.075,0.469,0.515,0.48,,,,0.241,,0.094,,,,,,0.188,0.126,,,,0.203,0.164,0.055,0.118,,,,0.102,0.158,0.155,,0.308,,,,,,0.096,,,,,0.067,0.056,0.331,0.463,0.036,0.1,0.448,0.178,0.23,0.071,0.146,0.106,,,0.163,,,0.089,0.024,0.016,,0.038,0.189,,,,,,,,0.165,,0.095,0.124,,,0.023,,0.095,,0.094,0.171,0.096,0.157,0.13,0.36,0.288,0.171,0.094,0.152,0.135,,0.617,,,,,,,,0.13,0.184,0.097,0.144,0.305,,,,,0.136,0.171,0.587,,,0.546,0.626,,0.147,0.15,0.195,0.641,0.638,0.16,0.139,0.631,0.186,,,0.229,,,,,0.158,,,,0.173,,0.105,,0.173,0.118,0.119,0.091,,,,0.429,0.097,,,0.127,0.116
162,14024400,,0.568,0.57,,,,0.183,,,,,0.089,0.106,,0.201,0.08,,0.154,,,,,,,,0.4,,0.379,0.145,,,0.098,,0.409,0.273,,,,0.119,0.124,0.163,,,,0.075,0.469,0.515,0.48,,,,0.241,,0.094,,,,,,0.189,0.13,,,,0.203,0.163,0.055,0.12,,,,0.102,0.161,0.16,,0.318,,,,,,0.096,,,,,0.067,0.057,0.339,0.463,0.036,0.1,0.467,0.181,0.227,0.071,0.145,0.108,,,0.163,,,0.09,0.04,0.057,,0.039,0.189,,,,,,,,0.171,,0.096,0.146,,,0.024,,0.096,,0.095,0.171,0.094,0.157,0.13,0.36,0.312,0.175,0.091,0.152,0.135,,0.617,,,,,,,,0.13,0.185,0.097,0.144,0.308,,,,,0.137,0.173,0.587,,,0.546,0.626,,0.148,0.15,0.194,0.64,0.638,0.16,0.139,0.626,0.185,,,0.234,,,,,0.157,,,,0.173,,0.104,,0.172,0.116,0.118,0.088,,,,0.43,0.097,,,0.127,0.116
162,14024460,,0.568,0.57,,,,0.183,,,,,0.097,0.113,,0.201,0.077,,0.154,,,,,,,,0.4,,0.386,0.146,,,0.096,,0.409,0.272,,,,0.118,0.125,0.164,,,,0.075,0.469,0.515,0.48,,,,0.241,,0.096,,,,,,0.191,0.13,,,,0.203,0.164,0.055,0.121,,,,0.103,0.165,0.167,,0.314,,,,,,0.097,,,,,0.068,0.057,0.323,0.477,0.036,0.1,0.468,0.181,0.226,0.071,0.149,0.108,,,0.163,,,0.09,0.024,0.016,,0.036,0.189,,,,,,,,0.165,,0.097,0.131,,,0.024,,0.096,,0.096,0.172,0.095,0.157,0.13,0.36,0.301,0.179,0.091,0.153,0.135,,0.617,,,,,,,,0.129,0.185,0.097,0.144,0.307,,,,,0.137,0.173,0.587,,,0.546,0.626,,0.148,0.15,0.195,0.64,0.638,0.16,0.139,0.635,0.184,,,0.24,,,,,0.159,,,,0.17,,0.104,,0.171,0.117,0.118,0.088,,,,0.432,0.097,,,0.127,0.116
162,14024520,,0.568,0.57,,,,0.183,,,,,0.092,0.095,,0.201,0.086,,0.154,,,,,,,,0.4,,0.392,0.147,,,0.097,,0.409,0.269,,,,0.118,0.125,0.163,,,,0.075,0.437,0.515,0.48,,,,0.241,,0.096,,,,,,0.189,0.127,,,,0.203,0.164,0.055,0.121,,,,0.103,0.167,0.168,,0.311,,,,,,0.097,,,,,0.068,0.057,0.32,0.482,0.036,0.1,0.469,0.18,0.222,0.071,0.149,0.109,,,0.164,,,0.088,0.036,0.047,,0.036,0.189,,,,,,,,0.179,,0.096,0.119,,,0.024,,0.097,,0.094,0.172,0.095,0.158,0.131,0.36,0.318,0.18,0.093,0.152,0.135,,0.617,,,,,,,,0.129,0.185,0.097,0.144,0.307,,,,,0.132,0.172,0.587,,,0.546,0.626,,0.148,0.15,0.194,0.64,0.638,0.16,0.139,0.633,0.184,,,0.241,,,,,0.16,,,,0.168,,0.104,,0.171,0.117,0.119,0.088,,,,0.432,0.097,,,0.127,0.116
162,14024580,,0.568,0.57,,,,0.183,,,,,0.089,0.106,,0.201,0.077,,0.154,,,,,,,,0.4,,0.394,0.147,,,0.098,,0.41,0.268,,,,0.118,0.125,0.164,,,,0.075,0.449,0.515,0.48,,,,0.241,,0.096,,,,,,0.191,0.126,,,,0.203,0.164,0.055,0.12,,,,0.102,0.161,0.158,,0.308,,,,,,0.096,,,,,0.069,0.057,0.324,0.487,0.036,0.1,0.473,0.181,0.227,0.071,0.148,0.109,,,0.165,,,0.089,0.046,0.062,,0.075,0.189,,,,,,,,0.181,,0.096,0.116,,,0.024,,0.097,,0.094,0.172,0.094,0.157,0.131,0.36,0.357,0.177,0.097,0.152,0.136,,0.617,,,,,,,,0.128,0.185,0.097,0.144,0.307,,,,,0.129,0.172,0.587,,,0.546,0.626,,0.148,0.15,0.194,0.64,0.638,0.16,0.139,0.633,0.186,,,0.244,,,,,0.159,,,,0.166,,0.104,,0.173,0.116,0.119,0.088,,,,0.431,0.097,,,0.127,0.116
162,14024640,,0.568,0.57,,,,0.183,,,,,0.089,0.113,,0.201,0.076,,0.154,,,,,,,,0.4,,0.392,0.148,,,0.098,,0.41,0.268,,,,0.118,0.125,0.164,,,,0.075,0.452,0.515,0.48,,,,0.241,,0.095,,,,,,0.193,0.126,,,,0.203,0.162,0.055,0.121,,,,0.103,0.159,0.156,,0.307,,,,,,0.097,,,,,0.067,0.057,0.328,0.481,0.036,0.101,0.447,0.181,0.236,0.071,0.148,0.109,,,0.166,,,0.089,0.024,0.016,,0.056,0.189,,,,,,,,0.168,,0.097,0.136,,,0.024,,0.096,,0.079,0.172,0.095,0.158,0.131,0.36,0.358,0.176,0.094,0.152,0.135,,0.617,,,,,,,,0.127,0.186,0.097,0.144,0.307,,,,,0.128,0.172,0.587,,,0.546,0.626,,0.149,0.15,0.194,0.64,0.638,0.16,0.139,0.629,0.187,,,0.245,,,,,0.158,,,,0.164,,0.104,,0.174,0.117,0.117,0.087,,,,0.429,0.097,,,0.127,0.116
162,14024700,,0.568,0.57,,,,0.183,,,,,0.089,0.102,,0.201,0.093,,0.154,,,,,,,,0.4,,0.396,0.147,,,0.096,,0.41,0.269,,,,0.118,0.125,0.163,,,,0.075,0.462,0.515,0.48,,,,0.241,,0.096,,,,,,0.202,0.13,,,,0.203,0.163,0.055,0.122,,,,0.103,0.16,0.158,,0.314,,,,,,0.097,,,,,0.067,0.057,0.351,0.483,0.036,0.1,0.485,0.182,0.227,0.071,0.149,0.107,,,0.165,,,0.089,0.024,0.016,,0.036,0.188,,,,,,,,0.169,,0.097,0.132,,,0.024,,0.096,,0.08,0.172,0.095,0.157,0.13,0.36,0.323,0.181,0.094,0.152,0.136,,0.618,,,,,,,,0.126,0.187,0.097,0.144,0.308,,,,,0.127,0.172,0.587,,,0.546,0.626,,0.149,0.15,0.194,0.64,0.638,0.16,0.139,0.628,0.186,,,0.24,,,,,0.158,,,,0.165,,0.104,,0.174,0.117,0.119,0.087,,,,0.429,0.097,,,0.127,0.116
162,14024760,,0.568,0.57,,,,0.183,,,,,0.089,0.097,,0.201,0.078,,0.155,,,,,,,,0.401,,0.398,0.147,,,0.097,,0.41,0.274,,,,0.118,0.126,0.165,,,,0.076,0.47,0.515,0.48,,,,0.241,,0.096,,,,,,0.219,0.13,,,,0.203,0.163,0.055,0.121,,,,0.103,0.164,0.164,,0.314,,,,,,0.095,,,,,0.067,0.057,0.312,0.483,0.036,0.1,0.488,0.181,0.243,0.071,0.149,0.108,,,0.166,,,0.089,0.036,0.052,,0.097,0.188,,,,,,,,0.166,,0.096,0.116,,,0.024,,0.097,,0.081,0.166,0.096,0.157,0.131,0.36,0.328,0.179,0.099,0.153,0.136,,0.618,,,,,,,,0.126,0.189,0.097,0.144,0.309,,,,,0.126,0.172,0.587,,,0.546,0.626,,0.149,0.15,0.195,0.64,0.638,0.16,0.139,0.625,0.185,,,0.241,,,,,0.158,,,,0.164,,0.104,,0.183,0.117,0.119,0.105,,,,0.431,0.097,,,0.127,0.117
162,14024820,,0.568,0.57,,,,0.183,,,,,0.089,0.093,,0.201,0.072,,0.154,,,,,,,,0.401,,0.372,0.146,,,0.098,,0.41,0.275,,,,0.117,0.125,0.164,,,,0.076,0.471,0.515,0.48,,,,0.241,,0.097,,,,,,0.208,0.127,,,,0.203,0.163,0.055,0.122,,,,0.102,0.163,0.161,,0.314,,,,,,0.096,,,,,0.069,0.057,0.372,0.502,0.036,0.1,0.488,0.181,0.241,0.071,0.15,0.108,,,0.163,,,0.089,0.024,0.017,,0.038,0.188,,,,,,,,0.178,,0.096,0.13,,,0.024,,0.096,,0.083,0.166,0.094,0.158,0.131,0.36,0.307,0.178,0.096,0.153,0.136,,0.618,,,,,,,,0.125,0.189,0.097,0.144,0.307,,,,,0.123,0.172,0.587,,,0.546,0.626,,0.148,0.151,0.194,0.64,0.638,0.16,0.139,0.625,0.183,,,0.237,,,,,0.157,,,,0.164,,0.105,,0.182,0.116,0.118,0.104,,,,0.431,0.096,,,0.127,0.117
162,14024880,,0.568,0.57,,,,0.183,,,,,0.089,0.134,,0.201,0.074,,0.154,,,,,,,,0.4,,0.393,0.147,,,0.096,,0.41,0.274,,,,0.117,0.125,0.163,,,,0.076,0.471,0.515,0.48,,,,0.241,,0.096,,,,,,0.197,0.126,,,,0.203,0.161,0.055,0.122,,,,0.103,0.161,0.157,,0.312,,,,,,0.097,,,,,0.068,0.057,0.347,0.494,0.036,0.1,0.466,0.184,0.227,0.071,0.15,0.109,,,0.163,,,0.09,0.024,0.016,,0.036,0.188,,,,,,,,0.171,,0.097,0.125,,,0.024,,0.096,,0.086,0.166,0.094,0.158,0.131,0.36,0.316,0.18,0.097,0.152,0.135,,0.618,,,,,,,,0.124,0.19,0.097,0.144,0.306,,,,,0.122,0.172,0.587,,,0.546,0.626,,0.148,0.151,0.194,0.64,0.638,0.16,0.139,0.632,0.182,,,0.237,,,,,0.158,,,,0.163,,0.105,,0.179,0.118,0.118,0.102,,,,0.429,0.096,,,0.127,0.117
162,14024940,,0.568,0.57,,,,0.183,,,,,0.089,0.119,,0.201,0.075,,0.154,,,,,,,,0.401,,0.399,0.147,,,0.097,,0.41,0.273,,,,0.117,0.125,0.164,,,,0.076,0.472,0.515,0.481,,,,0.241,,0.096,,,,,,0.188,0.126,,,,0.203,0.161,0.055,0.12,,,,0.103,0.161,0.156,,0.311,,,,,,0.098,,,,,0.068,0.057,0.347,0.482,0.036,0.1,0.313,0.184,0.234,0.071,0.15,0.109,,,0.164,,,0.089,0.024,0.016,,0.036,0.188,,,,,,,,0.166,,0.097,0.121,,,0.024,,0.097,,0.086,0.166,0.095,0.158,0.132,0.36,0.336,0.184,0.098,0.152,0.135,,0.618,,,,,,,,0.124,0.19,0.097,0.144,0.308,,,,,0.121,0.172,0.587,,,0.546,0.626,,0.148,0.15,0.194,0.64,0.638,0.16,0.139,0.639,0.182,,,0.234,,,,,0.158,,,,0.162,,0.105,,0.178,0.117,0.119,0.102,,,,0.429,0.096,,,0.127,0.117
162,14025000,,0.568,0.57,,,,0.183,,,,,0.09,0.091,,0.201,0.074,,0.154,,,,,,,,0.401,,0.382,0.147,,,0.097,,0.41,0.269,,,,0.118,0.126,0.164,,,,0.075,0.472,0.515,0.481,,,,0.241,,0.095,,,,,,0.19,0.13,,,,0.202,0.161,0.055,0.121,,,,0.103,0.161,0.16,,0.319,,,,,,0.096,,,,,0.07,0.057,0.362,0.495,0.036,0.1,0.374,0.185,0.232,0.071,0.152,0.109,,,0.163,,,0.089,0.024,0.016,,0.036,0.188,,,,,,,,0.169,,0.096,0.124,,,0.023,,0.097,,0.088,0.167,0.096,0.158,0.132,0.36,0.352,0.186,0.097,0.153,0.134,,0.618,,,,,,,,0.125,0.192,0.097,0.144,0.311,,,,,0.126,0.173,0.586,,,0.546,0.626,,0.148,0.15,0.194,0.64,0.638,0.16,0.139,0.644,0.182,,,0.238,,,,,0.157,,,,0.168,,0.104,,0.176,0.118,0.119,0.101,,,,0.43,0.096,,,0.127,0.117
162,14025060,,0.568,0.57,,,,0.183,,,,,0.089,0.111,,0.201,0.074,,0.154,,,,,,,,0.401,,0.392,0.147,,,0.097,,0.41,0.268,,,,0.118,0.126,0.165,,,,0.075,0.473,0.515,0.481,,,,0.241,,0.095,,,,,,0.187,0.131,,,,0.202,0.161,0.055,0.122,,,,0.102,0.163,0.163,,0.319,,,,,,0.097,,,,,0.067,0.057,0.403,0.496,0.036,0.1,0.391,0.183,0.232,0.071,0.151,0.108,,,0.162,,,0.09,0.024,0.016,,0.067,0.188,,,,,,,,0.172,,0.097,0.112,,,0.023,,0.096,,0.091,0.167,0.094,0.158,0.132,0.36,0.388,0.189,0.097,0.152,0.134,,0.618,,,,,,,,0.125,0.192,0.097,0.144,0.31,,,,,0.126,0.173,0.587,,,0.546,0.626,,0.148,0.15,0.195,0.64,0.638,0.16,0.139,0.64,0.183,,,0.239,,,,,0.157,,,,0.165,,0.104,,0.175,0.116,0.118,0.099,,,,0.431,0.097,,,0.127,0.117
162,14025120,,0.568,0.57,,,,0.183,,,,,0.089,0.104,,0.201,0.074,,0.154,,,,,,,,0.401,,0.393,0.148,,,0.097,,0.41,0.267,,,,0.118,0.125,0.164,,,,0.076,0.473,0.515,0.481,,,,0.241,,0.096,,,,,,0.188,0.129,,,,0.202,0.161,0.055,0.122,,,,0.103,0.165,0.163,,0.314,,,,,,0.097,,,,,0.069,0.057,0.413,0.494,0.036,0.101,0.372,0.185,0.249,0.071,0.153,0.109,,,0.162,,,0.091,0.026,0.017,,0.036,0.188,,,,,,,,0.171,,0.097,0.12,,,0.023,,0.097,,0.091,0.167,0.095,0.158,0.132,0.36,0.336,0.193,0.099,0.152,0.135,,0.618,,,,,,,,0.123,0.192,0.097,0.144,0.309,,,,,0.121,0.172,0.587,,,0.546,0.626,,0.149,0.151,0.194,0.64,0.638,0.16,0.139,0.64,0.182,,,0.239,,,,,0.159,,,,0.163,,0.104,,0.175,0.118,0.12,0.097,,,,0.433,0.096,,,0.127,0.117
162,14025180,,0.568,0.57,,,,0.183,,,,,0.089,0.103,,0.201,0.074,,0.154,,,,,,,,0.401,,0.391,0.148,,,0.098,,0.41,0.268,,,,0.118,0.125,0.165,,,,0.076,0.474,0.515,0.481,,,,0.241,,0.095,,,,,,0.189,0.129,,,,0.202,0.162,0.055,0.121,,,,0.103,0.162,0.162,,0.312,,,,,,0.098,,,,,0.069,0.057,0.36,0.491,0.036,0.1,0.382,0.185,0.239,0.071,0.152,0.11,,,0.163,,,0.089,0.024,0.016,,0.036,0.188,,,,,,,,0.172,,0.098,0.131,,,0.024,,0.097,,0.084,0.167,0.097,0.158,0.13,0.36,0.346,0.187,0.099,0.152,0.135,,0.617,,,,,,,,0.122,0.193,0.097,0.144,0.311,,,,,0.12,0.172,0.587,,,0.546,0.626,,0.149,0.149,0.195,0.64,0.638,0.16,0.139,0.634,0.181,,,0.236,,,,,0.158,,,,0.163,,0.104,,0.174,0.119,0.12,0.094,,,,0.434,0.096,,,0.127,0.117
162,14025240,,0.568,0.57,,,,0.183,,,,,0.089,0.115,,0.201,0.075,,0.154,,,,,,,,0.401,,0.387,0.148,,,0.098,,0.41,0.27,,,,0.118,0.125,0.165,,,,0.076,0.474,0.515,0.481,,,,0.241,,0.095,,,,,,0.194,0.129,,,,0.202,0.162,0.055,0.121,,,,0.103,0.161,0.16,,0.31,,,,,,0.096,,,,,0.069,0.057,0.386,0.511,0.036,0.1,0.386,0.188,0.24,0.071,0.153,0.111,,,0.164,,,0.09,0.024,0.016,,0.036,0.188,,,,,,,,0.172,,0.095,0.115,,,0.024,,0.097,,0.085,0.166,0.098,0.158,0.13,0.36,0.399,0.186,0.098,0.152,0.136,,0.618,,,,,,,,0.122,0.194,0.097,0.144,0.311,,,,,0.119,0.171,0.586,,,0.546,0.626,,0.149,0.149,0.196,0.64,0.638,0.16,0.139,0.639,0.183,,,0.235,,,,,0.158,,,,0.163,,0.104,,0.175,0.119,0.12,0.093,,,,0.43,0.096,,,0.127,0.117
162,14025300,,0.568,0.57,,,,0.183,,,,,0.089,0.144,,0.201,0.08,,0.154,,,,,,,,0.401,,0.241,0.148,,,0.098,,0.41,0.271,,,,0.118,0.125,0.165,,,,0.076,0.474,0.515,0.481,,,,0.241,,0.095,,,,,,0.196,0.095,,,,0.202,0.162,0.055,0.121,,,,0.104,0.164,0.163,,0.311,,,,,,0.097,,,,,0.07,0.057,0.361,0.257,0.036,0.1,0.404,0.187,0.233,0.071,0.155,0.11,,,0.164,,,0.09,0.024,0.017,,0.036,0.188,,,,,,,,0.169,,0.096,0.112,,,0.024,,0.096,,0.086,0.167,0.097,0.158,0.131,0.36,0.426,0.193,0.107,0.152,0.136,,0.618,,,,,,,,0.121,0.185,0.097,0.144,0.312,,,,,0.118,0.171,0.586,,,0.546,0.626,,0.149,0.15,0.195,0.64,0.638,0.16,0.139,0.643,0.185,,,0.234,,,,,0.158,,,,0.181,,0.104,,0.176,0.116,0.121,0.091,,,,0.429,0.096,,,0.127,0.117
162,14025360,,0.568,0.57,,,,0.183,,,,,0.089,0.125,,0.201,0.085,,0.154,,,,,,,,0.401,,0.275,0.148,,,0.098,,0.41,0.27,,,,0.118,0.125,0.164,,,,0.076,0.474,0.515,0.481,,,,0.241,,0.095,,,,,,0.192,0.107,,,,0.202,0.161,0.055,0.12,,,,0.104,0.165,0.164,,0.309,,,,,,0.097,,,,,0.071,0.057,0.368,0.292,0.036,0.1,0.397,0.187,0.25,0.071,0.156,0.11,,,0.164,,,0.09,0.024,0.017,,0.089,0.188,,,,,,,,0.169,,0.096,0.126,,,0.024,,0.097,,0.086,0.166,0.096,0.158,0.132,0.36,0.421,0.197,0.106,0.152,0.137,,0.618,,,,,,,,0.121,0.189,0.097,0.144,0.314,,,,,0.118,0.171,0.586,,,0.546,0.626,,0.149,0.15,0.195,0.64,0.638,0.16,0.139,0.638,0.187,,,0.231,,,,,0.159,,,,0.179,,0.104,,0.176,0.117,0.119,0.089,,,,0.432,0.096,,,0.127,0.117
162,14025420,,0.568,0.57,,,,0.183,,,,,0.09,0.123,,0.2,0.091,,0.154,,,,,,,,0.401,,0.274,0.148,,,0.098,,0.41,0.269,,,,0.117,0.125,0.164,,,,0.076,0.474,0.515,0.481,,,,0.241,,0.096,,,,,,0.21,0.109,,,,0.202,0.162,0.055,0.121,,,,0.104,0.165,0.164,,0.313,,,,,,0.098,,,,,0.07,0.057,0.396,0.28,0.036,0.1,0.407,0.19,0.243,0.071,0.154,0.111,,,0.166,,,0.089,0.025,0.016,,0.036,0.188,,,,,,,,0.171,,0.097,0.129,,,0.024,,0.097,,0.087,0.167,0.097,0.159,0.132,0.36,0.415,0.201,0.107,0.151,0.137,,0.618,,,,,,,,0.121,0.19,0.097,0.144,0.314,,,,,0.117,0.171,0.587,,,0.546,0.626,,0.149,0.15,0.195,0.64,0.638,0.16,0.139,0.644,0.186,,,0.23,,,,,0.157,,,,0.176,,0.104,,0.108,0.118,0.12,0.095,,,,0.432,0.096,,,0.127,0.117
162,14025480,,0.568,0.57,,,,0.183,,,,,0.091,0.137,,0.201,0.091,,0.154,,,,,,,,0.401,,0.275,0.147,,,0.098,,0.41,0.271,,,,0.118,0.125,0.164,,,,0.076,0.474,0.515,0.481,,,,0.241,,0.096,,,,,,0.209,0.114,,,,0.202,0.162,0.055,0.121,,,,0.103,0.163,0.162,,0.317,,,,,,0.097,,,,,0.071,0.058,0.378,0.257,0.036,0.101,0.401,0.192,0.249,0.071,0.155,0.11,,,0.166,,,0.09,0.025,0.017,,0.045,0.188,,,,,,,,0.175,,0.096,0.117,,,0.024,,0.096,,0.088,0.167,0.098,0.158,0.132,0.361,0.434,0.197,0.105,0.152,0.136,,0.618,,,,,,,,0.12,0.192,0.096,0.144,0.314,,,,,0.117,0.171,0.587,,,0.546,0.626,,0.149,0.15,0.195,0.64,0.638,0.16,0.139,0.637,0.186,,,0.226,,,,,0.158,,,,0.175,,0.105,,0.169,0.119,0.12,0.097,,,,0.433,0.097,,,0.127,0.117
162,14025540,,0.568,0.57,,,,0.183,,,,,0.091,0.126,,0.201,0.088,,0.154,,,,,,,,0.401,,0.279,0.148,,,0.097,,0.41,0.27,,,,0.118,0.125,0.165,,,,0.076,0.474,0.515,0.481,,,,0.241,,0.095,,,,,,0.202,0.118,,,,0.202,0.162,0.055,0.122,,,,0.103,0.163,0.16,,0.318,,,,,,0.097,,,,,0.072,0.058,0.398,0.244,0.036,0.101,0.407,0.189,0.255,0.071,0.155,0.112,,,0.164,,,0.091,0.026,0.023,,0.036,0.188,,,,,,,,0.182,,0.096,0.121,,,0.024,,0.096,,0.09,0.168,0.096,0.158,0.131,0.361,0.402,0.195,0.101,0.153,0.136,,0.618,,,,,,,,0.121,0.192,0.096,0.144,0.318,,,,,0.117,0.171,0.587,,,0.546,0.626,,0.149,0.15,0.194,0.641,0.638,0.16,0.139,0.637,0.188,,,0.233,,,,,0.158,,,,0.173,,0.104,,0.183,0.118,0.119,0.095,,,,0.433,0.097,,,0.127,0.117
162,14025600,,0.568,0.57,,,,0.183,,,,,0.091,0.131,,0.201,0.098,,0.155,,,,,,,,0.402,,0.297,0.148,,,0.098,,0.411,0.27,,,,0.131,0.126,0.164,,,,0.076,0.479,0.515,0.481,,,,0.241,,0.095,,,,,,0.2,0.15,,,,0.202,0.163,0.055,0.121,,,,0.104,0.186,0.194,,0.428,,,,,,0.098,,,,,0.072,0.058,0.442,0.25,0.036,0.101,0.408,0.192,0.257,0.071,0.156,0.114,,,0.167,,,0.091,0.054,0.078,,0.037,0.207,,,,,,,,0.174,,0.097,0.133,,,0.023,,0.096,,0.092,0.167,0.097,0.161,0.132,0.361,0.431,0.201,0.101,0.153,0.137,,0.618,,,,,,,,0.158,0.214,0.104,0.146,0.43,,,,,0.15,0.227,0.587,,,0.547,0.626,,0.15,0.15,0.195,0.64,0.638,0.16,0.139,0.642,0.191,,,0.237,,,,,0.157,,,,0.21,,0.105,,0.19,0.117,0.119,0.092,,,,0.444,0.097,,,0.127,0.117
162,14025660,,0.568,0.57,,,,0.183,,,,,0.091,0.136,,0.201,0.083,,0.155,,,,,,,,0.4,,0.295,0.147,,,0.099,,0.411,0.268,,,,0.13,0.126,0.163,,,,0.076,0.487,0.516,0.481,,,,0.241,,0.097,,,,,,0.193,0.15,,,,0.202,0.164,0.055,0.122,,,,0.104,0.184,0.193,,0.424,,,,,,0.098,,,,,0.073,0.058,0.451,0.269,0.036,0.101,0.424,0.199,0.26,0.071,0.157,0.113,,,0.168,,,0.091,0.034,0.052,,0.036,0.207,,,,,,,,0.175,,0.097,0.148,,,0.024,,0.096,,0.09,0.168,0.098,0.159,0.134,0.361,0.426,0.205,0.106,0.152,0.137,,0.619,,,,,,,,0.159,0.217,0.094,0.146,0.429,,,,,0.151,0.231,0.587,,,0.547,0.626,,0.15,0.151,0.194,0.64,0.638,0.16,0.139,0.641,0.191,,,0.246,,,,,0.157,,,,0.207,,0.105,,0.2,0.116,0.12,0.092,,,,0.443,0.097,,,0.127,0.117
162,14025720,,0.568,0.571,,,,0.183,,,,,0.092,0.117,,0.199,0.079,,0.154,,,,,,,,0.401,,0.287,0.146,,,0.098,,0.411,0.267,,,,0.127,0.125,0.163,,,,0.076,0.489,0.516,0.481,,,,0.241,,0.097,,,,,,0.193,0.14,,,,0.202,0.164,0.055,0.121,,,,0.103,0.18,0.191,,0.414,,,,,,0.096,,,,,0.072,0.058,0.428,0.297,0.036,0.101,0.416,0.208,0.264,0.071,0.156,0.114,,,0.165,,,0.09,0.057,0.102,,0.036,0.207,,,,,,,,0.168,,0.096,0.13,,,0.024,,0.097,,0.089,0.167,0.098,0.158,0.134,0.361,0.456,0.213,0.108,0.153,0.137,,0.619,,,,,,,,0.156,0.215,0.091,0.145,0.421,,,,,0.143,0.223,0.587,,,0.547,0.626,,0.149,0.152,0.194,0.64,0.638,0.16,0.139,0.636,0.19,,,0.243,,,,,0.157,,,,0.202,,0.105,,0.188,0.117,0.12,0.089,,,,0.439,0.097,,,0.127,0.117
162,14025780,,0.567,0.571,,,,0.183,,,,,0.091,0.133,,0.199,0.078,,0.154,,,,,,,,0.4,,0.288,0.149,,,0.098,,0.411,0.266,,,,0.127,0.125,0.164,,,,0.076,0.489,0.516,0.481,,,,0.241,,0.096,,,,,,0.195,0.127,,,,0.202,0.164,0.055,0.121,,,,0.103,0.176,0.187,,0.402,,,,,,0.097,,,,,0.074,0.058,0.4,0.312,0.036,0.101,0.421,0.221,0.268,0.071,0.159,0.113,,,0.166,,,0.091,0.014,0.106,,0.073,0.207,,,,,,,,0.182,,0.096,0.139,,,0.024,,0.096,,0.09,0.167,0.096,0.158,0.132,0.361,0.453,0.207,0.105,0.153,0.137,,0.619,,,,,,,,0.156,0.214,0.091,0.144,0.405,,,,,0.138,0.218,0.587,,,0.547,0.626,,0.149,0.152,0.194,0.64,0.638,0.16,0.139,0.635,0.19,,,0.245,,,,,0.157,,,,0.201,,0.104,,0.179,0.116,0.121,0.088,,,,0.436,0.097,,,0.127,0.117
162,14025840,,0.568,0.571,,,,0.183,,,,,0.092,0.107,,0.201,0.082,,0.154,,,,,,,,0.4,,0.286,0.15,,,0.098,,0.411,0.268,,,,0.126,0.125,0.164,,,,0.076,0.489,0.515,0.481,,,,0.241,,0.097,,,,,,0.197,0.125,,,,0.202,0.164,0.055,0.121,,,,0.104,0.171,0.181,,0.389,,,,,,0.098,,,,,0.074,0.058,0.456,0.334,0.036,0.101,0.426,0.243,0.173,0.071,0.16,0.114,,,0.168,,,0.09,0.019,0.017,,0.036,0.206,,,,,,,,0.173,,0.096,0.14,,,0.023,,0.096,,0.089,0.167,0.096,0.158,0.133,0.361,0.479,0.211,0.111,0.152,0.136,,0.618,,,,,,,,0.156,0.215,0.091,0.144,0.394,,,,,0.137,0.217,0.587,,,0.547,0.626,,0.149,0.152,0.195,0.64,0.638,0.16,0.139,0.636,0.187,,,0.243,,,,,0.158,,,,0.2,,0.105,,0.169,0.116,0.12,0.088,,,,0.434,0.097,,,0.127,0.117
162,14025900,,0.568,0.571,,,,0.183,,,,,0.076,0.133,,0.201,0.106,,0.154,,,,,,,,0.402,,0.279,0.15,,,0.098,,0.411,0.268,,,,0.126,0.125,0.164,,,,0.076,0.491,0.515,0.481,,,,0.241,,0.096,,,,,,0.2,0.127,,,,0.202,0.165,0.055,0.121,,,,0.104,0.168,0.171,,0.377,,,,,,0.098,,,,,0.077,0.058,0.455,0.349,0.036,0.101,0.421,0.258,0.242,0.071,0.161,0.114,,,0.167,,,0.09,0.021,0.018,,0.036,0.205,,,,,,,,0.188,,0.097,0.138,,,0.023,,0.097,,0.09,0.167,0.097,0.158,0.133,0.361,0.473,0.214,0.106,0.152,0.136,,0.618,,,,,,,,0.162,0.216,0.091,0.144,0.384,,,,,0.135,0.219,0.587,,,0.547,0.626,,0.15,0.152,0.195,0.641,0.638,0.16,0.139,0.635,0.186,,,0.24,,,,,0.157,,,,0.2,,0.105,,0.173,0.117,0.12,0.101,,,,0.434,0.098,,,0.127,0.117
162,14025960,,0.568,0.571,,,,0.183,,,,,0.071,0.109,,0.201,0.083,,0.154,,,,,,,,0.401,,0.273,0.15,,,0.098,,0.411,0.269,,,,0.125,0.126,0.164,,,,0.076,0.489,0.515,0.481,,,,0.241,,0.094,,,,,,0.223,0.126,,,,0.202,0.165,0.056,0.121,,,,0.103,0.167,0.168,,0.365,,,,,,0.098,,,,,0.078,0.058,0.466,0.381,0.036,0.101,0.442,0.278,0.352,0.071,0.162,0.115,,,0.165,,,0.091,0.022,0.018,,0.036,0.205,,,,,,,,0.18,,0.096,0.149,,,0.024,,0.096,,0.09,0.167,0.097,0.159,0.134,0.361,0.475,0.215,0.102,0.153,0.136,,0.618,,,,,,,,0.157,0.216,0.09,0.144,0.374,,,,,0.133,0.219,0.587,,,0.547,0.626,,0.149,0.152,0.194,0.641,0.638,0.16,0.139,0.639,0.186,,,0.232,,,,,0.156,,,,0.2,,0.103,,0.192,0.117,0.12,0.106,,,,0.435,0.095,,,0.127,0.117
162,14026020,,0.568,0.57,,,,0.183,,,,,0.071,0.131,,0.201,0.073,,0.154,,,,,,,,0.401,,0.293,0.15,,,0.097,,0.411,0.268,,,,0.125,0.125,0.165,,,,0.076,0.489,0.515,0.481,,,,0.241,,0.092,,,,,,0.211,0.125,,,,0.202,0.165,0.054,0.121,,,,0.104,0.167,0.165,,0.354,,,,,,0.098,,,,,0.082,0.058,0.477,0.402,0.036,0.101,0.437,0.289,0.437,0.071,0.165,0.117,,,0.165,,,0.092,0.029,0.041,,0.037,0.205,,,,,,,,0.177,,0.096,0.148,,,0.023,,0.096,,0.09,0.167,0.096,0.159,0.134,0.361,0.483,0.21,0.106,0.153,0.136,,0.618,,,,,,,,0.153,0.216,0.09,0.144,0.364,,,,,0.131,0.217,0.587,,,0.547,0.626,,0.15,0.152,0.195,0.641,0.638,0.16,0.139,0.639,0.187,,,0.228,,,,,0.156,,,,0.197,,0.104,,0.203,0.117,0.121,0.105,,,,0.436,0.095,,,0.127,0.117
162,14026080,,0.568,0.57,,,,0.183,,,,,0.072,0.12,,0.202,0.069,,0.154,,,,,,,,0.401,,0.333,0.15,,,0.098,,0.411,0.267,,,,0.124,0.126,0.165,,,,0.076,0.486,0.515,0.481,,,,0.241,,0.093,,,,,,0.198,0.125,,,,0.202,0.165,0.054,0.121,,,,0.104,0.166,0.164,,0.344,,,,,,0.098,,,,,0.08,0.059,0.468,0.463,0.036,0.101,0.44,0.303,0.445,0.071,0.164,0.115,,,0.165,,,0.091,0.027,0.018,,0.045,0.204,,,,,,,,0.177,,0.097,0.148,,,0.023,,0.097,,0.09,0.169,0.096,0.159,0.134,0.361,0.486,0.21,0.107,0.152,0.137,,0.619,,,,,,,,0.152,0.228,0.09,0.144,0.354,,,,,0.13,0.215,0.587,,,0.547,0.626,,0.15,0.148,0.194,0.641,0.638,0.16,0.139,0.64,0.186,,,0.224,,,,,0.158,,,,0.197,,0.105,,0.169,0.116,0.119,0.1,,,,0.434,0.096,,,0.127,0.117
162,14026140,,0.568,0.57,,,,0.183,,,,,0.072,0.11,,0.202,0.072,,0.154,,,,,,,,0.401,,0.36,0.15,,,0.098,,0.411,0.267,,,,0.124,0.125,0.164,,,,0.076,0.486,0.515,0.481,,,,0.241,,0.094,,,,,,0.196,0.126,,,,0.202,0.164,0.054,0.12,,,,0.105,0.166,0.164,,0.335,,,,,,0.099,,,,,0.084,0.059,0.47,0.484,0.036,0.101,0.451,0.298,0.45,0.071,0.164,0.116,,,0.167,,,0.091,0.027,0.035,,0.039,0.204,,,,,,,,0.165,,0.097,0.148,,,0.024,,0.098,,0.093,0.169,0.097,0.159,0.134,0.361,0.464,0.209,0.107,0.153,0.137,,0.618,,,,,,,,0.151,0.227,0.09,0.144,0.344,,,,,0.128,0.214,0.587,,,0.547,0.626,,0.15,0.148,0.194,0.641,0.638,0.16,0.139,0.627,0.185,,,0.229,,,,,0.158,,,,0.195,,0.105,,0.188,0.116,0.118,0.098,,,,0.436,0.098,,,0.127,0.117
162,14026200,,0.568,0.57,,,,0.183,,,,,0.071,0.108,,0.202,0.071,,0.154,,,,,,,,0.401,,0.351,0.152,,,0.099,,0.411,0.267,,,,0.125,0.125,0.164,,,,0.076,0.399,0.515,0.481,,,,0.241,,0.093,,,,,,0.198,0.13,,,,0.202,0.163,0.054,0.121,,,,0.103,0.181,0.18,,0.333,,,,,,0.098,,,,,0.106,0.059,0.492,0.496,0.036,0.101,0.452,0.279,0.47,0.071,0.165,0.116,,,0.169,,,0.09,0.024,0.017,,0.039,0.204,,,,,,,,0.173,,0.096,0.153,,,0.023,,0.096,,0.094,0.168,0.097,0.159,0.134,0.361,0.483,0.215,0.109,0.156,0.137,,0.618,,,,,,,,0.154,0.227,0.09,0.144,0.336,,,,,0.134,0.218,0.586,,,0.547,0.626,,0.149,0.149,0.195,0.641,0.638,0.16,0.139,0.628,0.184,,,0.229,,,,,0.158,,,,0.195,,0.106,,0.188,0.117,0.12,0.096,,,,0.436,0.097,,,0.127,0.117
162,14026260,,0.568,0.57,,,,0.183,,,,,0.071,0.088,,0.203,0.069,,0.154,,,,,,,,0.401,,0.362,0.153,,,0.098,,0.411,0.268,,,,0.121,0.125,0.165,,,,0.076,0.444,0.515,0.481,,,,0.241,,0.094,,,,,,0.193,0.131,,,,0.202,0.162,0.054,0.12,,,,0.104,0.179,0.178,,0.329,,,,,,0.098,,,,,0.103,0.059,0.502,0.499,0.036,0.101,0.448,0.287,0.471,0.071,0.165,0.116,,,0.168,,,0.091,0.023,0.018,,0.075,0.204,,,,,,,,0.163,,0.097,0.151,,,0.023,,0.097,,0.091,0.168,0.096,0.159,0.135,0.361,0.482,0.213,0.112,0.156,0.137,,0.618,,,,,,,,0.151,0.224,0.091,0.144,0.329,,,,,0.134,0.215,0.586,,,0.547,0.626,,0.149,0.148,0.194,0.641,0.638,0.16,0.139,0.627,0.183,,,0.227,,,,,0.158,,,,0.192,,0.106,,0.231,0.115,0.119,0.094,,,,0.436,0.097,,,0.127,0.118
162,14026320,,0.568,0.57,,,,0.183,,,,,0.071,0.085,,0.203,0.08,,0.154,,,,,,,,0.401,,0.362,0.15,,,0.098,,0.411,0.266,,,,0.121,0.125,0.165,,,,0.076,0.446,0.516,0.481,,,,0.241,,0.096,,,,,,0.189,0.127,,,,0.202,0.162,0.055,0.121,,,,0.105,0.174,0.175,,0.324,,,,,,0.099,,,,,0.115,0.059,0.507,0.507,0.036,0.101,0.458,0.287,0.471,0.071,0.164,0.116,,,0.166,,,0.093,0.024,0.018,,0.037,0.204,,,,,,,,0.177,,0.096,0.136,,,0.023,,0.097,,0.092,0.167,0.096,0.159,0.135,0.361,0.492,0.218,0.111,0.156,0.137,,0.412,,,,,,,,0.147,0.219,0.09,0.144,0.326,,,,,0.129,0.204,0.587,,,0.547,0.626,,0.15,0.149,0.194,0.641,0.638,0.16,0.139,0.624,0.183,,,0.232,,,,,0.159,,,,0.188,,0.106,,0.23,0.117,0.12,0.091,,,,0.437,0.097,,,0.127,0.118
162,14026380,,0.568,0.57,,,,0.184,,,,,0.071,0.096,,0.203,0.087,,0.154,,,,,,,,0.401,,0.359,0.151,,,0.098,,0.411,0.267,,,,0.12,0.125,0.165,,,,0.076,0.447,0.515,0.481,,,,0.241,,0.096,,,,,,0.19,0.126,,,,0.202,0.162,0.054,0.123,,,,0.103,0.168,0.169,,0.326,,,,,,0.099,,,,,0.164,0.059,0.52,0.503,0.036,0.101,0.452,0.284,0.471,0.071,0.165,0.116,,,0.167,,,0.091,0.036,0.04,,0.037,0.204,,,,,,,,0.179,,0.098,0.127,,,0.023,,0.098,,0.091,0.168,0.097,0.158,0.135,0.361,0.49,0.211,0.108,0.157,0.137,,0.583,,,,,,,,0.146,0.215,0.09,0.144,0.326,,,,,0.128,0.199,0.587,,,0.547,0.626,,0.15,0.149,0.195,0.641,0.638,0.16,0.139,0.63,0.182,,,0.239,,,,,0.158,,,,0.185,,0.106,,0.216,0.117,0.119,0.09,,,,0.434,0.097,,,0.127,0.117
162,14026440,,0.568,0.57,,,,0.184,,,,,0.071,0.105,,0.203,0.072,,0.154,,,,,,,,0.401,,0.364,0.153,,,0.097,,0.411,0.269,,,,0.12,0.125,0.164,,,,0.076,0.45,0.515,0.481,,,,0.241,,0.096,,,,,,0.19,0.124,,,,0.202,0.156,0.054,0.121,,,,0.104,0.166,0.166,,0.323,,,,,,0.097,,,,,0.161,0.059,0.504,0.511,0.036,0.101,0.439,0.283,0.471,0.071,0.166,0.116,,,0.167,,,0.092,0.024,0.017,,0.039,0.204,,,,,,,,0.18,,0.097,0.128,,,0.024,,0.096,,0.092,0.168,0.098,0.159,0.135,0.361,0.503,0.221,0.107,0.151,0.137,,0.584,,,,,,,,0.145,0.21,0.09,0.144,0.325,,,,,0.127,0.198,0.586,,,0.547,0.626,,0.149,0.149,0.195,0.641,0.638,0.16,0.139,0.636,0.182,,,0.24,,,,,0.159,,,,0.184,,0.106,,0.207,0.118,0.12,0.089,,,,0.436,0.097,,,0.127,0.117
162,14026500,,0.568,0.57,,,,0.184,,,,,0.072,0.074,,0.203,0.114,,0.154,,,,,,,,0.401,,0.367,0.153,,,0.098,,0.411,0.269,,,,0.12,0.125,0.164,,,,0.076,0.473,0.516,0.481,,,,0.241,,0.095,,,,,,0.195,0.129,,,,0.202,0.161,0.054,0.12,,,,0.104,0.169,0.168,,0.329,,,,,,0.098,,,,,0.171,0.059,0.499,0.495,0.036,0.101,0.45,0.286,0.471,0.071,0.165,0.117,,,0.167,,,0.092,0.024,0.018,,0.068,0.203,,,,,,,,0.176,,0.097,0.149,,,0.023,,0.096,,0.091,0.168,0.097,0.159,0.137,0.361,0.515,0.216,0.115,0.152,0.137,,0.584,,,,,,,,0.144,0.208,0.09,0.144,0.327,,,,,0.127,0.2,0.586,,,0.547,0.626,,0.15,0.149,0.195,0.64,0.638,0.16,0.139,0.631,0.185,,,0.237,,,,,0.158,,,,0.183,,0.106,,0.204,0.117,0.12,0.088,,,,0.437,0.097,,,0.127,0.117
162,14026560,,0.568,0.57,,,,0.184,,,,,0.073,0.115,,0.203,0.081,,0.154,,,,,,,,0.401,,0.378,0.154,,,0.098,,0.411,0.269,,,,0.119,0.125,0.163,,,,0.076,0.462,0.516,0.481,,,,0.241,,0.095,,,,,,0.194,0.128,,,,0.202,0.16,0.054,0.121,,,,0.105,0.167,0.166,,0.331,,,,,,0.099,,,,,0.2,0.06,0.515,0.508,0.036,0.101,0.458,0.285,0.472,0.071,0.164,0.116,,,0.169,,,0.093,0.048,0.052,,0.036,0.203,,,,,,,,0.181,,0.098,0.162,,,0.024,,0.097,,0.092,0.168,0.097,0.158,0.137,0.361,0.516,0.217,0.113,0.153,0.136,,0.585,,,,,,,,0.142,0.206,0.09,0.144,0.326,,,,,0.126,0.198,0.586,,,0.547,0.626,,0.15,0.149,0.195,0.64,0.638,0.16,0.139,0.635,0.184,,,0.24,,,,,0.157,,,,0.181,,0.104,,0.199,0.115,0.12,0.087,,,,0.437,0.097,,,0.127,0.117
162,14026620,,0.568,0.57,,,,0.184,,,,,0.073,0.121,,0.203,0.068,,0.154,,,,,,,,0.401,,0.381,0.154,,,0.099,,0.412,0.271,,,,0.119,0.125,0.163,,,,0.076,0.462,0.516,0.481,,,,0.241,,0.096,,,,,,0.198,0.125,,,,0.202,0.161,0.055,0.121,,,,0.105,0.167,0.164,,0.327,,,,,,0.099,,,,,0.209,0.06,0.5,0.504,0.036,0.101,0.442,0.279,0.472,0.071,0.165,0.116,,,0.169,,,0.091,0.019,0.026,,0.037,0.203,,,,,,,,0.177,,0.097,0.181,,,0.024,,0.098,,0.094,0.168,0.097,0.159,0.136,0.361,0.516,0.218,0.114,0.151,0.136,,0.585,,,,,,,,0.141,0.202,0.09,0.144,0.326,,,,,0.124,0.193,0.586,,,0.547,0.626,,0.151,0.149,0.195,0.64,0.638,0.16,0.139,0.632,0.184,,,0.235,,,,,0.157,,,,0.18,,0.105,,0.13,0.116,0.12,0.088,,,,0.436,0.097,,,0.127,0.117
162,14026680,,0.568,0.57,,,,0.184,,,,,0.074,0.103,,0.203,0.078,,0.154,,,,,,,,0.401,,0.392,0.151,,,0.097,,0.412,0.272,,,,0.119,0.125,0.164,,,,0.076,0.466,0.516,0.481,,,,0.241,,0.097,,,,,,0.193,0.124,,,,0.202,0.162,0.055,0.12,,,,0.104,0.166,0.163,,0.324,,,,,,0.098,,,,,0.21,0.06,0.483,0.502,0.036,0.101,0.458,0.282,0.472,0.071,0.163,0.116,,,0.169,,,0.091,0.022,0.015,,0.037,0.203,,,,,,,,0.184,,0.098,0.176,,,0.024,,0.096,,0.095,0.167,0.098,0.159,0.136,0.361,0.519,0.219,0.112,0.152,0.136,,0.619,,,,,,,,0.139,0.201,0.09,0.144,0.326,,,,,0.123,0.192,0.586,,,0.547,0.626,,0.15,0.149,0.195,0.64,0.638,0.16,0.139,0.627,0.182,,,0.237,,,,,0.157,,,,0.178,,0.105,,0.149,0.118,0.118,0.088,,,,0.437,0.097,,,0.127,0.117
162,14026740,,0.568,0.57,,,,0.184,,,,,0.074,0.114,,0.203,0.089,,0.154,,,,,,,,0.401,,0.4,0.15,,,0.097,,0.412,0.272,,,,0.118,0.125,0.165,,,,0.076,0.467,0.515,0.482,,,,0.241,,0.095,,,,,,0.206,0.124,,,,0.202,0.162,0.055,0.121,,,,0.104,0.165,0.163,,0.32,,,,,,0.098,,,,,0.2,0.06,0.486,0.509,0.036,0.101,0.442,0.283,0.473,0.071,0.164,0.116,,,0.169,,,0.092,0.019,0.015,,0.036,0.202,,,,,,,,0.174,,0.097,0.165,,,0.024,,0.098,,0.094,0.168,0.096,0.159,0.136,0.361,0.492,0.219,0.115,0.152,0.137,,0.619,,,,,,,,0.139,0.2,0.09,0.144,0.326,,,,,0.122,0.191,0.586,,,0.547,0.626,,0.15,0.149,0.195,0.64,0.638,0.16,0.139,0.623,0.182,,,0.237,,,,,0.158,,,,0.178,,0.105,,0.153,0.116,0.121,0.094,,,,0.436,0.097,,,0.127,0.117
162,14026800,,0.568,0.57,,,,0.184,,,,,0.076,0.088,,0.203,0.094,,0.154,,,,,,,,0.401,,0.403,0.151,,,0.098,,0.412,0.271,,,,0.117,0.125,0.171,,,,0.076,0.468,0.515,0.482,,,,0.241,,0.096,,,,,,0.208,0.127,,,,0.202,0.162,0.055,0.122,,,,0.105,0.17,0.171,,0.332,,,,,,0.098,,,,,0.182,0.06,0.497,0.507,0.036,0.101,0.446,0.275,0.477,0.071,0.166,0.118,,,0.17,,,0.093,0.021,0.015,,0.058,0.202,,,,,,,,0.179,,0.098,0.164,,,0.024,,0.098,,0.094,0.168,0.097,0.158,0.137,0.361,0.517,0.219,0.113,0.152,0.137,,0.618,,,,,,,,0.142,0.206,0.091,0.144,0.33,,,,,0.131,0.198,0.586,,,0.547,0.626,,0.151,0.149,0.194,0.64,0.638,0.16,0.139,0.628,0.184,,,0.239,,,,,0.158,,,,0.18,,0.104,,0.159,0.117,0.12,0.095,,,,0.438,0.097,,,0.127,0.117
162,14026860,,0.568,0.57,,,,0.184,,,,,0.076,0.103,,0.203,0.078,,0.154,,,,,,,,0.401,,0.402,0.15,,,0.099,,0.412,0.27,,,,0.114,0.125,0.164,,,,0.076,0.468,0.515,0.482,,,,0.241,,0.096,,,,,,0.208,0.128,,,,0.202,0.162,0.055,0.122,,,,0.106,0.168,0.168,,0.33,,,,,,0.1,,,,,0.164,0.06,0.492,0.518,0.036,0.101,0.439,0.267,0.482,0.071,0.167,0.116,,,0.17,,,0.091,0.05,0.105,,0.036,0.202,,,,,,,,0.18,,0.097,0.183,,,0.024,,0.098,,0.094,0.168,0.098,0.158,0.138,0.361,0.522,0.221,0.114,0.153,0.137,,0.618,,,,,,,,0.139,0.207,0.091,0.144,0.33,,,,,0.132,0.198,0.586,,,0.547,0.626,,0.151,0.15,0.195,0.64,0.638,0.16,0.139,0.625,0.185,,,0.241,,,,,0.159,,,,0.178,,0.104,,0.163,0.117,0.121,0.095,,,,0.436,0.097,,,0.127,0.117
162,14026920,,0.568,0.57,,,,0.184,,,,,0.076,0.108,,0.203,0.083,,0.154,,,,,,,,0.401,,0.392,0.151,,,0.098,,0.412,0.269,,,,0.113,0.125,0.164,,,,0.076,0.469,0.515,0.482,,,,0.241,,0.096,,,,,,0.194,0.124,,,,0.202,0.162,0.055,0.122,,,,0.105,0.166,0.164,,0.327,,,,,,0.098,,,,,0.161,0.06,0.473,0.528,0.036,0.101,0.443,0.271,0.484,0.071,0.167,0.117,,,0.168,,,0.092,0.06,0.113,,0.039,0.202,,,,,,,,0.175,,0.097,0.175,,,0.024,,0.097,,0.095,0.168,0.096,0.159,0.139,0.361,0.499,0.225,0.115,0.153,0.137,,0.618,,,,,,,,0.138,0.205,0.091,0.144,0.329,,,,,0.126,0.189,0.587,,,0.547,0.626,,0.15,0.15,0.195,0.64,0.638,0.16,0.139,0.615,0.188,,,0.234,,,,,0.158,,,,0.176,,0.105,,0.161,0.116,0.119,0.092,,,,0.437,0.097,,,0.127,0.117
162,14026980,,0.567,0.57,,,,0.184,,,,,0.075,0.132,,0.203,0.082,,0.154,,,,,,,,0.4,,0.397,0.151,,,0.098,,0.412,0.269,,,,0.113,0.125,0.164,,,,0.076,0.469,0.515,0.482,,,,0.241,,0.096,,,,,,0.193,0.124,,,,0.202,0.163,0.055,0.121,,,,0.105,0.166,0.163,,0.327,,,,,,0.098,,,,,0.158,0.06,0.491,0.523,0.036,0.101,0.441,0.269,0.483,0.071,0.165,0.118,,,0.169,,,0.092,0.021,0.018,,0.055,0.202,,,,,,,,0.181,,0.098,0.192,,,0.024,,0.097,,0.093,0.168,0.097,0.159,0.138,0.361,0.519,0.23,0.12,0.153,0.137,,0.619,,,,,,,,0.137,0.205,0.091,0.144,0.329,,,,,0.126,0.187,0.587,,,0.547,0.626,,0.15,0.151,0.195,0.64,0.638,0.16,0.139,0.618,0.191,,,0.231,,,,,0.158,,,,0.174,,0.105,,0.162,0.117,0.12,0.091,,,,0.437,0.097,,,0.127,0.117
162,14027040,,0.568,0.57,,,,0.184,,,,,0.075,0.134,,0.203,0.084,,0.154,,,,,,,,0.401,,0.396,0.153,,,0.099,,0.412,0.27,,,,0.113,0.125,0.164,,,,0.076,0.47,0.515,0.482,,,,0.241,,0.096,,,,,,0.194,0.123,,,,0.202,0.163,0.055,0.121,,,,0.106,0.165,0.162,,0.326,,,,,,0.099,,,,,0.162,0.06,0.462,0.532,0.036,0.101,0.46,0.264,0.489,0.071,0.167,0.117,,,0.169,,,0.091,0.021,0.018,,0.036,0.201,,,,,,,,0.185,,0.097,0.176,,,0.024,,0.097,,0.094,0.168,0.097,0.159,0.139,0.361,0.522,0.238,0.118,0.153,0.136,,0.619,,,,,,,,0.136,0.205,0.091,0.143,0.328,,,,,0.124,0.184,0.587,,,0.547,0.626,,0.151,0.151,0.195,0.64,0.638,0.16,0.139,0.625,0.19,,,0.226,,,,,0.159,,,,0.171,,0.104,,0.167,0.117,0.12,0.091,,,,0.436,0.097,,,0.127,0.117
162,14027100,,0.568,0.57,,,,0.184,,,,,0.075,0.15,,0.203,0.093,,0.154,,,,,,,,0.401,,0.28,0.158,,,0.099,,0.412,0.269,,,,0.112,0.125,0.166,,,,0.076,0.47,0.517,0.482,,,,0.241,,0.097,,,,,,0.196,0.127,,,,0.202,0.162,0.053,0.123,,,,0.105,0.169,0.167,,0.33,,,,,,0.098,,,,,0.166,0.06,0.487,0.53,0.036,0.101,0.431,0.264,0.485,0.071,0.167,0.116,,,0.17,,,0.091,0.021,0.018,,0.039,0.201,,,,,,,,0.185,,0.097,0.178,,,0.024,,0.098,,0.094,0.169,0.098,0.158,0.139,0.361,0.526,0.239,0.121,0.153,0.138,,0.618,,,,,,,,0.135,0.209,0.09,0.143,0.329,,,,,0.124,0.186,0.587,,,0.547,0.626,,0.15,0.151,0.195,0.64,0.638,0.16,0.139,0.623,0.19,,,0.221,,,,,0.159,,,,0.169,,0.105,,0.16,0.116,0.12,0.095,,,,0.437,0.097,,,0.127,0.117
162,14027160,,0.568,0.57,,,,0.184,,,,,0.075,0.152,,0.203,0.086,,0.154,,,,,,,,0.401,,0.318,0.155,,,0.098,,0.412,0.269,,,,0.112,0.125,0.166,,,,0.076,0.47,0.517,0.482,,,,0.241,,0.097,,,,,,0.219,0.126,,,,0.202,0.163,0.053,0.122,,,,0.104,0.167,0.164,,0.331,,,,,,0.098,,,,,0.176,0.06,0.48,0.545,0.036,0.101,0.448,0.266,0.488,0.071,0.168,0.118,,,0.17,,,0.092,0.073,0.154,,0.036,0.201,,,,,,,,0.179,,0.097,0.201,,,0.024,,0.098,,0.094,0.168,0.097,0.159,0.14,0.361,0.524,0.247,0.112,0.152,0.137,,0.619,,,,,,,,0.134,0.21,0.09,0.143,0.33,,,,,0.124,0.184,0.587,,,0.547,0.626,,0.15,0.151,0.195,0.64,0.638,0.16,0.139,0.615,0.189,,,0.219,,,,,0.157,,,,0.168,,0.105,,0.159,0.116,0.119,0.105,,,,0.436,0.098,,,0.127,0.117
162,14027220,,0.568,0.57,,,,0.184,,,,,0.074,0.122,,0.203,0.079,,0.154,,,,,,,,0.401,,0.316,0.153,,,0.097,,0.412,0.268,,,,0.112,0.125,0.166,,,,0.076,0.47,0.517,0.482,,,,0.241,,0.096,,,,,,0.205,0.125,,,,0.202,0.163,0.053,0.122,,,,0.105,0.165,0.162,,0.328,,,,,,0.098,,,,,0.181,0.06,0.459,0.551,0.036,0.101,0.448,0.264,0.49,0.071,0.166,0.116,,,0.169,,,0.093,0.023,0.102,,0.044,0.201,,,,,,,,0.181,,0.098,0.185,,,0.024,,0.098,,0.093,0.168,0.097,0.159,0.14,0.361,0.526,0.247,0.119,0.152,0.137,,0.619,,,,,,,,0.133,0.209,0.09,0.143,0.328,,,,,0.122,0.183,0.587,,,0.547,0.626,,0.15,0.151,0.195,0.64,0.638,0.16,0.139,0.609,0.187,,,0.222,,,,,0.157,,,,0.167,,0.104,,0.159,0.117,0.119,0.105,,,,0.436,0.098,,,0.127,0.117
162,14027280,,0.568,0.57,,,,0.184,,,,,0.075,0.113,,0.203,0.099,,0.154,,,,,,,,0.401,,0.314,0.154,,,0.097,,0.412,0.265,,,,0.112,0.125,0.166,,,,0.076,0.47,0.517,0.482,,,,0.241,,0.097,,,,,,0.195,0.127,,,,0.202,0.163,0.053,0.121,,,,0.106,0.165,0.162,,0.327,,,,,,0.098,,,,,0.184,0.06,0.457,0.551,0.036,0.101,0.443,0.267,0.49,0.071,0.166,0.117,,,0.168,,,0.092,0.097,0.084,,0.036,0.201,,,,,,,,0.172,,0.098,0.185,,,0.024,,0.098,,0.094,0.168,0.098,0.158,0.14,0.361,0.542,0.244,0.124,0.153,0.138,,0.618,,,,,,,,0.132,0.206,0.092,0.143,0.331,,,,,0.121,0.182,0.587,,,0.547,0.626,,0.15,0.151,0.195,0.64,0.638,0.16,0.139,0.604,0.185,,,0.225,,,,,0.159,,,,0.165,,0.105,,0.156,0.118,0.12,0.103,,,,0.435,0.097,,,0.127,0.117
162,14027340,,0.568,0.57,,,,0.184,,,,,0.074,0.151,,0.203,0.091,,0.154,,,,,,,,0.401,,0.308,0.154,,,0.099,,0.412,0.265,,,,0.111,0.125,0.166,,,,0.076,0.471,0.517,0.482,,,,0.241,,0.097,,,,,,0.195,0.128,,,,0.202,0.163,0.053,0.122,,,,0.106,0.164,0.162,,0.325,,,,,,0.097,,,,,0.182,0.06,0.508,0.554,0.036,0.101,0.453,0.265,0.491,0.071,0.167,0.116,,,0.169,,,0.092,0.037,0.054,,0.036,0.2,,,,,,,,0.172,,0.096,0.198,,,0.024,,0.098,,0.094,0.168,0.098,0.159,0.142,0.361,0.543,0.237,0.124,0.153,0.138,,0.618,,,,,,,,0.131,0.206,0.094,0.143,0.331,,,,,0.121,0.182,0.587,,,0.547,0.626,,0.15,0.151,0.195,0.64,0.638,0.16,0.139,0.608,0.185,,,0.225,,,,,0.159,,,,0.165,,0.105,,0.157,0.117,0.12,0.1,,,,0.434,0.098,,,0.127,0.117
162,14027400,,0.568,0.57,,,,0.184,,,,,0.074,0.126,,0.203,0.087,,0.154,,,,,,,,0.401,,0.313,0.157,,,0.098,,0.412,0.269,,,,0.121,0.125,0.165,,,,0.076,0.474,0.517,0.482,,,,0.241,,0.096,,,,,,0.194,0.132,,,,0.202,0.163,0.053,0.123,,,,0.105,0.167,0.186,,0.369,,,,,,0.098,,,,,0.178,0.06,0.495,0.561,0.036,0.101,0.465,0.265,0.491,0.071,0.166,0.118,,,0.169,,,0.093,0.052,0.15,,0.036,0.204,,,,,,,,0.174,,0.096,0.209,,,0.024,,0.098,,0.094,0.168,0.097,0.162,0.141,0.361,0.546,0.253,0.125,0.152,0.137,,0.618,,,,,,,,0.145,0.224,0.126,0.145,0.342,,,,,0.138,0.211,0.587,,,0.547,0.626,,0.15,0.151,0.195,0.64,0.638,0.16,0.139,0.615,0.188,,,0.224,,,,,0.158,,,,0.189,,0.105,,0.16,0.117,0.121,0.099,,,,0.438,0.097,,,0.127,0.117
162,14027460,,0.568,0.57,,,,0.184,,,,,0.074,0.123,,0.203,0.092,,0.155,,,,,,,,0.401,,0.315,0.158,,,0.098,,0.413,0.269,,,,0.121,0.125,0.165,,,,0.076,0.474,0.517,0.482,,,,0.241,,0.096,,,,,,0.195,0.133,,,,0.202,0.163,0.054,0.122,,,,0.105,0.165,0.183,,0.365,,,,,,0.098,,,,,0.178,0.06,0.52,0.563,0.036,0.101,0.462,0.266,0.492,0.071,0.166,0.117,,,0.17,,,0.094,0.034,0.018,,0.036,0.204,,,,,,,,0.183,,0.097,0.174,,,0.024,,0.098,,0.094,0.168,0.097,0.16,0.141,0.361,0.546,0.251,0.126,0.153,0.138,,0.618,,,,,,,,0.145,0.226,0.139,0.145,0.342,,,,,0.137,0.203,0.587,,,0.547,0.626,,0.15,0.151,0.195,0.64,0.638,0.16,0.139,0.623,0.189,,,0.223,,,,,0.158,,,,0.185,,0.105,,0.163,0.118,0.12,0.094,,,,0.438,0.098,,,0.127,0.117
162,14027520,,0.568,0.571,,,,0.184,,,,,0.074,0.117,,0.207,0.08,,0.154,,,,,,,,0.401,,0.313,0.158,,,0.099,,0.413,0.268,,,,0.117,0.125,0.165,,,,0.076,0.474,0.517,0.482,,,,0.241,,0.097,,,,,,0.194,0.133,,,,0.202,0.163,0.054,0.122,,,,0.105,0.164,0.178,,0.359,,,,,,0.098,,,,,0.185,0.06,0.497,0.555,0.036,0.101,0.453,0.263,0.492,0.071,0.166,0.116,,,0.17,,,0.091,0.037,0.029,,0.037,0.204,,,,,,,,0.182,,0.097,0.186,,,0.024,,0.099,,0.095,0.167,0.098,0.159,0.142,0.361,0.545,0.276,0.127,0.153,0.138,,0.618,,,,,,,,0.142,0.223,0.129,0.144,0.339,,,,,0.134,0.197,0.587,,,0.547,0.626,,0.151,0.151,0.195,0.64,0.638,0.16,0.139,0.622,0.191,,,0.222,,,,,0.16,,,,0.183,,0.104,,0.166,0.119,0.12,0.092,,,,0.438,0.098,,,0.127,0.117
162,14027580,,0.568,0.571,,,,0.183,,,,,0.078,0.121,,0.206,0.072,,0.154,,,,,,,,0.401,,0.31,0.158,,,0.098,,0.413,0.265,,,,0.115,0.125,0.165,,,,0.076,0.475,0.517,0.482,,,,0.241,,0.097,,,,,,0.198,0.128,,,,0.202,0.163,0.054,0.123,,,,0.105,0.164,0.172,,0.349,,,,,,0.098,,,,,0.187,0.06,0.488,0.561,0.036,0.101,0.468,0.263,0.493,0.071,0.167,0.118,,,0.17,,,0.092,0.04,0.062,,0.05,0.204,,,,,,,,0.182,,0.096,0.191,,,0.024,,0.099,,0.095,0.168,0.099,0.159,0.142,0.361,0.553,0.261,0.137,0.153,0.138,,0.618,,,,,,,,0.141,0.22,0.122,0.144,0.338,,,,,0.13,0.188,0.587,,,0.547,0.626,,0.15,0.151,0.195,0.64,0.638,0.16,0.139,0.624,0.19,,,0.223,,,,,0.159,,,,0.183,,0.105,,0.169,0.119,0.119,0.09,,,,0.434,0.097,,,0.127,0.117
162,14027640,,0.568,0.571,,,,0.184,,,,,0.074,0.128,,0.207,0.074,,0.154,,,,,,,,0.401,,0.311,0.159,,,0.098,,0.413,0.267,,,,0.115,0.126,0.165,,,,0.076,0.475,0.517,0.482,,,,0.241,,0.096,,,,,,0.199,0.126,,,,0.202,0.163,0.054,0.123,,,,0.106,0.164,0.166,,0.34,,,,,,0.099,,,,,0.186,0.06,0.503,0.553,0.036,0.101,0.467,0.266,0.493,0.071,0.166,0.118,,,0.169,,,0.093,0.026,0.017,,0.037,0.204,,,,,,,,0.189,,0.097,0.181,,,0.024,,0.098,,0.095,0.167,0.097,0.159,0.14,0.361,0.545,0.25,0.141,0.153,0.138,,0.619,,,,,,,,0.142,0.216,0.111,0.144,0.336,,,,,0.129,0.187,0.586,,,0.547,0.627,,0.151,0.151,0.196,0.64,0.638,0.16,0.139,0.621,0.189,,,0.217,,,,,0.16,,,,0.181,,0.104,,0.17,0.118,0.12,0.09,,,,0.435,0.097,,,0.127,0.117
162,14027700,,0.569,0.57,,,,0.184,,,,,0.074,0.105,,0.211,0.08,,0.154,,,,,,,,0.4,,0.306,0.159,,,0.098,,0.413,0.268,,,,0.114,0.125,0.164,,,,0.076,0.473,0.517,0.482,,,,0.241,,0.097,,,,,,0.193,0.129,,,,0.202,0.163,0.054,0.122,,,,0.106,0.168,0.168,,0.333,,,,,,0.098,,,,,0.182,0.061,0.518,0.561,0.036,0.101,0.445,0.271,0.493,0.071,0.167,0.119,,,0.169,,,0.094,0.022,0.017,,0.115,0.203,,,,,,,,0.181,,0.097,0.182,,,0.024,,0.098,,0.094,0.168,0.097,0.159,0.141,0.361,0.545,0.251,0.133,0.154,0.137,,0.619,,,,,,,,0.141,0.218,0.117,0.144,0.338,,,,,0.128,0.188,0.587,,,0.481,0.586,,0.151,0.151,0.196,0.64,0.638,0.16,0.139,0.632,0.191,,,0.212,,,,,0.161,,,,0.179,,0.105,,0.168,0.117,0.12,0.09,,,,0.436,0.098,,,0.127,0.117
162,14027760,,0.569,0.571,,,,0.184,,,,,0.074,0.104,,0.211,0.081,,0.154,,,,,,,,0.4,,0.301,0.16,,,0.099,,0.413,0.267,,,,0.113,0.125,0.165,,,,0.076,0.472,0.517,0.483,,,,0.241,,0.098,,,,,,0.195,0.128,,,,0.202,0.163,0.054,0.121,,,,0.105,0.166,0.165,,0.328,,,,,,0.098,,,,,0.174,0.061,0.506,0.557,0.036,0.101,0.455,0.266,0.494,0.071,0.167,0.118,,,0.17,,,0.092,0.041,0.041,,0.033,0.203,,,,,,,,0.172,,0.098,0.175,,,0.024,,0.099,,0.095,0.168,0.098,0.159,0.142,0.361,0.546,0.269,0.138,0.153,0.138,,0.619,,,,,,,,0.141,0.216,0.117,0.144,0.338,,,,,0.128,0.189,0.587,,,0.515,0.594,,0.151,0.151,0.196,0.641,0.638,0.16,0.139,0.629,0.19,,,0.215,,,,,0.159,,,,0.176,,0.105,,0.191,0.12,0.121,0.089,,,,0.437,0.098,,,0.127,0.117
162,14027820,,0.569,0.571,,,,0.183,,,,,0.074,0.123,,0.211,0.081,,0.154,,,,,,,,0.401,,0.299,0.161,,,0.099,,0.413,0.267,,,,0.113,0.125,0.165,,,,0.076,0.472,0.517,0.483,,,,0.241,,0.099,,,,,,0.194,0.126,,,,0.202,0.163,0.054,0.122,,,,0.104,0.164,0.162,,0.324,,,,,,0.098,,,,,0.162,0.061,0.483,0.555,0.036,0.101,0.455,0.261,0.494,0.071,0.168,0.118,,,0.17,,,0.093,0.023,0.017,,0.034,0.203,,,,,,,,0.183,,0.097,0.159,,,0.024,,0.099,,0.095,0.169,0.099,0.159,0.142,0.361,0.554,0.264,0.145,0.153,0.138,,0.619,,,,,,,,0.14,0.214,0.117,0.144,0.337,,,,,0.127,0.188,0.587,,,0.509,0.578,,0.15,0.151,0.196,0.641,0.638,0.16,0.139,0.625,0.191,,,0.218,,,,,0.158,,,,0.174,,0.104,,0.202,0.118,0.12,0.089,,,,0.439,0.098,,,0.127,0.117
162,14027880,,0.57,0.571,,,,0.183,,,,,0.074,0.143,,0.212,0.079,,0.154,,,,,,,,0.401,,0.364,0.16,,,0.098,,0.413,0.265,,,,0.113,0.125,0.165,,,,0.076,0.472,0.517,0.483,,,,0.241,,0.097,,,,,,0.193,0.125,,,,0.202,0.163,0.054,0.122,,,,0.105,0.164,0.162,,0.321,,,,,,0.098,,,,,0.155,0.061,0.505,0.561,0.036,0.101,0.468,0.264,0.494,0.071,0.167,0.118,,,0.17,,,0.093,0.023,0.017,,0.037,0.203,,,,,,,,0.186,,0.098,0.15,,,0.024,,0.098,,0.095,0.168,0.097,0.159,0.141,0.361,0.554,0.254,0.147,0.154,0.138,,0.618,,,,,,,,0.139,0.215,0.117,0.144,0.337,,,,,0.126,0.186,0.587,,,0.495,0.57,,0.15,0.151,0.195,0.64,0.638,0.16,0.139,0.622,0.19,,,0.224,,,,,0.161,,,,0.173,,0.105,,0.204,0.118,0.119,0.089,,,,0.436,0.098,,,0.127,0.117
162,14027940,,0.57,0.57,,,,0.183,,,,,0.075,0.134,,0.212,0.076,,0.154,,,,,,,,0.401,,0.383,0.16,,,0.098,,0.413,0.268,,,,0.113,0.125,0.165,,,,0.076,0.473,0.517,0.483,,,,0.241,,0.098,,,,,,0.194,0.125,,,,0.202,0.163,0.053,0.122,,,,0.105,0.164,0.161,,0.323,,,,,,0.099,,,,,0.147,0.061,0.503,0.562,0.036,0.101,0.459,0.263,0.494,0.071,0.166,0.119,,,0.17,,,0.094,0.035,0.017,,0.037,0.203,,,,,,,,0.186,,0.098,0.14,,,0.024,,0.099,,0.094,0.168,0.098,0.158,0.14,0.361,0.564,0.266,0.15,0.153,0.139,,0.619,,,,,,,,0.138,0.215,0.117,0.144,0.337,,,,,0.125,0.185,0.587,,,0.496,0.57,,0.151,0.151,0.195,0.64,0.638,0.16,0.139,0.614,0.189,,,0.228,,,,,0.159,,,,0.172,,0.105,,0.204,0.119,0.119,0.089,,,,0.436,0.098,,,0.127,0.117
162,14028000,,0.569,0.57,,,,0.183,,,,,0.075,0.131,,0.212,0.078,,0.154,,,,,,,,0.401,,0.361,0.161,,,0.098,,0.413,0.267,,,,0.112,0.125,0.165,,,,0.076,0.473,0.517,0.483,,,,0.241,,0.097,,,,,,0.193,0.128,,,,0.202,0.163,0.054,0.123,,,,0.104,0.169,0.168,,0.37,,,,,,0.098,,,,,0.139,0.061,0.515,0.559,0.036,0.101,0.466,0.268,0.494,0.071,0.166,0.118,,,0.171,,,0.094,0.058,0.109,,0.038,0.203,,,,,,,,0.174,,0.097,0.143,,,0.024,,0.099,,0.094,0.168,0.098,0.159,0.14,0.361,0.564,0.258,0.153,0.153,0.138,,0.619,,,,,,,,0.14,0.219,0.119,0.144,0.341,,,,,0.128,0.194,0.587,,,0.498,0.577,,0.152,0.15,0.195,0.64,0.638,0.16,0.139,0.62,0.187,,,0.228,,,,,0.158,,,,0.177,,0.105,,0.204,0.12,0.12,0.089,,,,0.437,0.098,,,0.127,0.117
162,14028060,,0.569,0.57,,,,0.183,,,,,0.076,0.113,,0.212,0.072,,0.154,,,,,,,,0.401,,0.384,0.161,,,0.099,,0.413,0.27,,,,0.112,0.125,0.166,,,,0.076,0.473,0.517,0.483,,,,0.241,,0.099,,,,,,0.215,0.129,,,,0.202,0.163,0.054,0.123,,,,0.104,0.166,0.164,,0.363,,,,,,0.098,,,,,0.132,0.061,0.483,0.556,0.036,0.101,0.458,0.27,0.494,0.071,0.167,0.118,,,0.171,,,0.092,0.023,0.017,,0.049,0.202,,,,,,,,0.173,,0.097,0.149,,,0.024,,0.099,,0.096,0.169,0.098,0.16,0.141,0.361,0.486,0.264,0.158,0.153,0.138,,0.619,,,,,,,,0.139,0.217,0.119,0.144,0.34,,,,,0.129,0.193,0.587,,,0.498,0.576,,0.148,0.15,0.195,0.641,0.638,0.16,0.139,0.614,0.186,,,0.225,,,,,0.159,,,,0.173,,0.105,,0.213,0.12,0.12,0.095,,,,0.437,0.098,,,0.127,0.117
162,14028120,,0.569,0.57,,,,0.183,,,,,0.076,0.127,,0.212,0.076,,0.154,,,,,,,,0.401,,0.369,0.162,,,0.098,,0.413,0.271,,,,0.112,0.125,0.166,,,,0.076,0.473,0.517,0.483,,,,0.241,,0.097,,,,,,0.213,0.126,,,,0.202,0.164,0.054,0.122,,,,0.105,0.164,0.161,,0.354,,,,,,0.099,,,,,0.125,0.061,0.506,0.557,0.036,0.101,0.442,0.268,0.494,0.071,0.167,0.119,,,0.169,,,0.092,0.023,0.017,,0.038,0.202,,,,,,,,0.178,,0.097,0.134,,,0.024,,0.098,,0.094,0.168,0.097,0.159,0.141,0.361,0.479,0.27,0.155,0.154,0.138,,0.619,,,,,,,,0.137,0.215,0.117,0.144,0.338,,,,,0.127,0.187,0.587,,,0.498,0.576,,0.148,0.151,0.194,0.641,0.638,0.16,0.139,0.608,0.184,,,0.223,,,,,0.161,,,,0.171,,0.105,,0.211,0.118,0.118,0.098,,,,0.438,0.098,,,0.127,0.117
162,14028180,,0.569,0.571,,,,0.183,,,,,0.077,0.125,,0.212,0.084,,0.154,,,,,,,,0.401,,0.384,0.162,,,0.098,,0.413,0.268,,,,0.111,0.125,0.166,,,,0.076,0.473,0.517,0.483,,,,0.241,,0.097,,,,,,0.212,0.125,,,,0.202,0.163,0.054,0.122,,,,0.105,0.163,0.16,,0.348,,,,,,0.099,,,,,0.121,0.062,0.506,0.567,0.036,0.101,0.451,0.264,0.495,0.071,0.167,0.119,,,0.17,,,0.093,0.032,0.043,,0.038,0.202,,,,,,,,0.189,,0.096,0.135,,,0.024,,0.098,,0.095,0.168,0.098,0.159,0.14,0.361,0.496,0.284,0.167,0.153,0.138,,0.619,,,,,,,,0.138,0.215,0.117,0.144,0.339,,,,,0.125,0.184,0.587,,,0.498,0.576,,0.149,0.151,0.195,0.64,0.638,0.16,0.139,0.606,0.181,,,0.217,,,,,0.158,,,,0.169,,0.104,,0.21,0.118,0.12,0.097,,,,0.437,0.098,,,0.127,0.117
162,14028240,,0.569,0.571,,,,0.183,,,,,0.076,0.126,,0.212,0.079,,0.154,,,,,,,,0.401,,0.389,0.162,,,0.099,,0.414,0.267,,,,0.111,0.125,0.165,,,,0.076,0.473,0.517,0.483,,,,0.241,,0.098,,,,,,0.2,0.124,,,,0.202,0.165,0.054,0.121,,,,0.106,0.163,0.16,,0.343,,,,,,0.099,,,,,0.12,0.062,0.506,0.548,0.036,0.101,0.473,0.268,0.495,0.071,0.167,0.118,,,0.17,,,0.092,0.031,0.042,,0.038,0.202,,,,,,,,0.184,,0.097,0.14,,,0.024,,0.099,,0.095,0.168,0.098,0.159,0.139,0.361,0.489,0.264,0.162,0.154,0.138,,0.618,,,,,,,,0.137,0.216,0.117,0.144,0.34,,,,,0.124,0.183,0.587,,,0.498,0.577,,0.149,0.151,0.195,0.64,0.638,0.16,0.139,0.607,0.182,,,0.213,,,,,0.158,,,,0.169,,0.105,,0.207,0.119,0.121,0.094,,,,0.436,0.098,,,0.127,0.116
162,14028300,,0.569,0.571,,,,0.183,,,,,0.076,0.112,,0.212,0.085,,0.154,,,,,,,,0.401,,0.394,0.162,,,0.1,,0.414,0.267,,,,0.111,0.126,0.165,,,,0.076,0.475,0.444,0.483,,,,0.241,,0.098,,,,,,0.206,0.128,,,,0.202,0.165,0.054,0.122,,,,0.105,0.168,0.166,,0.342,,,,,,0.099,,,,,0.121,0.062,0.49,0.567,0.036,0.101,0.47,0.266,0.495,0.071,0.167,0.12,,,0.17,,,0.093,0.053,0.046,,0.038,0.202,,,,,,,,0.179,,0.097,0.148,,,0.024,,0.098,,0.095,0.169,0.098,0.159,0.14,0.361,0.489,0.271,0.165,0.153,0.14,,0.618,,,,,,,,0.136,0.222,0.12,0.143,0.341,,,,,0.125,0.185,0.587,,,0.499,0.577,,0.148,0.151,0.195,0.641,0.638,0.16,0.139,0.607,0.181,,,0.212,,,,,0.159,,,,0.167,,0.104,,0.203,0.118,0.12,0.1,,,,0.434,0.098,,,0.127,0.116
162,14028360,,0.569,0.571,,,,0.183,,,,,0.079,0.129,,0.212,0.08,,0.154,,,,,,,,0.401,,0.395,0.162,,,0.098,,0.414,0.268,,,,0.11,0.125,0.165,,,,0.076,0.476,0.483,0.483,,,,0.241,,0.097,,,,,,0.23,0.128,,,,0.202,0.165,0.054,0.121,,,,0.105,0.165,0.162,,0.34,,,,,,0.1,,,,,0.119,0.062,0.505,0.551,0.036,0.101,0.473,0.262,0.496,0.071,0.168,0.12,,,0.17,,,0.093,0.024,0.017,,0.128,0.201,,,,,,,,0.188,,0.098,0.158,,,0.024,,0.098,,0.095,0.169,0.097,0.158,0.141,0.361,0.468,0.287,0.167,0.153,0.146,,0.619,,,,,,,,0.136,0.219,0.124,0.143,0.341,,,,,0.125,0.185,0.587,,,0.499,0.577,,0.148,0.149,0.194,0.641,0.638,0.16,0.139,0.605,0.182,,,0.218,,,,,0.159,,,,0.166,,0.104,,0.203,0.119,0.129,0.106,,,,0.436,0.098,,,0.127,0.116
162,14028420,,0.569,0.57,,,,0.183,,,,,0.077,0.119,,0.212,0.079,,0.154,,,,,,,,0.401,,0.388,0.162,,,0.099,,0.414,0.269,,,,0.11,0.124,0.165,,,,0.077,0.476,0.486,0.484,,,,0.241,,0.097,,,,,,0.216,0.125,,,,0.202,0.165,0.054,0.12,,,,0.106,0.163,0.16,,0.338,,,,,,0.1,,,,,0.119,0.062,0.502,0.561,0.036,0.101,0.447,0.264,0.496,0.071,0.168,0.118,,,0.171,,,0.094,0.024,0.017,,0.034,0.201,,,,,,,,0.19,,0.097,0.167,,,0.024,,0.099,,0.096,0.168,0.098,0.159,0.141,0.361,0.487,0.279,0.162,0.154,0.147,,0.619,,,,,,,,0.134,0.219,0.127,0.143,0.341,,,,,0.124,0.185,0.587,,,0.5,0.578,,0.148,0.149,0.195,0.641,0.638,0.16,0.139,0.611,0.182,,,0.217,,,,,0.159,,,,0.165,,0.105,,0.193,0.119,0.128,0.105,,,,0.436,0.098,,,0.127,0.117
162,14028480,,0.569,0.571,,,,0.184,,,,,0.077,0.125,,0.212,0.079,,0.154,,,,,,,,0.401,,0.387,0.163,,,0.099,,0.414,0.27,,,,0.11,0.124,0.165,,,,0.077,0.476,0.487,0.483,,,,0.241,,0.098,,,,,,0.206,0.125,,,,0.202,0.165,0.054,0.123,,,,0.104,0.163,0.16,,0.339,,,,,,0.098,,,,,0.119,0.062,0.525,0.562,0.036,0.101,0.452,0.26,0.496,0.071,0.169,0.119,,,0.17,,,0.092,0.031,0.036,,0.037,0.201,,,,,,,,0.189,,0.097,0.156,,,0.024,,0.099,,0.095,0.169,0.098,0.16,0.142,0.361,0.483,0.286,0.165,0.153,0.147,,0.619,,,,,,,,0.134,0.219,0.127,0.143,0.342,,,,,0.123,0.183,0.587,,,0.499,0.58,,0.149,0.149,0.195,0.64,0.638,0.16,0.139,0.617,0.181,,,0.216,,,,,0.16,,,,0.165,,0.104,,0.19,0.119,0.133,0.102,,,,0.435,0.098,,,0.127,0.117
162,14028540,,0.569,0.571,,,,0.184,,,,,0.077,0.131,,0.212,0.078,,0.154,,,,,,,,0.401,,0.389,0.163,,,0.1,,0.414,0.267,,,,0.11,0.124,0.165,,,,0.076,0.476,0.517,0.484,,,,0.241,,0.097,,,,,,0.196,0.125,,,,0.202,0.166,0.053,0.122,,,,0.105,0.162,0.159,,0.335,,,,,,0.099,,,,,0.117,0.062,0.525,0.56,0.036,0.101,0.446,0.259,0.496,0.071,0.17,0.118,,,0.171,,,0.094,0.039,0.049,,0.037,0.201,,,,,,,,0.185,,0.098,0.157,,,0.024,,0.098,,0.095,0.168,0.099,0.159,0.143,0.361,0.502,0.29,0.167,0.153,0.147,,0.619,,,,,,,,0.133,0.218,0.127,0.143,0.342,,,,,0.123,0.183,0.587,,,0.5,0.574,,0.148,0.149,0.195,0.64,0.638,0.16,0.139,0.623,0.18,,,0.219,,,,,0.161,,,,0.165,,0.105,,0.187,0.119,0.136,0.101,,,,0.436,0.099,,,0.127,0.117
162,14028600,,0.569,0.571,,,,0.184,,,,,0.077,0.13,,0.212,0.091,,0.154,,,,,,,,0.401,,0.388,0.163,,,0.099,,0.414,0.266,,,,0.111,0.124,0.166,,,,0.076,0.475,0.517,0.484,,,,0.241,,0.098,,,,,,0.197,0.128,,,,0.202,0.166,0.053,0.123,,,,0.106,0.168,0.166,,0.349,,,,,,0.1,,,,,0.117,0.062,0.526,0.564,0.036,0.101,0.464,0.264,0.497,0.071,0.168,0.118,,,0.171,,,0.094,0.021,0.017,,0.037,0.2,,,,,,,,0.183,,0.098,0.161,,,0.023,,0.099,,0.095,0.169,0.098,0.159,0.143,0.361,0.475,0.273,0.17,0.153,0.139,,0.619,,,,,,,,0.136,0.223,0.126,0.143,0.346,,,,,0.126,0.185,0.587,,,0.5,0.575,,0.149,0.148,0.194,0.64,0.638,0.16,0.139,0.61,0.183,,,0.218,,,,,0.158,,,,0.165,,0.105,,0.182,0.119,0.118,0.098,,,,0.436,0.098,,,0.127,0.117
162,14028660,,0.569,0.57,,,,0.184,,,,,0.078,0.153,,0.212,0.081,,0.154,,,,,,,,0.401,,0.393,0.163,,,0.099,,0.414,0.265,,,,0.111,0.124,0.166,,,,0.076,0.474,0.517,0.484,,,,0.241,,0.098,,,,,,0.195,0.129,,,,0.202,0.166,0.053,0.123,,,,0.106,0.164,0.163,,0.346,,,,,,0.099,,,,,0.118,0.062,0.536,0.56,0.036,0.101,0.456,0.263,0.497,0.071,0.168,0.118,,,0.171,,,0.093,0.058,0.129,,0.038,0.2,,,,,,,,0.185,,0.097,0.156,,,0.023,,0.099,,0.096,0.169,0.098,0.159,0.143,0.361,0.485,0.299,0.171,0.154,0.139,,0.619,,,,,,,,0.135,0.219,0.127,0.144,0.345,,,,,0.127,0.187,0.587,,,0.5,0.575,,0.149,0.149,0.194,0.64,0.638,0.16,0.139,0.612,0.183,,,0.217,,,,,0.16,,,,0.164,,0.104,,0.173,0.119,0.118,0.094,,,,0.436,0.099,,,0.127,0.117
162,14028720,,0.569,0.571,,,,0.184,,,,,0.078,0.129,,0.212,0.081,,0.154,,,,,,,,0.401,,0.397,0.163,,,0.1,,0.414,0.267,,,,0.111,0.124,0.166,,,,0.076,0.474,0.517,0.484,,,,0.241,,0.099,,,,,,0.199,0.126,,,,0.202,0.166,0.053,0.124,,,,0.105,0.163,0.159,,0.343,,,,,,0.099,,,,,0.116,0.063,0.493,0.561,0.036,0.101,0.466,0.259,0.497,0.071,0.17,0.117,,,0.171,,,0.093,0.022,0.016,,0.038,0.2,,,,,,,,0.183,,0.097,0.145,,,0.024,,0.099,,0.096,0.169,0.098,0.159,0.143,0.361,0.492,0.292,0.174,0.153,0.139,,0.619,,,,,,,,0.134,0.217,0.126,0.143,0.346,,,,,0.124,0.18,0.587,,,0.501,0.575,,0.149,0.149,0.195,0.64,0.638,0.16,0.139,0.612,0.182,,,0.22,,,,,0.158,,,,0.163,,0.104,,0.169,0.118,0.119,0.092,,,,0.434,0.099,,,0.127,0.117
162,14028780,,0.569,0.571,,,,0.184,,,,,0.08,0.137,,0.212,0.076,,0.154,,,,,,,,0.401,,0.396,0.159,,,0.099,,0.414,0.268,,,,0.111,0.124,0.165,,,,0.076,0.474,0.517,0.484,,,,0.241,,0.097,,,,,,0.196,0.126,,,,0.202,0.166,0.053,0.123,,,,0.106,0.162,0.159,,0.343,,,,,,0.099,,,,,0.116,0.063,0.51,0.553,0.036,0.101,0.475,0.258,0.497,0.071,0.169,0.118,,,0.171,,,0.093,0.021,0.016,,0.038,0.2,,,,,,,,0.18,,0.098,0.137,,,0.024,,0.097,,0.095,0.169,0.098,0.16,0.145,0.361,0.488,0.292,0.179,0.154,0.139,,0.619,,,,,,,,0.133,0.215,0.126,0.143,0.347,,,,,0.124,0.177,0.587,,,0.501,0.576,,0.151,0.149,0.195,0.64,0.638,0.16,0.139,0.609,0.182,,,0.222,,,,,0.158,,,,0.161,,0.104,,0.167,0.119,0.118,0.091,,,,0.434,0.099,,,0.127,0.117
162,14028840,,0.569,0.571,,,,0.184,,,,,0.078,0.171,,0.212,0.075,,0.154,,,,,,,,0.401,,0.406,0.16,,,0.099,,0.414,0.268,,,,0.111,0.124,0.167,,,,0.076,0.474,0.518,0.484,,,,0.241,,0.098,,,,,,0.197,0.125,,,,0.202,0.167,0.053,0.123,,,,0.106,0.162,0.159,,0.34,,,,,,0.1,,,,,0.117,0.063,0.49,0.562,0.036,0.101,0.44,0.258,0.497,0.071,0.167,0.117,,,0.171,,,0.093,0.021,0.017,,0.062,0.199,,,,,,,,0.188,,0.098,0.138,,,0.024,,0.099,,0.095,0.17,0.096,0.159,0.146,0.361,0.475,0.304,0.178,0.153,0.139,,0.619,,,,,,,,0.132,0.213,0.126,0.143,0.347,,,,,0.123,0.176,0.586,,,0.501,0.576,,0.153,0.149,0.194,0.64,0.638,0.16,0.139,0.622,0.184,,,0.223,,,,,0.159,,,,0.162,,0.104,,0.165,0.119,0.118,0.091,,,,0.436,0.098,,,0.127,0.117
162,14028900,,0.569,0.57,,,,0.184,,,,,0.078,0.168,,0.212,0.093,,0.154,,,,,,,,0.401,,0.402,0.156,,,0.1,,0.414,0.268,,,,0.111,0.124,0.167,,,,0.076,0.474,0.517,0.484,,,,0.241,,0.098,,,,,,0.202,0.127,,,,0.202,0.167,0.053,0.123,,,,0.106,0.167,0.164,,0.344,,,,,,0.099,,,,,0.117,0.064,0.512,0.565,0.036,0.101,0.468,0.261,0.497,0.071,0.169,0.118,,,0.171,,,0.094,0.021,0.016,,0.037,0.199,,,,,,,,0.182,,0.097,0.15,,,0.024,,0.099,,0.095,0.169,0.097,0.16,0.137,0.361,0.491,0.328,0.168,0.153,0.139,,0.62,,,,,,,,0.131,0.215,0.127,0.143,0.349,,,,,0.122,0.177,0.587,,,0.494,0.576,,0.149,0.15,0.196,0.64,0.638,0.16,0.139,0.635,0.186,,,0.222,,,,,0.159,,,,0.163,,0.103,,0.161,0.119,0.12,0.091,,,,0.436,0.098,,,0.127,0.117
162,14028960,,0.569,0.57,,,,0.184,,,,,0.078,0.149,,0.212,0.084,,0.154,,,,,,,,0.401,,0.404,0.157,,,0.1,,0.414,0.267,,,,0.111,0.124,0.166,,,,0.076,0.476,0.517,0.484,,,,0.241,,0.098,,,,,,0.201,0.127,,,,0.202,0.167,0.054,0.122,,,,0.105,0.163,0.161,,0.345,,,,,,0.1,,,,,0.117,0.065,0.516,0.556,0.036,0.101,0.452,0.257,0.497,0.071,0.168,0.119,,,0.171,,,0.092,0.03,0.016,,0.037,0.199,,,,,,,,0.18,,0.097,0.141,,,0.024,,0.1,,0.096,0.169,0.097,0.159,0.144,0.361,0.494,0.344,0.171,0.154,0.138,,0.62,,,,,,,,0.131,0.211,0.126,0.143,0.349,,,,,0.123,0.178,0.587,,,0.498,0.576,,0.148,0.15,0.195,0.64,0.638,0.16,0.139,0.639,0.187,,,0.222,,,,,0.159,,,,0.162,,0.104,,0.167,0.119,0.119,0.09,,,,0.437,0.099,,,0.127,0.117
162,14029020,,0.569,0.571,,,,0.184,,,,,0.078,0.149,,0.213,0.08,,0.154,,,,,,,,0.401,,0.401,0.157,,,0.098,,0.414,0.267,,,,0.111,0.124,0.166,,,,0.077,0.476,0.517,0.484,,,,0.241,,0.097,,,,,,0.202,0.126,,,,0.202,0.166,0.054,0.122,,,,0.105,0.162,0.159,,0.342,,,,,,0.1,,,,,0.118,0.065,0.538,0.559,0.036,0.101,0.464,0.259,0.497,0.071,0.17,0.118,,,0.171,,,0.092,0.021,0.016,,0.037,0.199,,,,,,,,0.182,,0.098,0.135,,,0.024,,0.098,,0.095,0.169,0.098,0.159,0.145,0.361,0.486,0.317,0.172,0.154,0.139,,0.619,,,,,,,,0.131,0.21,0.126,0.143,0.348,,,,,0.122,0.177,0.587,,,0.494,0.576,,0.148,0.15,0.195,0.64,0.638,0.16,0.139,0.64,0.186,,,0.219,,,,,0.16,,,,0.162,,0.104,,0.167,0.118,0.12,0.09,,,,0.438,0.098,,,0.127,0.117
162,14029080,,0.569,0.571,,,,0.184,,,,,0.079,0.128,,0.212,0.087,,0.154,,,,,,,,0.401,,0.405,0.156,,,0.1,,0.415,0.271,,,,0.112,0.124,0.166,,,,0.077,0.476,0.517,0.484,,,,0.241,,0.097,,,,,,0.2,0.129,,,,0.202,0.166,0.054,0.122,,,,0.106,0.161,0.159,,0.342,,,,,,0.1,,,,,0.119,0.065,0.505,0.574,0.036,0.101,0.478,0.259,0.497,0.071,0.169,0.116,,,0.171,,,0.093,0.022,0.021,,0.083,0.198,,,,,,,,0.175,,0.098,0.137,,,0.024,,0.099,,0.094,0.169,0.096,0.16,0.145,0.361,0.499,0.35,0.174,0.153,0.138,,0.619,,,,,,,,0.135,0.209,0.128,0.143,0.35,,,,,0.121,0.177,0.587,,,0.494,0.576,,0.149,0.15,0.195,0.64,0.638,0.16,0.139,0.637,0.187,,,0.221,,,,,0.159,,,,0.162,,0.104,,0.166,0.12,0.119,0.09,,,,0.437,0.098,,,0.127,0.117
162,14029140,,0.569,0.571,,,,0.184,,,,,0.077,0.116,,0.212,0.093,,0.154,,,,,,,,0.401,,0.407,0.157,,,0.1,,0.415,0.273,,,,0.113,0.124,0.166,,,,0.077,0.476,0.517,0.484,,,,0.241,,0.098,,,,,,0.199,0.13,,,,0.202,0.166,0.054,0.122,,,,0.107,0.161,0.158,,0.343,,,,,,0.099,,,,,0.117,0.064,0.51,0.568,0.036,0.101,0.46,0.264,0.497,0.071,0.169,0.118,,,0.171,,,0.094,0.021,0.016,,0.045,0.198,,,,,,,,0.18,,0.096,0.138,,,0.024,,0.099,,0.096,0.17,0.098,0.159,0.145,0.361,0.492,0.326,0.183,0.153,0.139,,0.619,,,,,,,,0.139,0.209,0.128,0.143,0.35,,,,,0.122,0.178,0.587,,,0.495,0.577,,0.153,0.15,0.195,0.64,0.638,0.16,0.139,0.629,0.188,,,0.231,,,,,0.159,,,,0.164,,0.105,,0.161,0.121,0.121,0.09,,,,0.436,0.098,,,0.127,0.117
162,14029200,,0.569,0.571,,,,0.184,,,,,0.077,0.135,,0.212,0.12,,0.155,,,,,,,,0.403,,0.382,0.151,,,0.1,,0.415,0.274,,,,0.127,0.124,0.165,,,,0.082,0.48,0.517,0.484,,,,0.169,,0.098,,,,,,0.201,0.153,,,,0.202,0.167,0.054,0.123,,,,0.105,0.169,0.182,,0.426,,,,,,0.099,,,,,0.12,0.065,0.522,0.575,0.036,0.101,0.473,0.265,0.497,0.071,0.169,0.123,,,0.172,,,0.093,0.043,0.099,,0.047,0.211,,,,,,,,0.181,,0.097,0.154,,,0.024,,0.1,,0.095,0.169,0.098,0.161,0.147,0.361,0.502,0.345,0.168,0.154,0.14,,0.62,,,,,,,,0.168,0.232,0.145,0.144,0.372,,,,,0.135,0.203,0.587,,,0.496,0.576,,0.154,0.15,0.195,0.641,0.638,0.16,0.139,0.62,0.19,,,0.234,,,,,0.16,,,,0.197,,0.105,,0.117,0.119,0.12,0.09,,,,0.438,0.098,,,0.127,0.117
162,14029260,,0.569,0.57,,,,0.184,,,,,0.077,0.179,,0.212,0.102,,0.155,,,,,,,,0.401,,0.391,0.151,,,0.099,,0.415,0.273,,,,0.124,0.124,0.166,,,,0.081,0.478,0.517,0.485,,,,0.169,,0.097,,,,,,0.194,0.153,,,,0.202,0.166,0.053,0.123,,,,0.105,0.164,0.18,,0.421,,,,,,0.1,,,,,0.117,0.065,0.528,0.569,0.036,0.101,0.445,0.266,0.497,0.071,0.169,0.119,,,0.172,,,0.094,0.033,0.016,,0.036,0.211,,,,,,,,0.187,,0.097,0.155,,,0.024,,0.099,,0.094,0.168,0.097,0.16,0.147,0.361,0.507,0.352,0.177,0.153,0.14,,0.62,,,,,,,,0.168,0.232,0.123,0.144,0.368,,,,,0.135,0.205,0.588,,,0.497,0.585,,0.154,0.151,0.195,0.641,0.638,0.16,0.139,0.611,0.19,,,0.238,,,,,0.16,,,,0.197,,0.104,,0.191,0.12,0.12,0.09,,,,0.438,0.099,,,0.127,0.117
162,14029320,,0.569,0.571,,,,0.184,,,,,0.077,0.183,,0.212,0.098,,0.154,,,,,,,,0.401,,0.405,0.152,,,0.1,,0.415,0.269,,,,0.122,0.124,0.166,,,,0.08,0.478,0.517,0.485,,,,0.169,,0.098,,,,,,0.195,0.153,,,,0.202,0.166,0.053,0.122,,,,0.106,0.162,0.173,,0.412,,,,,,0.101,,,,,0.118,0.065,0.531,0.568,0.036,0.101,0.479,0.265,0.497,0.071,0.169,0.118,,,0.172,,,0.094,0.072,0.121,,0.051,0.211,,,,,,,,0.176,,0.097,0.153,,,0.024,,0.099,,0.094,0.168,0.098,0.16,0.148,0.361,0.506,0.341,0.176,0.153,0.139,,0.62,,,,,,,,0.169,0.224,0.121,0.144,0.363,,,,,0.13,0.45,0.588,,,0.496,0.574,,0.153,0.151,0.195,0.641,0.638,0.16,0.139,0.605,0.188,,,0.234,,,,,0.16,,,,0.192,,0.104,,0.225,0.119,0.121,0.09,,,,0.439,0.099,,,0.127,0.117
162,14029380,,0.569,0.571,,,,0.184,,,,,0.077,0.179,,0.212,0.114,,0.154,,,,,,,,0.401,,0.405,0.152,,,0.101,,0.415,0.268,,,,0.117,0.124,0.167,,,,0.08,0.479,0.517,0.485,,,,0.169,,0.099,,,,,,0.206,0.143,,,,0.202,0.167,0.053,0.123,,,,0.106,0.162,0.165,,0.4,,,,,,0.099,,,,,0.119,0.065,0.51,0.566,0.036,0.101,0.461,0.263,0.498,0.071,0.169,0.12,,,0.173,,,0.093,0.134,0.273,,0.076,0.211,,,,,,,,0.185,,0.097,0.169,,,0.024,,0.099,,0.094,0.168,0.099,0.16,0.146,0.361,0.511,0.339,0.171,0.154,0.14,,0.62,,,,,,,,0.165,0.217,0.113,0.143,0.359,,,,,0.129,0.45,0.588,,,0.496,0.585,,0.154,0.151,0.195,0.64,0.638,0.16,0.139,0.594,0.186,,,0.229,,,,,0.16,,,,0.191,,0.104,,0.23,0.12,0.122,0.095,,,,0.436,0.099,,,0.127,0.117
162,14029440,,0.569,0.571,,,,0.184,,,,,0.076,0.18,,0.212,0.091,,0.154,,,,,,,,0.401,,0.397,0.152,,,0.101,,0.415,0.273,,,,0.117,0.124,0.166,,,,0.078,0.479,0.517,0.485,,,,0.169,,0.099,,,,,,0.207,0.14,,,,0.202,0.167,0.053,0.122,,,,0.105,0.161,0.16,,0.389,,,,,,0.1,,,,,0.118,0.065,0.533,0.577,0.036,0.101,0.475,0.266,0.498,0.071,0.17,0.121,,,0.173,,,0.093,0.113,0.421,,0.059,0.21,,,,,,,,0.185,,0.096,0.187,,,0.024,,0.1,,0.094,0.169,0.099,0.16,0.146,0.361,0.512,0.352,0.171,0.154,0.141,,0.621,,,,,,,,0.16,0.213,0.107,0.143,0.356,,,,,0.128,0.445,0.587,,,0.497,0.584,,0.154,0.151,0.195,0.641,0.638,0.16,0.139,0.592,0.185,,,0.226,,,,,0.161,,,,0.189,,0.105,,0.231,0.121,0.121,0.098,,,,0.436,0.099,,,0.127,0.117
162,14029500,,0.569,0.571,,,,0.184,,,,,0.076,0.183,,0.212,0.115,,0.154,,,,,,,,0.402,,0.393,0.153,,,0.1,,0.415,0.274,,,,0.113,0.124,0.166,,,,0.078,0.476,0.517,0.485,,,,0.169,,0.099,,,,,,0.216,0.138,,,,0.202,0.167,0.053,0.122,,,,0.106,0.161,0.159,,0.377,,,,,,0.1,,,,,0.12,0.066,0.528,0.569,0.036,0.101,0.455,0.267,0.498,0.071,0.17,0.12,,,0.173,,,0.093,0.248,0.261,,0.038,0.209,,,,,,,,0.184,,0.096,0.184,,,0.024,,0.098,,0.094,0.168,0.098,0.161,0.147,0.361,0.519,0.331,0.176,0.153,0.139,,0.621,,,,,,,,0.159,0.212,0.107,0.143,0.358,,,,,0.127,0.44,0.588,,,0.498,0.585,,0.154,0.152,0.195,0.641,0.638,0.16,0.139,0.609,0.184,,,0.226,,,,,0.159,,,,0.187,,0.104,,0.231,0.118,0.12,0.098,,,,0.435,0.095,,,0.127,0.117
162,14029560,,0.569,0.571,,,,0.184,,,,,0.076,0.172,,0.211,0.075,,0.154,,,,,,,,0.402,,0.403,0.153,,,0.1,,0.416,0.272,,,,0.111,0.126,0.166,,,,0.078,0.477,0.517,0.485,,,,0.169,,0.098,,,,,,0.229,0.139,,,,0.202,0.167,0.053,0.121,,,,0.107,0.161,0.158,,0.366,,,,,,0.1,,,,,0.117,0.066,0.513,0.574,0.036,0.101,0.482,0.266,0.498,0.071,0.169,0.119,,,0.174,,,0.095,0.026,0.214,,0.099,0.209,,,,,,,,0.181,,0.096,0.213,,,0.024,,0.1,,0.094,0.169,0.098,0.161,0.147,0.361,0.499,0.331,0.172,0.154,0.139,,0.621,,,,,,,,0.157,0.211,0.109,0.143,0.356,,,,,0.126,0.438,0.587,,,0.498,0.585,,0.154,0.151,0.195,0.64,0.638,0.16,0.139,0.618,0.185,,,0.228,,,,,0.16,,,,0.185,,0.104,,0.155,0.12,0.121,0.11,,,,0.435,0.095,,,0.127,0.117
162,14029620,,0.57,0.57,,,,0.184,,,,,0.076,0.17,,0.211,0.082,,0.154,,,,,,,,0.402,,0.406,0.153,,,0.1,,0.415,0.27,,,,0.109,0.125,0.167,,,,0.078,0.477,0.517,0.486,,,,0.169,,0.099,,,,,,0.213,0.138,,,,0.202,0.167,0.053,0.123,,,,0.107,0.16,0.158,,0.354,,,,,,0.099,,,,,0.117,0.066,0.516,0.576,0.036,0.101,0.48,0.263,0.499,0.071,0.17,0.119,,,0.175,,,0.093,0.03,0.017,,0.037,0.208,,,,,,,,0.181,,0.096,0.21,,,0.024,,0.1,,0.094,0.169,0.098,0.16,0.147,0.361,0.522,0.333,0.176,0.154,0.14,,0.621,,,,,,,,0.156,0.209,0.115,0.143,0.353,,,,,0.125,0.437,0.587,,,0.5,0.585,,0.154,0.151,0.195,0.64,0.638,0.16,0.139,0.621,0.182,,,0.233,,,,,0.159,,,,0.183,,0.105,,0.226,0.12,0.121,0.109,,,,0.435,0.094,,,0.127,0.117
162,14029680,,0.569,0.57,,,,0.184,,,,,0.076,0.179,,0.211,0.083,,0.154,,,,,,,,0.402,,0.397,0.155,,,0.101,,0.416,0.27,,,,0.108,0.125,0.166,,,,0.078,0.477,0.517,0.485,,,,0.169,,0.098,,,,,,0.204,0.142,,,,0.202,0.167,0.052,0.122,,,,0.106,0.16,0.162,,0.347,,,,,,0.1,,,,,0.118,0.066,0.533,0.572,0.036,0.101,0.45,0.264,0.499,0.071,0.17,0.118,,,0.175,,,0.094,0.032,0.033,,0.076,0.208,,,,,,,,0.18,,0.098,0.213,,,0.024,,0.11,,0.094,0.169,0.099,0.16,0.148,0.361,0.521,0.341,0.172,0.153,0.138,,0.621,,,,,,,,0.154,0.213,0.143,0.143,0.354,,,,,0.125,0.437,0.587,,,0.5,0.586,,0.154,0.151,0.195,0.641,0.638,0.16,0.139,0.619,0.182,,,0.237,,,,,0.16,,,,0.182,,0.104,,0.226,0.117,0.121,0.104,,,,0.435,0.094,,,0.127,0.117
162,14029740,,0.569,0.571,,,,0.184,,,,,0.081,0.175,,0.211,0.1,,0.154,,,,,,,,0.402,,0.405,0.155,,,0.099,,0.416,0.269,,,,0.107,0.125,0.166,,,,0.078,0.477,0.517,0.486,,,,0.169,,0.098,,,,,,0.202,0.141,,,,0.202,0.167,0.054,0.122,,,,0.107,0.16,0.158,,0.342,,,,,,0.101,,,,,0.119,0.066,0.532,0.571,0.036,0.101,0.477,0.267,0.499,0.071,0.171,0.118,,,0.176,,,0.094,0.127,0.164,,0.037,0.207,,,,,,,,0.183,,0.098,0.206,,,0.024,,0.108,,0.094,0.169,0.097,0.16,0.148,0.361,0.519,0.337,0.17,0.154,0.139,,0.621,,,,,,,,0.153,0.21,0.153,0.143,0.356,,,,,0.124,0.437,0.587,,,0.495,0.586,,0.153,0.152,0.195,0.641,0.638,0.16,0.139,0.624,0.185,,,0.24,,,,,0.159,,,,0.178,,0.104,,0.23,0.118,0.121,0.099,,,,0.433,0.095,,,0.127,0.117
162,14029800,,0.569,0.571,,,,0.184,,,,,0.091,0.175,,0.212,0.095,,0.154,,,,,,,,0.402,,0.401,0.155,,,0.1,,0.416,0.271,,,,0.106,0.125,0.166,,,,0.081,0.478,0.517,0.485,,,,0.169,,0.099,,,,,,0.207,0.142,,,,0.202,0.167,0.054,0.122,,,,0.107,0.16,0.158,,0.34,,,,,,0.101,,,,,0.118,0.066,0.538,0.579,0.036,0.101,0.478,0.265,0.499,0.071,0.169,0.121,,,0.176,,,0.095,0.033,0.018,,0.041,0.207,,,,,,,,0.188,,0.096,0.237,,,0.024,,0.108,,0.095,0.169,0.098,0.161,0.149,0.361,0.538,0.344,0.173,0.154,0.139,,0.621,,,,,,,,0.154,0.211,0.149,0.143,0.356,,,,,0.126,0.443,0.587,,,0.495,0.586,,0.153,0.152,0.195,0.641,0.638,0.16,0.139,0.615,0.187,,,0.237,,,,,0.161,,,,0.178,,0.102,,0.234,0.119,0.121,0.097,,,,0.432,0.096,,,0.127,0.117
162,14029860,,0.569,0.57,,,,0.184,,,,,0.076,0.169,,0.211,0.078,,0.154,,,,,,,,0.401,,0.402,0.156,,,0.101,,0.416,0.274,,,,0.103,0.125,0.166,,,,0.081,0.478,0.517,0.486,,,,0.169,,0.1,,,,,,0.204,0.143,,,,0.202,0.168,0.054,0.121,,,,0.107,0.16,0.157,,0.338,,,,,,0.1,,,,,0.118,0.067,0.501,0.579,0.036,0.101,0.48,0.263,0.499,0.071,0.169,0.119,,,0.177,,,0.093,0.024,0.026,,0.042,0.206,,,,,,,,0.196,,0.097,0.221,,,0.025,,0.109,,0.096,0.169,0.099,0.16,0.148,0.361,0.523,0.34,0.173,0.154,0.139,,0.621,,,,,,,,0.153,0.211,0.15,0.143,0.355,,,,,0.126,0.443,0.587,,,0.495,0.586,,0.153,0.152,0.195,0.641,0.638,0.16,0.139,0.604,0.187,,,0.233,,,,,0.159,,,,0.178,,0.102,,0.233,0.118,0.122,0.095,,,,0.435,0.094,,,0.127,0.117
162,14029920,,0.568,0.57,,,,0.184,,,,,0.08,0.185,,0.211,0.099,,0.154,,,,,,,,0.401,,0.407,0.156,,,0.101,,0.416,0.275,,,,0.102,0.125,0.165,,,,0.078,0.478,0.517,0.486,,,,0.169,,0.098,,,,,,0.206,0.143,,,,0.202,0.167,0.054,0.122,,,,0.106,0.16,0.156,,0.338,,,,,,0.1,,,,,0.117,0.066,0.528,0.571,0.036,0.101,0.468,0.266,0.499,0.071,0.17,0.118,,,0.177,,,0.093,0.029,0.017,,0.041,0.206,,,,,,,,0.198,,0.098,0.19,,,0.024,,0.109,,0.094,0.168,0.1,0.161,0.149,0.361,0.527,0.346,0.173,0.154,0.14,,0.621,,,,,,,,0.147,0.217,0.147,0.143,0.354,,,,,0.126,0.44,0.587,,,0.496,0.586,,0.153,0.152,0.195,0.641,0.638,0.16,0.139,0.608,0.19,,,0.228,,,,,0.16,,,,0.174,,0.104,,0.231,0.118,0.121,0.093,,,,0.435,0.094,,,0.127,0.117
162,14029980,,0.568,0.57,,,,0.184,,,,,0.081,0.193,,0.211,0.092,,0.154,,,,,,,,0.401,,0.407,0.157,,,0.1,,0.416,0.273,,,,0.101,0.125,0.166,,,,0.078,0.478,0.517,0.486,,,,0.169,,0.099,,,,,,0.201,0.143,,,,0.202,0.167,0.054,0.123,,,,0.106,0.16,0.156,,0.337,,,,,,0.101,,,,,0.118,0.066,0.531,0.562,0.036,0.101,0.456,0.266,0.499,0.071,0.168,0.12,,,0.177,,,0.094,0.05,0.096,,0.046,0.205,,,,,,,,0.186,,0.1,0.187,,,0.024,,0.107,,0.095,0.169,0.098,0.161,0.149,0.361,0.531,0.355,0.174,0.154,0.14,,0.621,,,,,,,,0.145,0.174,0.146,0.143,0.354,,,,,0.115,0.439,0.587,,,0.496,0.586,,0.154,0.152,0.195,0.641,0.638,0.16,0.139,0.607,0.194,,,0.227,,,,,0.16,,,,0.171,,0.104,,0.223,0.119,0.12,0.092,,,,0.435,0.095,,,0.127,0.117
162,14030040,,0.569,0.57,,,,0.184,,,,,0.078,0.186,,0.211,0.077,,0.154,,,,,,,,0.402,,0.4,0.157,,,0.101,,0.416,0.271,,,,0.101,0.125,0.167,,,,0.078,0.478,0.517,0.486,,,,0.169,,0.1,,,,,,0.203,0.143,,,,0.202,0.167,0.054,0.122,,,,0.107,0.16,0.156,,0.338,,,,,,0.1,,,,,0.117,0.067,0.531,0.564,0.036,0.101,0.47,0.263,0.499,0.071,0.169,0.119,,,0.178,,,0.095,0.038,0.03,,0.038,0.205,,,,,,,,0.198,,0.097,0.185,,,0.024,,0.107,,0.096,0.169,0.099,0.161,0.149,0.361,0.523,0.352,0.175,0.154,0.139,,0.621,,,,,,,,0.143,0.169,0.145,0.143,0.353,,,,,0.115,0.439,0.586,,,0.496,0.586,,0.153,0.152,0.195,0.64,0.638,0.16,0.139,0.611,0.198,,,0.218,,,,,0.16,,,,0.171,,0.103,,0.212,0.119,0.121,0.091,,,,0.436,0.095,,,0.127,0.117
162,14030100,,0.569,0.57,,,,0.184,,,,,0.084,0.178,,0.211,0.111,,0.154,,,,,,,,0.403,,0.4,0.156,,,0.102,,0.416,0.27,,,,0.1,0.125,0.166,,,,0.078,0.482,0.487,0.486,,,,0.169,,0.1,,,,,,0.206,0.144,,,,0.202,0.167,0.054,0.123,,,,0.106,0.16,0.156,,0.339,,,,,,0.1,,,,,0.118,0.067,0.516,0.578,0.036,0.101,0.475,0.261,0.499,0.071,0.169,0.12,,,0.178,,,0.093,0.117,0.027,,0.038,0.204,,,,,,,,0.192,,0.097,0.203,,,0.024,,0.108,,0.096,0.17,0.1,0.161,0.148,0.361,0.538,0.347,0.176,0.155,0.14,,0.621,,,,,,,,0.142,0.175,0.144,0.143,0.357,,,,,0.119,0.439,0.587,,,0.496,0.586,,0.154,0.152,0.196,0.64,0.638,0.16,0.139,0.623,0.203,,,0.214,,,,,0.16,,,,0.171,,0.103,,0.203,0.12,0.122,0.091,,,,0.436,0.095,,,0.127,0.116
162,14030160,,0.569,0.571,,,,0.184,,,,,0.089,0.154,,0.211,0.083,,0.154,,,,,,,,0.402,,0.402,0.156,,,0.102,,0.416,0.267,,,,0.099,0.126,0.166,,,,0.078,0.482,0.495,0.486,,,,0.169,,0.099,,,,,,0.204,0.144,,,,0.202,0.167,0.054,0.123,,,,0.106,0.16,0.156,,0.337,,,,,,0.1,,,,,0.116,0.067,0.522,0.564,0.036,0.101,0.475,0.26,0.499,0.071,0.169,0.119,,,0.179,,,0.094,0.137,0.226,,0.043,0.204,,,,,,,,0.193,,0.098,0.22,,,0.024,,0.109,,0.095,0.169,0.1,0.161,0.148,0.361,0.536,0.353,0.176,0.155,0.14,,0.621,,,,,,,,0.14,0.172,0.145,0.143,0.358,,,,,0.119,0.439,0.587,,,0.496,0.586,,0.154,0.153,0.195,0.64,0.638,0.16,0.139,0.627,0.205,,,0.217,,,,,0.159,,,,0.169,,0.104,,0.192,0.119,0.121,0.091,,,,0.435,0.091,,,0.127,0.116
162,14030220,,0.569,0.571,,,,0.184,,,,,0.079,0.157,,0.211,0.076,,0.154,,,,,,,,0.402,,0.416,0.157,,,0.1,,0.416,0.268,,,,0.099,0.126,0.166,,,,0.078,0.482,0.495,0.486,,,,0.169,,0.099,,,,,,0.195,0.144,,,,0.202,0.167,0.054,0.122,,,,0.107,0.16,0.156,,0.337,,,,,,0.101,,,,,0.116,0.067,0.542,0.571,0.036,0.101,0.465,0.26,0.499,0.071,0.169,0.118,,,0.179,,,0.095,0.111,0.027,,0.037,0.204,,,,,,,,0.187,,0.099,0.233,,,0.024,,0.108,,0.095,0.169,0.1,0.161,0.149,0.361,0.549,0.357,0.174,0.153,0.139,,0.621,,,,,,,,0.138,0.173,0.146,0.143,0.358,,,,,0.117,0.438,0.587,,,0.496,0.587,,0.154,0.153,0.196,0.641,0.638,0.16,0.139,0.626,0.206,,,0.222,,,,,0.161,,,,0.167,,0.103,,0.186,0.12,0.122,0.091,,,,0.434,0.09,,,0.127,0.116
162,14030280,,0.569,0.571,,,,0.184,,,,,0.078,0.149,,0.211,0.071,,0.154,,,,,,,,0.402,,0.414,0.154,,,0.101,,0.416,0.272,,,,0.099,0.125,0.165,,,,0.078,0.482,0.495,0.486,,,,0.169,,0.1,,,,,,0.201,0.144,,,,0.202,0.167,0.054,0.122,,,,0.106,0.16,0.156,,0.335,,,,,,0.101,,,,,0.118,0.067,0.512,0.566,0.036,0.101,0.475,0.259,0.5,0.071,0.169,0.121,,,0.179,,,0.095,0.037,0.032,,0.057,0.203,,,,,,,,0.174,,0.098,0.25,,,0.024,,0.108,,0.095,0.169,0.098,0.161,0.15,0.362,0.548,0.343,0.175,0.154,0.14,,0.621,,,,,,,,0.137,0.173,0.146,0.143,0.357,,,,,0.117,0.438,0.586,,,0.496,0.587,,0.154,0.153,0.195,0.64,0.638,0.16,0.139,0.62,0.209,,,0.226,,,,,0.16,,,,0.166,,0.103,,0.188,0.119,0.122,0.091,,,,0.435,0.095,,,0.127,0.117
162,14030340,,0.569,0.571,,,,0.184,,,,,0.078,0.121,,0.211,0.073,,0.154,,,,,,,,0.401,,0.415,0.154,,,0.101,,0.416,0.271,,,,0.099,0.125,0.166,,,,0.078,0.483,0.495,0.486,,,,0.169,,0.099,,,,,,0.201,0.144,,,,0.202,0.166,0.053,0.123,,,,0.106,0.16,0.156,,0.334,,,,,,0.1,,,,,0.118,0.067,0.526,0.572,0.036,0.101,0.47,0.264,0.499,0.071,0.169,0.119,,,0.179,,,0.095,0.024,0.015,,0.037,0.203,,,,,,,,0.179,,0.098,0.229,,,0.024,,0.108,,0.097,0.169,0.099,0.162,0.149,0.362,0.551,0.349,0.179,0.154,0.141,,0.621,,,,,,,,0.136,0.172,0.146,0.143,0.356,,,,,0.117,0.438,0.586,,,0.497,0.587,,0.154,0.153,0.195,0.641,0.638,0.16,0.139,0.615,0.207,,,0.231,,,,,0.161,,,,0.165,,0.104,,0.19,0.119,0.122,0.091,,,,0.431,0.095,,,0.127,0.117
162,14030400,,0.569,0.571,,,,0.184,,,,,0.078,0.12,,0.211,0.107,,0.154,,,,,,,,0.402,,0.413,0.154,,,0.102,,0.417,0.268,,,,0.101,0.125,0.166,,,,0.078,0.48,0.496,0.486,,,,0.169,,0.099,,,,,,0.201,0.145,,,,0.202,0.167,0.054,0.123,,,,0.107,0.16,0.156,,0.34,,,,,,0.1,,,,,0.12,0.067,0.539,0.577,0.036,0.101,0.489,0.27,0.499,0.071,0.171,0.123,,,0.18,,,0.094,0.023,0.019,,0.037,0.203,,,,,,,,0.203,,0.099,0.245,,,0.024,,0.101,,0.095,0.17,0.098,0.161,0.149,0.362,0.544,0.364,0.18,0.153,0.14,,0.621,,,,,,,,0.138,0.181,0.146,0.143,0.359,,,,,0.118,0.441,0.586,,,0.499,0.587,,0.155,0.153,0.196,0.641,0.638,0.16,0.139,0.61,0.206,,,0.234,,,,,0.16,,,,0.166,,0.105,,0.177,0.119,0.121,0.091,,,,0.434,0.095,,,0.127,0.117
162,14030460,,0.568,0.571,,,,0.184,,,,,0.078,0.13,,0.211,0.077,,0.154,,,,,,,,0.402,,0.412,0.153,,,0.1,,0.417,0.267,,,,0.101,0.125,0.166,,,,0.078,0.481,0.498,0.486,,,,0.169,,0.099,,,,,,0.2,0.145,,,,0.202,0.167,0.054,0.123,,,,0.107,0.16,0.156,,0.339,,,,,,0.101,,,,,0.119,0.067,0.543,0.574,0.036,0.101,0.471,0.265,0.499,0.071,0.17,0.121,,,0.18,,,0.095,0.035,0.037,,0.079,0.202,,,,,,,,0.185,,0.1,0.242,,,0.024,,0.1,,0.095,0.17,0.098,0.161,0.15,0.362,0.554,0.369,0.175,0.153,0.14,,0.621,,,,,,,,0.137,0.173,0.145,0.143,0.359,,,,,0.119,0.441,0.587,,,0.498,0.587,,0.155,0.153,0.196,0.641,0.638,0.16,0.139,0.624,0.206,,,0.237,,,,,0.16,,,,0.164,,0.104,,0.178,0.119,0.121,0.091,,,,0.433,0.096,,,0.127,0.117
162,14030520,,0.569,0.571,,,,0.184,,,,,0.082,0.169,,0.211,0.082,,0.154,,,,,,,,0.402,,0.411,0.155,,,0.1,,0.417,0.264,,,,0.1,0.125,0.166,,,,0.077,0.481,0.498,0.486,,,,0.169,,0.1,,,,,,0.205,0.145,,,,0.202,0.167,0.054,0.122,,,,0.108,0.16,0.156,,0.334,,,,,,0.1,,,,,0.12,0.067,0.536,0.57,0.036,0.101,0.482,0.257,0.499,0.071,0.17,0.12,,,0.18,,,0.094,0.023,0.016,,0.042,0.202,,,,,,,,0.184,,0.099,0.215,,,0.024,,0.1,,0.095,0.17,0.098,0.161,0.151,0.362,0.554,0.379,0.176,0.154,0.14,,0.625,,,,,,,,0.135,0.173,0.145,0.143,0.359,,,,,0.119,0.438,0.587,,,0.498,0.587,,0.154,0.154,0.195,0.64,0.638,0.16,0.14,0.626,0.205,,,0.233,,,,,0.16,,,,0.163,,0.105,,0.183,0.12,0.121,0.092,,,,0.431,0.096,,,0.127,0.118
162,14030580,,0.569,0.57,,,,0.184,,,,,0.082,0.184,,0.211,0.087,,0.154,,,,,,,,0.402,,0.415,0.155,,,0.1,,0.417,0.266,,,,0.1,0.126,0.166,,,,0.077,0.481,0.499,0.486,,,,0.169,,0.098,,,,,,0.202,0.146,,,,0.202,0.167,0.054,0.123,,,,0.106,0.16,0.156,,0.336,,,,,,0.1,,,,,0.119,0.069,0.534,0.577,0.036,0.101,0.485,0.262,0.499,0.071,0.17,0.12,,,0.18,,,0.094,0.057,0.083,,0.057,0.202,,,,,,,,0.184,,0.099,0.212,,,0.024,,0.1,,0.097,0.17,0.099,0.161,0.151,0.362,0.547,0.351,0.18,0.153,0.14,,0.625,,,,,,,,0.134,0.173,0.145,0.143,0.361,,,,,0.118,0.437,0.587,,,0.498,0.587,,0.154,0.154,0.195,0.64,0.638,0.16,0.14,0.624,0.204,,,0.231,,,,,0.161,,,,0.163,,0.105,,0.183,0.118,0.121,0.092,,,,0.433,0.096,,,0.127,0.118
162,14030640,,0.569,0.57,,,,0.184,,,,,0.082,0.187,,0.211,0.074,,0.154,,,,,,,,0.402,,0.383,0.155,,,0.101,,0.417,0.27,,,,0.1,0.125,0.166,,,,0.077,0.481,0.499,0.486,,,,0.169,,0.098,,,,,,0.198,0.146,,,,0.202,0.167,0.054,0.123,,,,0.107,0.16,0.155,,0.334,,,,,,0.101,,,,,0.119,0.069,0.535,0.582,0.036,0.101,0.482,0.258,0.5,0.071,0.171,0.121,,,0.181,,,0.095,0.033,0.027,,0.044,0.201,,,,,,,,0.175,,0.098,0.233,,,0.024,,0.1,,0.095,0.17,0.099,0.162,0.152,0.362,0.557,0.35,0.178,0.154,0.141,,0.625,,,,,,,,0.133,0.176,0.145,0.143,0.359,,,,,0.117,0.437,0.587,,,0.499,0.587,,0.154,0.155,0.196,0.64,0.638,0.16,0.14,0.629,0.202,,,0.225,,,,,0.16,,,,0.163,,0.105,,0.178,0.119,0.121,0.092,,,,0.436,0.095,,,0.127,0.117
162,14030700,,0.569,0.57,,,,0.184,,,,,0.084,0.193,,0.211,0.087,,0.154,,,,,,,,0.402,,0.406,0.155,,,0.1,,0.417,0.27,,,,0.1,0.125,0.166,,,,0.077,0.482,0.499,0.486,,,,0.169,,0.098,,,,,,0.219,0.146,,,,0.202,0.167,0.054,0.122,,,,0.107,0.16,0.155,,0.336,,,,,,0.101,,,,,0.12,0.068,0.539,0.587,0.036,0.101,0.464,0.267,0.5,0.071,0.17,0.12,,,0.181,,,0.095,0.028,0.017,,0.038,0.201,,,,,,,,0.185,,0.098,0.241,,,0.024,,0.101,,0.096,0.17,0.098,0.161,0.152,0.362,0.548,0.353,0.176,0.155,0.141,,0.625,,,,,,,,0.131,0.178,0.145,0.143,0.36,,,,,0.118,0.436,0.587,,,0.5,0.587,,0.154,0.155,0.195,0.64,0.638,0.16,0.14,0.628,0.201,,,0.222,,,,,0.161,,,,0.163,,0.105,,0.169,0.119,0.121,0.102,,,,0.433,0.095,,,0.127,0.117
162,14030760,,0.569,0.571,,,,0.184,,,,,0.08,0.183,,0.211,0.083,,0.154,,,,,,,,0.402,,0.406,0.155,,,0.1,,0.417,0.27,,,,0.099,0.129,0.166,,,,0.078,0.482,0.499,0.486,,,,0.169,,0.099,,,,,,0.253,0.146,,,,0.202,0.167,0.054,0.123,,,,0.107,0.16,0.155,,0.335,,,,,,0.102,,,,,0.12,0.068,0.54,0.577,0.036,0.101,0.488,0.259,0.5,0.071,0.17,0.12,,,0.181,,,0.095,0.034,0.017,,0.039,0.2,,,,,,,,0.182,,0.098,0.235,,,0.024,,0.1,,0.097,0.171,0.099,0.161,0.152,0.362,0.546,0.346,0.177,0.154,0.14,,0.626,,,,,,,,0.131,0.178,0.144,0.143,0.361,,,,,0.119,0.436,0.587,,,0.5,0.587,,0.155,0.155,0.195,0.64,0.638,0.16,0.14,0.611,0.199,,,0.22,,,,,0.159,,,,0.163,,0.105,,0.166,0.119,0.121,0.129,,,,0.432,0.095,,,0.127,0.116
162,14030820,,0.568,0.571,,,,0.184,,,,,0.176,0.195,,0.211,0.08,,0.154,,,,,,,,0.402,,0.414,0.155,,,0.101,,0.417,0.269,,,,0.098,0.127,0.166,,,,0.078,0.483,0.499,0.486,,,,0.169,,0.099,,,,,,0.242,0.146,,,,0.202,0.167,0.054,0.123,,,,0.107,0.159,0.155,,0.332,,,,,,0.105,,,,,0.118,0.068,0.52,0.586,0.036,0.101,0.472,0.263,0.5,0.071,0.17,0.118,,,0.181,,,0.095,0.021,0.017,,0.039,0.2,,,,,,,,0.187,,0.099,0.239,,,0.024,,0.101,,0.095,0.171,0.1,0.162,0.151,0.362,0.557,0.36,0.179,0.154,0.14,,0.626,,,,,,,,0.13,0.176,0.145,0.143,0.36,,,,,0.118,0.435,0.587,,,0.5,0.587,,0.155,0.154,0.195,0.64,0.638,0.16,0.14,0.611,0.196,,,0.221,,,,,0.16,,,,0.163,,0.104,,0.167,0.119,0.122,0.129,,,,0.43,0.095,,,0.127,0.116
162,14030880,,0.568,0.571,,,,0.184,,,,,0.068,0.128,,0.211,0.085,,0.154,,,,,,,,0.402,,0.422,0.156,,,0.102,,0.417,0.272,,,,0.098,0.127,0.165,,,,0.078,0.483,0.499,0.486,,,,0.169,,0.097,,,,,,0.226,0.146,,,,0.202,0.167,0.054,0.123,,,,0.107,0.16,0.155,,0.332,,,,,,0.107,,,,,0.118,0.068,0.547,0.564,0.036,0.101,0.493,0.259,0.501,0.071,0.17,0.118,,,0.181,,,0.094,0.021,0.017,,0.11,0.199,,,,,,,,0.2,,0.1,0.239,,,0.024,,0.1,,0.096,0.17,0.1,0.16,0.147,0.362,0.55,0.341,0.177,0.154,0.14,,0.626,,,,,,,,0.13,0.178,0.145,0.143,0.359,,,,,0.118,0.435,0.587,,,0.5,0.587,,0.155,0.155,0.195,0.64,0.638,0.16,0.141,0.618,0.195,,,0.225,,,,,0.161,,,,0.163,,0.104,,0.167,0.119,0.121,0.125,,,,0.43,0.095,,,0.127,0.116
162,14030940,,0.568,0.57,,,,0.184,,,,,0.067,0.16,,0.211,0.085,,0.154,,,,,,,,0.402,,0.423,0.156,,,0.099,,0.417,0.273,,,,0.098,0.127,0.165,,,,0.078,0.483,0.5,0.486,,,,0.169,,0.098,,,,,,0.214,0.147,,,,0.202,0.166,0.054,0.127,,,,0.107,0.16,0.156,,0.333,,,,,,0.108,,,,,0.119,0.067,0.524,0.578,0.036,0.101,0.486,0.258,0.501,0.071,0.169,0.119,,,0.181,,,0.095,0.03,0.025,,0.039,0.199,,,,,,,,0.197,,0.1,0.243,,,0.024,,0.1,,0.096,0.17,0.098,0.161,0.147,0.362,0.556,0.352,0.177,0.154,0.14,,0.626,,,,,,,,0.13,0.182,0.146,0.143,0.362,,,,,0.118,0.435,0.587,,,0.5,0.587,,0.154,0.155,0.195,0.64,0.638,0.16,0.141,0.623,0.191,,,0.229,,,,,0.16,,,,0.163,,0.104,,0.168,0.12,0.122,0.12,,,,0.432,0.095,,,0.127,0.117
162,14031000,,0.568,0.57,,,,0.184,,,,,0.077,0.116,,0.211,0.095,,0.154,,,,,,,,0.402,,0.389,0.16,,,0.101,,0.418,0.273,,,,0.105,0.127,0.166,,,,0.078,0.486,0.5,0.486,,,,0.169,,0.099,,,,,,0.205,0.147,,,,0.202,0.167,0.054,0.121,,,,0.107,0.163,0.165,,0.353,,,,,,0.11,,,,,0.12,0.067,0.543,0.585,0.036,0.101,0.496,0.262,0.501,0.071,0.17,0.121,,,0.182,,,0.096,0.027,0.025,,0.04,0.202,,,,,,,,0.195,,0.099,0.243,,,0.024,,0.101,,0.096,0.17,0.098,0.162,0.148,0.362,0.554,0.349,0.179,0.155,0.141,,0.625,,,,,,,,0.145,0.217,0.156,0.143,0.368,,,,,0.129,0.449,0.586,,,0.501,0.587,,0.155,0.154,0.195,0.64,0.638,0.16,0.141,0.628,0.188,,,0.228,,,,,0.162,,,,0.178,,0.104,,0.171,0.121,0.123,0.117,,,,0.432,0.095,,,0.127,0.117
162,14031060,,0.568,0.57,,,,0.184,,,,,0.079,0.147,,0.211,0.123,,0.154,,,,,,,,0.402,,0.415,0.162,,,0.101,,0.418,0.271,,,,0.104,0.126,0.166,,,,0.078,0.486,0.5,0.486,,,,0.169,,0.099,,,,,,0.215,0.148,,,,0.202,0.167,0.054,0.12,,,,0.107,0.16,0.159,,0.352,,,,,,0.111,,,,,0.12,0.067,0.544,0.584,0.036,0.101,0.481,0.267,0.501,0.071,0.172,0.122,,,0.182,,,0.095,0.017,0.016,,0.041,0.202,,,,,,,,0.192,,0.099,0.24,,,0.024,,0.101,,0.096,0.17,0.098,0.161,0.145,0.362,0.558,0.342,0.177,0.155,0.141,,0.625,,,,,,,,0.144,0.201,0.156,0.143,0.369,,,,,0.127,0.445,0.587,,,0.501,0.587,,0.155,0.154,0.195,0.641,0.638,0.16,0.141,0.63,0.186,,,0.224,,,,,0.16,,,,0.173,,0.104,,0.17,0.12,0.123,0.111,,,,0.435,0.092,,,0.127,0.116
162,14031120,,0.568,0.571,,,,0.184,,,,,0.078,0.181,,0.211,0.123,,0.154,,,,,,,,0.402,,0.415,0.162,,,0.1,,0.418,0.27,,,,0.103,0.126,0.166,,,,0.078,0.487,0.5,0.486,,,,0.169,,0.1,,,,,,0.205,0.148,,,,0.202,0.167,0.054,0.122,,,,0.107,0.16,0.156,,0.35,,,,,,0.113,,,,,0.121,0.068,0.543,0.581,0.036,0.101,0.487,0.266,0.501,0.071,0.173,0.12,,,0.182,,,0.095,0.021,0.027,,0.043,0.202,,,,,,,,0.191,,0.1,0.26,,,0.024,,0.1,,0.096,0.17,0.098,0.161,0.146,0.362,0.567,0.355,0.185,0.153,0.141,,0.626,,,,,,,,0.141,0.184,0.148,0.143,0.369,,,,,0.126,0.436,0.587,,,0.501,0.588,,0.155,0.154,0.195,0.641,0.638,0.16,0.141,0.631,0.186,,,0.221,,,,,0.16,,,,0.172,,0.105,,0.163,0.12,0.121,0.106,,,,0.434,0.095,,,0.127,0.116
162,14031180,,0.569,0.571,,,,0.184,,,,,0.081,0.251,,0.211,0.139,,0.154,,,,,,,,0.402,,0.413,0.163,,,0.101,,0.416,0.267,,,,0.102,0.126,0.165,,,,0.078,0.487,0.5,0.486,,,,0.169,,0.099,,,,,,0.212,0.148,,,,0.202,0.167,0.054,0.122,,,,0.108,0.16,0.156,,0.346,,,,,,0.116,,,,,0.124,0.068,0.532,0.589,0.036,0.101,0.491,0.272,0.502,0.071,0.173,0.121,,,0.182,,,0.096,0.018,0.015,,0.062,0.202,,,,,,,,0.185,,0.1,0.222,,,0.024,,0.1,,0.096,0.171,0.098,0.162,0.146,0.362,0.565,0.348,0.178,0.154,0.14,,0.626,,,,,,,,0.139,0.183,0.147,0.143,0.37,,,,,0.124,0.435,0.587,,,0.501,0.588,,0.156,0.155,0.196,0.641,0.638,0.16,0.141,0.632,0.185,,,0.223,,,,,0.161,,,,0.17,,0.105,,0.166,0.12,0.122,0.105,,,,0.432,0.095,,,0.127,0.116
162,14031240,,0.569,0.571,,,,0.184,,,,,0.079,0.252,,0.211,0.124,,0.154,,,,,,,,0.402,,0.409,0.163,,,0.101,,0.417,0.27,,,,0.101,0.127,0.166,,,,0.077,0.487,0.5,0.486,,,,0.169,,0.1,,,,,,0.207,0.148,,,,0.202,0.167,0.053,0.123,,,,0.107,0.16,0.156,,0.345,,,,,,0.116,,,,,0.121,0.068,0.532,0.593,0.036,0.101,0.494,0.277,0.502,0.071,0.172,0.121,,,0.182,,,0.097,0.02,0.018,,0.05,0.202,,,,,,,,0.202,,0.099,0.222,,,0.024,,0.101,,0.096,0.17,0.097,0.161,0.146,0.362,0.567,0.353,0.179,0.155,0.14,,0.626,,,,,,,,0.139,0.183,0.144,0.143,0.368,,,,,0.122,0.435,0.586,,,0.502,0.589,,0.156,0.154,0.196,0.641,0.638,0.16,0.141,0.626,0.186,,,0.224,,,,,0.16,,,,0.167,,0.104,,0.175,0.121,0.121,0.103,,,,0.433,0.096,,,0.127,0.116
162,14031300,,0.568,0.569,,,,0.184,,,,,0.077,0.242,,0.211,0.112,,0.154,,,,,,,,0.402,,0.41,0.162,,,0.101,,0.414,0.272,,,,0.101,0.127,0.166,,,,0.078,0.484,0.5,0.486,,,,0.169,,0.101,,,,,,0.209,0.148,,,,0.202,0.167,0.053,0.12,,,,0.106,0.16,0.156,,0.344,,,,,,0.118,,,,,0.12,0.068,0.547,0.595,0.036,0.101,0.499,0.278,0.502,0.071,0.171,0.121,,,0.182,,,0.096,0.022,0.018,,0.054,0.201,,,,,,,,0.188,,0.1,0.218,,,0.024,,0.101,,0.096,0.17,0.099,0.161,0.146,0.362,0.564,0.353,0.178,0.154,0.141,,0.577,,,,,,,,0.138,0.184,0.144,0.143,0.367,,,,,0.12,0.435,0.586,,,0.502,0.589,,0.15,0.154,0.197,0.641,0.638,0.16,0.14,0.628,0.186,,,0.225,,,,,0.161,,,,0.166,,0.105,,0.181,0.12,0.121,0.099,,,,0.432,0.096,,,0.127,0.116
162,14031360,,0.568,0.57,,,,0.184,,,,,0.077,0.218,,0.21,0.14,,0.154,,,,,,,,0.402,,0.414,0.162,,,0.101,,0.406,0.272,,,,0.1,0.127,0.166,,,,0.078,0.485,0.5,0.486,,,,0.169,,0.099,,,,,,0.215,0.149,,,,0.202,0.167,0.053,0.122,,,,0.108,0.16,0.155,,0.341,,,,,,0.108,,,,,0.124,0.067,0.546,0.592,0.036,0.101,0.488,0.273,0.503,0.071,0.17,0.121,,,0.182,,,0.096,0.022,0.018,,0.041,0.201,,,,,,,,0.194,,0.101,0.241,,,0.024,,0.099,,0.096,0.171,0.099,0.161,0.146,0.362,0.568,0.351,0.182,0.154,0.141,,0.586,,,,,,,,0.137,0.185,0.144,0.143,0.368,,,,,0.12,0.435,0.587,,,0.502,0.589,,0.15,0.154,0.196,0.64,0.638,0.16,0.14,0.631,0.185,,,0.221,,,,,0.159,,,,0.165,,0.105,,0.182,0.121,0.122,0.097,,,,0.434,0.097,,,0.127,0.116
162,14031420,,0.568,0.57,,,,0.184,,,,,0.077,0.192,,0.21,0.141,,0.154,,,,,,,,0.402,,0.415,0.164,,,0.101,,0.406,0.271,,,,0.1,0.126,0.164,,,,0.078,0.485,0.501,0.486,,,,0.169,,0.099,,,,,,0.213,0.149,,,,0.202,0.167,0.053,0.123,,,,0.108,0.16,0.155,,0.339,,,,,,0.108,,,,,0.121,0.069,0.537,0.589,0.036,0.101,0.487,0.271,0.503,0.071,0.171,0.121,,,0.183,,,0.097,0.047,0.089,,0.27,0.201,,,,,,,,0.196,,0.101,0.257,,,0.024,,0.101,,0.096,0.17,0.098,0.162,0.147,0.362,0.572,0.356,0.183,0.156,0.14,,0.586,,,,,,,,0.136,0.184,0.144,0.143,0.368,,,,,0.118,0.433,0.587,,,0.502,0.589,,0.15,0.155,0.196,0.641,0.638,0.16,0.139,0.63,0.186,,,0.219,,,,,0.16,,,,0.164,,0.104,,0.178,0.12,0.123,0.095,,,,0.434,0.097,,,0.127,0.116
162,14031480,,0.568,0.57,,,,0.184,,,,,0.061,0.149,,0.21,0.123,,0.154,,,,,,,,0.402,,0.419,0.16,,,0.101,,0.405,0.27,,,,0.1,0.126,0.165,,,,0.078,0.485,0.5,0.486,,,,0.169,,0.1,,,,,,0.205,0.15,,,,0.202,0.168,0.053,0.123,,,,0.108,0.16,0.155,,0.339,,,,,,0.107,,,,,0.122,0.069,0.397,0.589,0.036,0.101,0.49,0.264,0.503,0.071,0.171,0.122,,,0.183,,,0.096,0.025,0.018,,0.04,0.2,,,,,,,,0.193,,0.1,0.276,,,0.024,,0.101,,0.096,0.17,0.098,0.161,0.144,0.362,0.57,0.363,0.187,0.155,0.142,,0.589,,,,,,,,0.135,0.184,0.144,0.143,0.367,,,,,0.117,0.433,0.587,,,0.502,0.589,,0.15,0.154,0.196,0.641,0.638,0.16,0.139,0.634,0.187,,,0.215,,,,,0.161,,,,0.164,,0.105,,0.191,0.121,0.123,0.092,,,,0.433,0.097,,,0.127,0.116
162,14031540,,0.568,0.57,,,,0.184,,,,,0.061,0.189,,0.21,0.115,,0.154,,,,,,,,0.402,,0.42,0.16,,,0.101,,0.406,0.269,,,,0.099,0.126,0.166,,,,0.077,0.485,0.501,0.486,,,,0.169,,0.1,,,,,,0.205,0.15,,,,0.202,0.167,0.053,0.122,,,,0.108,0.16,0.155,,0.336,,,,,,0.108,,,,,0.121,0.068,0.274,0.589,0.036,0.101,0.473,0.261,0.503,0.071,0.17,0.121,,,0.183,,,0.097,0.034,0.032,,0.045,0.2,,,,,,,,0.19,,0.101,0.304,,,0.024,,0.101,,0.095,0.171,0.098,0.161,0.144,0.362,0.568,0.347,0.178,0.155,0.141,,0.557,,,,,,,,0.134,0.184,0.144,0.143,0.366,,,,,0.117,0.433,0.587,,,0.502,0.589,,0.15,0.155,0.196,0.641,0.638,0.16,0.139,0.638,0.187,,,0.215,,,,,0.16,,,,0.163,,0.105,,0.192,0.12,0.123,0.091,,,,0.433,0.096,,,0.127,0.116
162,14031600,,0.568,0.571,,,,0.184,,,,,0.061,0.164,,0.21,0.1,,0.154,,,,,,,,0.402,,0.418,0.161,,,0.101,,0.406,0.271,,,,0.099,0.126,0.166,,,,0.077,0.485,0.501,0.486,,,,0.169,,0.099,,,,,,0.208,0.15,,,,0.202,0.167,0.053,0.122,,,,0.108,0.16,0.155,,0.335,,,,,,0.109,,,,,0.122,0.068,0.323,0.596,0.036,0.101,0.488,0.264,0.503,0.071,0.171,0.12,,,0.183,,,0.096,0.026,0.018,,0.046,0.199,,,,,,,,0.19,,0.102,0.309,,,0.024,,0.1,,0.096,0.171,0.098,0.161,0.144,0.362,0.568,0.352,0.184,0.156,0.141,,0.558,,,,,,,,0.135,0.19,0.142,0.143,0.367,,,,,0.12,0.435,0.587,,,0.503,0.589,,0.151,0.154,0.197,0.641,0.638,0.16,0.139,0.637,0.188,,,0.216,,,,,0.161,,,,0.164,,0.104,,0.187,0.12,0.123,0.09,,,,0.435,0.097,,,0.127,0.116
162,14031660,,0.568,0.571,,,,0.184,,,,,0.061,0.221,,0.21,0.109,,0.154,,,,,,,,0.402,,0.427,0.161,,,0.102,,0.406,0.273,,,,0.099,0.127,0.165,,,,0.077,0.485,0.501,0.486,,,,0.169,,0.1,,,,,,0.207,0.15,,,,0.202,0.167,0.053,0.122,,,,0.109,0.16,0.155,,0.336,,,,,,0.111,,,,,0.12,0.068,0.333,0.577,0.036,0.101,0.468,0.267,0.503,0.071,0.171,0.122,,,0.183,,,0.097,0.025,0.018,,0.092,0.199,,,,,,,,0.175,,0.102,0.292,,,0.024,,0.1,,0.097,0.171,0.1,0.161,0.145,0.362,0.568,0.36,0.177,0.155,0.142,,0.559,,,,,,,,0.134,0.183,0.142,0.143,0.368,,,,,0.12,0.435,0.587,,,0.504,0.589,,0.15,0.154,0.197,0.641,0.638,0.16,0.139,0.636,0.189,,,0.215,,,,,0.16,,,,0.164,,0.104,,0.18,0.121,0.124,0.09,,,,0.435,0.097,,,0.127,0.115
162,14031720,,0.569,0.571,,,,0.184,,,,,0.061,0.259,,0.21,0.104,,0.154,,,,,,,,0.402,,0.423,0.163,,,0.103,,0.406,0.274,,,,0.1,0.127,0.165,,,,0.077,0.485,0.501,0.486,,,,0.169,,0.1,,,,,,0.207,0.15,,,,0.202,0.168,0.053,0.121,,,,0.107,0.159,0.155,,0.339,,,,,,0.112,,,,,0.122,0.068,0.333,0.584,0.036,0.101,0.495,0.267,0.503,0.071,0.169,0.124,,,0.183,,,0.096,0.04,0.041,,0.048,0.198,,,,,,,,0.178,,0.1,0.294,,,0.024,,0.101,,0.097,0.17,0.1,0.161,0.144,0.362,0.565,0.344,0.181,0.156,0.14,,0.56,,,,,,,,0.133,0.184,0.142,0.143,0.368,,,,,0.119,0.432,0.586,,,0.504,0.589,,0.147,0.154,0.197,0.641,0.638,0.16,0.139,0.63,0.188,,,0.214,,,,,0.161,,,,0.163,,0.104,,0.171,0.122,0.123,0.091,,,,0.434,0.097,,,0.127,0.116
162,14031780,,0.569,0.571,,,,0.184,,,,,0.062,0.259,,0.211,0.086,,0.154,,,,,,,,0.402,,0.416,0.17,,,0.103,,0.406,0.273,,,,0.099,0.127,0.167,,,,0.078,0.486,0.501,0.486,,,,0.169,,0.101,,,,,,0.203,0.151,,,,0.202,0.168,0.053,0.122,,,,0.107,0.16,0.155,,0.338,,,,,,0.115,,,,,0.122,0.068,0.346,0.589,0.036,0.101,0.495,0.265,0.504,0.071,0.171,0.121,,,0.183,,,0.096,0.047,0.018,,0.048,0.198,,,,,,,,0.181,,0.1,0.281,,,0.024,,0.101,,0.096,0.171,0.1,0.161,0.145,0.362,0.571,0.334,0.18,0.156,0.14,,0.561,,,,,,,,0.132,0.182,0.142,0.143,0.367,,,,,0.117,0.432,0.587,,,0.504,0.589,,0.148,0.154,0.196,0.641,0.638,0.16,0.139,0.627,0.186,,,0.214,,,,,0.162,,,,0.163,,0.104,,0.169,0.12,0.123,0.091,,,,0.433,0.096,,,0.127,0.116
162,14031840,,0.569,0.571,,,,0.184,,,,,0.068,0.26,,0.21,0.091,,0.154,,,,,,,,0.403,,0.42,0.169,,,0.1,,0.406,0.271,,,,0.099,0.126,0.166,,,,0.078,0.486,0.501,0.486,,,,0.169,,0.1,,,,,,0.207,0.151,,,,0.202,0.168,0.053,0.122,,,,0.108,0.16,0.155,,0.337,,,,,,0.116,,,,,0.121,0.069,0.45,0.591,0.036,0.101,0.252,0.267,0.504,0.071,0.17,0.12,,,0.183,,,0.097,0.046,0.097,,0.067,0.198,,,,,,,,0.178,,0.1,0.281,,,0.024,,0.101,,0.096,0.172,0.099,0.161,0.145,0.362,0.558,0.361,0.18,0.155,0.141,,0.561,,,,,,,,0.131,0.183,0.141,0.143,0.367,,,,,0.117,0.432,0.587,,,0.504,0.589,,0.148,0.154,0.196,0.641,0.638,0.16,0.139,0.625,0.188,,,0.215,,,,,0.16,,,,0.163,,0.105,,0.163,0.12,0.123,0.091,,,,0.432,0.096,,,0.127,0.116
162,14031900,,0.568,0.571,,,,0.184,,,,,0.061,0.238,,0.21,0.092,,0.154,,,,,,,,0.402,,0.405,0.17,,,0.102,,0.406,0.27,,,,0.099,0.126,0.165,,,,0.078,0.486,0.501,0.486,,,,0.177,,0.1,,,,,,0.215,0.151,,,,0.202,0.168,0.053,0.123,,,,0.108,0.16,0.155,,0.337,,,,,,0.113,,,,,0.124,0.069,0.449,0.504,0.036,0.101,0.313,0.269,0.504,0.071,0.171,0.122,,,0.183,,,0.097,0.035,0.018,,0.049,0.198,,,,,,,,0.184,,0.099,0.287,,,0.024,,0.101,,0.097,0.171,0.099,0.162,0.148,0.362,0.564,0.353,0.178,0.156,0.141,,0.562,,,,,,,,0.131,0.187,0.142,0.143,0.366,,,,,0.118,0.432,0.587,,,0.504,0.589,,0.148,0.154,0.196,0.641,0.638,0.16,0.14,0.625,0.189,,,0.217,,,,,0.162,,,,0.164,,0.104,,0.157,0.121,0.124,0.095,,,,0.431,0.097,,,0.127,0.116
162,14031960,,0.569,0.571,,,,0.184,,,,,0.06,0.229,,0.21,0.087,,0.154,,,,,,,,0.402,,0.414,0.171,,,0.102,,0.407,0.27,,,,0.099,0.127,0.166,,,,0.078,0.486,0.501,0.486,,,,0.177,,0.1,,,,,,0.237,0.151,,,,0.202,0.169,0.054,0.123,,,,0.108,0.16,0.155,,0.337,,,,,,0.111,,,,,0.121,0.068,0.466,0.532,0.036,0.101,0.322,0.27,0.504,0.071,0.171,0.12,,,0.183,,,0.096,0.027,0.05,,0.049,0.197,,,,,,,,0.184,,0.1,0.273,,,0.024,,0.102,,0.096,0.17,0.1,0.161,0.146,0.362,0.572,0.343,0.181,0.157,0.142,,0.562,,,,,,,,0.13,0.182,0.141,0.143,0.367,,,,,0.119,0.432,0.587,,,0.505,0.589,,0.147,0.154,0.196,0.64,0.638,0.16,0.14,0.623,0.19,,,0.214,,,,,0.161,,,,0.163,,0.104,,0.154,0.12,0.123,0.11,,,,0.431,0.096,,,0.127,0.116
162,14032020,,0.569,0.57,,,,0.184,,,,,0.06,0.217,,0.21,0.091,,0.154,,,,,,,,0.403,,0.415,0.171,,,0.102,,0.407,0.272,,,,0.098,0.126,0.166,,,,0.078,0.487,0.501,0.486,,,,0.177,,0.101,,,,,,0.228,0.151,,,,0.202,0.169,0.053,0.121,,,,0.108,0.159,0.155,,0.335,,,,,,0.111,,,,,0.121,0.069,0.449,0.517,0.036,0.101,0.288,0.271,0.505,0.071,0.171,0.122,,,0.183,,,0.096,0.025,0.018,,0.049,0.197,,,,,,,,0.18,,0.1,0.292,,,0.024,,0.101,,0.097,0.172,0.101,0.161,0.146,0.362,0.574,0.337,0.178,0.155,0.143,,0.564,,,,,,,,0.13,0.182,0.14,0.143,0.366,,,,,0.117,0.432,0.587,,,0.505,0.589,,0.148,0.153,0.196,0.641,0.638,0.16,0.139,0.621,0.188,,,0.21,,,,,0.161,,,,0.164,,0.105,,0.153,0.121,0.122,0.108,,,,0.431,0.096,,,0.127,0.116
162,14032080,,0.569,0.57,,,,0.184,,,,,0.061,0.266,,0.21,0.091,,0.154,,,,,,,,0.402,,0.417,0.17,,,0.101,,0.407,0.271,,,,0.099,0.126,0.165,,,,0.078,0.487,0.501,0.486,,,,0.178,,0.099,,,,,,0.217,0.151,,,,0.202,0.169,0.053,0.122,,,,0.109,0.159,0.155,,0.333,,,,,,0.096,,,,,0.122,0.069,0.433,0.525,0.036,0.101,0.332,0.271,0.505,0.071,0.171,0.123,,,0.183,,,0.096,0.027,0.018,,0.209,0.197,,,,,,,,0.182,,0.099,0.285,,,0.024,,0.101,,0.096,0.171,0.099,0.162,0.145,0.362,0.57,0.327,0.177,0.156,0.142,,0.564,,,,,,,,0.129,0.187,0.14,0.143,0.369,,,,,0.117,0.432,0.586,,,0.505,0.589,,0.148,0.154,0.196,0.641,0.638,0.16,0.139,0.625,0.186,,,0.211,,,,,0.162,,,,0.163,,0.105,,0.151,0.121,0.122,0.104,,,,0.431,0.096,,,0.127,0.116
162,14032140,,0.569,0.57,,,,0.184,,,,,0.061,0.24,,0.211,0.097,,0.154,,,,,,,,0.402,,0.42,0.171,,,0.102,,0.407,0.27,,,,0.099,0.125,0.165,,,,0.078,0.487,0.502,0.486,,,,0.178,,0.1,,,,,,0.209,0.153,,,,0.202,0.168,0.053,0.124,,,,0.109,0.16,0.155,,0.33,,,,,,0.097,,,,,0.123,0.068,0.438,0.504,0.036,0.101,0.378,0.271,0.505,0.071,0.17,0.121,,,0.183,,,0.097,0.037,0.021,,0.049,0.196,,,,,,,,0.187,,0.1,0.29,,,0.024,,0.101,,0.097,0.171,0.1,0.161,0.145,0.362,0.569,0.344,0.178,0.156,0.142,,0.564,,,,,,,,0.128,0.189,0.139,0.143,0.369,,,,,0.117,0.432,0.586,,,0.505,0.589,,0.148,0.154,0.196,0.641,0.638,0.16,0.139,0.622,0.186,,,0.213,,,,,0.162,,,,0.163,,0.105,,0.151,0.12,0.123,0.099,,,,0.431,0.096,,,0.127,0.115
162,14032200,,0.569,0.57,,,,0.184,,,,,0.061,0.206,,0.211,0.098,,0.154,,,,,,,,0.402,,0.426,0.171,,,0.102,,0.407,0.27,,,,0.099,0.125,0.165,,,,0.078,0.484,0.503,0.486,,,,0.178,,0.1,,,,,,0.206,0.153,,,,0.202,0.169,0.053,0.122,,,,0.108,0.16,0.155,,0.332,,,,,,0.097,,,,,0.122,0.069,0.464,0.523,0.036,0.101,0.376,0.273,0.505,0.071,0.173,0.121,,,0.183,,,0.098,0.025,0.018,,0.183,0.196,,,,,,,,0.18,,0.1,0.286,,,0.024,,0.102,,0.095,0.171,0.1,0.161,0.146,0.362,0.572,0.345,0.18,0.156,0.143,,0.575,,,,,,,,0.129,0.192,0.139,0.143,0.368,,,,,0.119,0.43,0.587,,,0.505,0.589,,0.147,0.153,0.196,0.641,0.638,0.16,0.139,0.62,0.185,,,0.217,,,,,0.162,,,,0.164,,0.105,,0.148,0.12,0.122,0.094,,,,0.43,0.096,,,0.127,0.115
162,14032260,,0.569,0.57,,,,0.184,,,,,0.062,0.265,,0.211,0.097,,0.154,,,,,,,,0.402,,0.427,0.172,,,0.102,,0.408,0.27,,,,0.099,0.126,0.166,,,,0.078,0.484,0.503,0.486,,,,0.241,,0.1,,,,,,0.206,0.153,,,,0.202,0.169,0.053,0.123,,,,0.108,0.16,0.155,,0.331,,,,,,0.099,,,,,0.123,0.069,0.467,0.507,0.036,0.101,0.38,0.274,0.505,0.071,0.17,0.121,,,0.183,,,0.096,0.067,0.039,,0.044,0.195,,,,,,,,0.184,,0.099,0.284,,,0.024,,0.102,,0.097,0.166,0.1,0.162,0.146,0.362,0.577,0.339,0.183,0.156,0.143,,0.575,,,,,,,,0.128,0.192,0.139,0.143,0.367,,,,,0.119,0.43,0.587,,,0.505,0.589,,0.147,0.153,0.196,0.641,0.638,0.16,0.139,0.631,0.185,,,0.22,,,,,0.162,,,,0.164,,0.105,,0.146,0.12,0.123,0.093,,,,0.43,0.096,,,0.127,0.115
162,14032320,,0.569,0.57,,,,0.184,,,,,0.06,0.267,,0.211,0.089,,0.154,,,,,,,,0.403,,0.424,0.172,,,0.101,,0.408,0.271,,,,0.099,0.125,0.167,,,,0.078,0.485,0.503,0.486,,,,0.241,,0.1,,,,,,0.21,0.153,,,,0.202,0.169,0.053,0.123,,,,0.108,0.16,0.155,,0.329,,,,,,0.101,,,,,0.12,0.069,0.453,0.517,0.036,0.101,0.408,0.269,0.505,0.071,0.17,0.121,,,0.183,,,0.096,0.07,0.378,,0.045,0.195,,,,,,,,0.186,,0.099,0.271,,,0.024,,0.1,,0.097,0.166,0.099,0.162,0.146,0.362,0.579,0.35,0.181,0.158,0.142,,0.576,,,,,,,,0.128,0.189,0.138,0.143,0.368,,,,,0.118,0.429,0.587,,,0.505,0.589,,0.148,0.153,0.196,0.641,0.638,0.16,0.139,0.63,0.186,,,0.22,,,,,0.161,,,,0.163,,0.105,,0.154,0.12,0.122,0.094,,,,0.431,0.097,,,0.127,0.115
162,14032380,,0.569,0.57,,,,0.184,,,,,0.06,0.257,,0.211,0.087,,0.154,,,,,,,,0.403,,0.418,0.172,,,0.102,,0.408,0.271,,,,0.099,0.125,0.166,,,,0.078,0.485,0.503,0.486,,,,0.241,,0.101,,,,,,0.212,0.153,,,,0.202,0.169,0.053,0.124,,,,0.109,0.16,0.155,,0.327,,,,,,0.099,,,,,0.124,0.069,0.443,0.523,0.036,0.101,0.345,0.266,0.505,0.071,0.173,0.121,,,0.183,,,0.097,0.042,0.018,,0.078,0.195,,,,,,,,0.198,,0.1,0.27,,,0.024,,0.101,,0.098,0.168,0.1,0.161,0.146,0.362,0.581,0.344,0.18,0.156,0.143,,0.579,,,,,,,,0.127,0.193,0.138,0.143,0.37,,,,,0.117,0.429,0.587,,,0.505,0.589,,0.147,0.153,0.196,0.641,0.638,0.16,0.139,0.626,0.186,,,0.22,,,,,0.162,,,,0.163,,0.105,,0.154,0.121,0.122,0.094,,,,0.432,0.097,,,0.127,0.115
162,14032440,,0.569,0.57,,,,0.184,,,,,0.072,0.269,,0.211,0.097,,0.154,,,,,,,,0.403,,0.418,0.172,,,0.102,,0.408,0.271,,,,0.099,0.125,0.165,,,,0.078,0.485,0.503,0.486,,,,0.241,,0.102,,,,,,0.213,0.154,,,,0.202,0.169,0.053,0.123,,,,0.107,0.16,0.155,,0.326,,,,,,0.098,,,,,0.123,0.069,0.42,0.518,0.036,0.101,0.435,0.265,0.498,0.071,0.17,0.12,,,0.183,,,0.097,0.038,0.018,,0.048,0.195,,,,,,,,0.194,,0.1,0.265,,,0.023,,0.102,,0.096,0.167,0.101,0.162,0.146,0.362,0.579,0.338,0.18,0.156,0.142,,0.579,,,,,,,,0.127,0.19,0.138,0.143,0.37,,,,,0.117,0.429,0.587,,,0.505,0.589,,0.147,0.155,0.196,0.641,0.638,0.16,0.139,0.626,0.185,,,0.221,,,,,0.163,,,,0.163,,0.105,,0.168,0.121,0.124,0.093,,,,0.431,0.096,,,0.127,0.116
162,14032500,,0.569,0.57,,,,0.184,,,,,0.06,0.266,,0.211,0.097,,0.155,,,,,,,,0.403,,0.425,0.172,,,0.101,,0.408,0.271,,,,0.1,0.125,0.165,,,,0.079,0.485,0.503,0.486,,,,0.241,,0.1,,,,,,0.22,0.154,,,,0.202,0.17,0.054,0.123,,,,0.107,0.16,0.155,,0.333,,,,,,0.1,,,,,0.122,0.068,0.421,0.526,0.036,0.101,0.435,0.264,0.498,0.071,0.171,0.123,,,0.183,,,0.096,0.023,0.018,,0.047,0.194,,,,,,,,0.204,,0.1,0.265,,,0.023,,0.102,,0.097,0.166,0.101,0.162,0.147,0.362,0.58,0.345,0.177,0.156,0.142,,0.579,,,,,,,,0.116,0.192,0.138,0.143,0.369,,,,,0.117,0.428,0.587,,,0.505,0.589,,0.148,0.154,0.196,0.64,0.638,0.16,0.139,0.623,0.184,,,0.222,,,,,0.162,,,,0.163,,0.105,,0.173,0.121,0.122,0.094,,,,0.43,0.096,,,0.127,0.116
162,14032560,,0.569,0.57,,,,0.184,,,,,0.059,0.228,,0.211,0.101,,0.154,,,,,,,,0.403,,0.426,0.173,,,0.102,,0.408,0.27,,,,0.1,0.125,0.166,,,,0.078,0.485,0.503,0.487,,,,0.241,,0.101,,,,,,0.213,0.154,,,,0.202,0.17,0.054,0.122,,,,0.108,0.16,0.155,,0.331,,,,,,0.099,,,,,0.123,0.069,0.42,0.517,0.036,0.101,0.446,0.265,0.497,0.071,0.171,0.122,,,0.183,,,0.097,0.023,0.018,,0.072,0.194,,,,,,,,0.194,,0.1,0.263,,,0.023,,0.101,,0.098,0.167,0.099,0.162,0.146,0.362,0.576,0.343,0.187,0.155,0.143,,0.58,,,,,,,,0.123,0.187,0.138,0.143,0.37,,,,,0.117,0.428,0.587,,,0.505,0.59,,0.148,0.155,0.196,0.64,0.638,0.16,0.139,0.617,0.185,,,0.218,,,,,0.162,,,,0.164,,0.106,,0.173,0.121,0.123,0.095,,,,0.432,0.097,,,0.127,0.116
162,14032620,,0.569,0.57,,,,0.184,,,,,0.059,0.16,,0.211,0.108,,0.154,,,,,,,,0.403,,0.428,0.173,,,0.102,,0.408,0.269,,,,0.099,0.125,0.166,,,,0.079,0.485,0.503,0.487,,,,0.241,,0.101,,,,,,0.21,0.154,,,,0.202,0.17,0.054,0.124,,,,0.108,0.16,0.155,,0.335,,,,,,0.1,,,,,0.123,0.069,0.443,0.525,0.036,0.101,0.446,0.268,0.501,0.071,0.17,0.121,,,0.183,,,0.097,0.024,0.019,,0.076,0.194,,,,,,,,0.184,,0.1,0.262,,,0.024,,0.102,,0.098,0.166,0.099,0.161,0.146,0.362,0.579,0.351,0.184,0.156,0.142,,0.581,,,,,,,,0.127,0.187,0.138,0.143,0.371,,,,,0.116,0.428,0.587,,,0.505,0.59,,0.148,0.155,0.197,0.64,0.638,0.16,0.139,0.621,0.185,,,0.22,,,,,0.162,,,,0.164,,0.106,,0.168,0.122,0.123,0.094,,,,0.432,0.096,,,0.127,0.116
162,14032680,,0.569,0.57,,,,0.184,,,,,0.06,0.117,,0.211,0.107,,0.155,,,,,,,,0.403,,0.419,0.177,,,0.102,,0.408,0.27,,,,0.099,0.125,0.165,,,,0.079,0.485,0.503,0.487,,,,0.241,,0.101,,,,,,0.211,0.154,,,,0.202,0.17,0.054,0.123,,,,0.107,0.16,0.155,,0.332,,,,,,0.098,,,,,0.122,0.069,0.457,0.526,0.036,0.101,0.446,0.269,0.487,0.071,0.171,0.12,,,0.184,,,0.097,0.023,0.019,,0.051,0.194,,,,,,,,0.195,,0.102,0.282,,,0.024,,0.102,,0.095,0.166,0.1,0.162,0.146,0.362,0.582,0.36,0.181,0.156,0.143,,0.581,,,,,,,,0.13,0.187,0.138,0.143,0.371,,,,,0.117,0.428,0.587,,,0.506,0.59,,0.148,0.155,0.196,0.64,0.638,0.16,0.139,0.625,0.185,,,0.219,,,,,0.162,,,,0.163,,0.106,,0.166,0.122,0.123,0.093,,,,0.432,0.096,,,0.127,0.116
162,14032740,,0.568,0.57,,,,0.184,,,,,0.061,0.108,,0.215,0.092,,0.154,,,,,,,,0.403,,0.425,0.177,,,0.102,,0.409,0.272,,,,0.099,0.125,0.166,,,,0.078,0.485,0.503,0.487,,,,0.241,,0.1,,,,,,0.21,0.154,,,,0.202,0.17,0.054,0.124,,,,0.108,0.16,0.155,,0.33,,,,,,0.1,,,,,0.123,0.069,0.469,0.528,0.036,0.101,0.446,0.272,0.492,0.071,0.172,0.121,,,0.184,,,0.096,0.024,0.019,,0.049,0.194,,,,,,,,0.193,,0.1,0.282,,,0.024,,0.103,,0.096,0.167,0.1,0.162,0.146,0.362,0.58,0.364,0.183,0.156,0.143,,0.581,,,,,,,,0.14,0.189,0.137,0.143,0.37,,,,,0.117,0.428,0.587,,,0.506,0.59,,0.148,0.155,0.196,0.64,0.638,0.16,0.139,0.625,0.186,,,0.212,,,,,0.162,,,,0.163,,0.105,,0.165,0.121,0.123,0.094,,,,0.432,0.097,,,0.127,0.116
162,14032800,,0.568,0.57,,,,0.184,,,,,0.06,0.092,,0.213,0.123,,0.154,,,,,,,,0.403,,0.383,0.177,,,0.102,,0.409,0.274,,,,0.104,0.125,0.167,,,,0.078,0.487,0.504,0.486,,,,0.241,,0.101,,,,,,0.221,0.155,,,,0.202,0.17,0.054,0.124,,,,0.108,0.163,0.161,,0.371,,,,,,0.101,,,,,0.128,0.07,0.476,0.518,0.036,0.101,0.448,0.273,0.504,0.071,0.173,0.121,,,0.184,,,0.096,0.021,0.019,,0.071,0.194,,,,,,,,0.192,,0.099,0.289,,,0.024,,0.101,,0.097,0.166,0.1,0.163,0.146,0.362,0.542,0.359,0.185,0.156,0.141,,0.581,,,,,,,,0.181,0.213,0.142,0.143,0.381,,,,,0.126,0.437,0.587,,,0.506,0.59,,0.148,0.155,0.197,0.64,0.638,0.16,0.139,0.623,0.185,,,0.214,,,,,0.161,,,,0.169,,0.105,,0.137,0.121,0.123,0.095,,,,0.435,0.096,,,0.127,0.116
162,14032860,,0.568,0.57,,,,0.184,,,,,0.059,0.105,,0.214,0.116,,0.155,,,,,,,,0.403,,0.423,0.177,,,0.103,,0.409,0.274,,,,0.103,0.124,0.166,,,,0.078,0.487,0.504,0.487,,,,0.241,,0.101,,,,,,0.215,0.155,,,,0.202,0.17,0.053,0.123,,,,0.108,0.161,0.156,,0.368,,,,,,0.102,,,,,0.127,0.07,0.477,0.531,0.036,0.101,0.452,0.279,0.497,0.071,0.173,0.121,,,0.184,,,0.096,0.026,0.019,,0.048,0.194,,,,,,,,0.188,,0.1,0.27,,,0.024,,0.102,,0.098,0.166,0.1,0.162,0.143,0.362,0.478,0.362,0.186,0.157,0.142,,0.581,,,,,,,,0.181,0.198,0.141,0.143,0.381,,,,,0.124,0.438,0.587,,,0.506,0.59,,0.147,0.155,0.197,0.64,0.638,0.16,0.139,0.622,0.185,,,0.209,,,,,0.162,,,,0.169,,0.105,,0.133,0.121,0.123,0.095,,,,0.434,0.097,,,0.127,0.116
162,14032920,,0.569,0.571,,,,0.184,,,,,0.059,0.09,,0.214,0.12,,0.155,,,,,,,,0.403,,0.429,0.177,,,0.101,,0.409,0.272,,,,0.102,0.125,0.166,,,,0.079,0.487,0.504,0.487,,,,0.241,,0.101,,,,,,0.212,0.155,,,,0.202,0.17,0.053,0.123,,,,0.108,0.161,0.156,,0.362,,,,,,0.1,,,,,0.127,0.07,0.472,0.533,0.036,0.101,0.453,0.274,0.49,0.071,0.173,0.122,,,0.184,,,0.096,0.023,0.019,,0.048,0.194,,,,,,,,0.202,,0.1,0.265,,,0.024,,0.102,,0.097,0.166,0.101,0.162,0.143,0.362,0.529,0.37,0.182,0.157,0.143,,0.581,,,,,,,,0.16,0.194,0.137,0.143,0.379,,,,,0.123,0.427,0.587,,,0.506,0.59,,0.148,0.156,0.196,0.64,0.638,0.16,0.139,0.621,0.183,,,0.214,,,,,0.161,,,,0.165,,0.105,,0.154,0.122,0.122,0.093,,,,0.433,0.097,,,0.127,0.116
162,14032980,,0.569,0.571,,,,0.184,,,,,0.059,0.065,,0.22,0.123,,0.155,,,,,,,,0.403,,0.428,0.178,,,0.101,,0.409,0.271,,,,0.101,0.124,0.167,,,,0.079,0.487,0.505,0.487,,,,0.241,,0.1,,,,,,0.212,0.155,,,,0.202,0.17,0.053,0.123,,,,0.109,0.161,0.155,,0.354,,,,,,0.101,,,,,0.127,0.069,0.474,0.547,0.036,0.101,0.364,0.276,0.497,0.071,0.173,0.12,,,0.184,,,0.096,0.023,0.028,,0.048,0.194,,,,,,,,0.196,,0.101,0.271,,,0.024,,0.101,,0.097,0.166,0.1,0.164,0.141,0.362,0.531,0.369,0.18,0.156,0.142,,0.581,,,,,,,,0.157,0.195,0.134,0.143,0.378,,,,,0.12,0.427,0.587,,,0.508,0.59,,0.148,0.157,0.196,0.64,0.638,0.16,0.139,0.612,0.183,,,0.223,,,,,0.163,,,,0.166,,0.105,,0.16,0.121,0.123,0.093,,,,0.433,0.097,,,0.127,0.116
162,14033040,,0.569,0.571,,,,0.184,,,,,0.059,0.053,,0.22,0.127,,0.154,,,,,,,,0.403,,0.422,0.179,,,0.102,,0.409,0.268,,,,0.101,0.124,0.166,,,,0.079,0.487,0.505,0.487,,,,0.241,,0.101,,,,,,0.205,0.156,,,,0.202,0.17,0.053,0.123,,,,0.109,0.161,0.155,,0.349,,,,,,0.1,,,,,0.125,0.07,0.473,0.556,0.036,0.101,0.193,0.279,0.489,0.071,0.173,0.122,,,0.184,,,0.097,0.065,0.022,,0.068,0.193,,,,,,,,0.196,,0.099,0.285,,,0.024,,0.102,,0.097,0.166,0.101,0.162,0.139,0.362,0.531,0.365,0.181,0.156,0.142,,0.581,,,,,,,,0.157,0.194,0.133,0.143,0.383,,,,,0.119,0.425,0.587,,,0.507,0.59,,0.149,0.155,0.197,0.64,0.638,0.16,0.139,0.604,0.184,,,0.228,,,,,0.162,,,,0.164,,0.105,,0.172,0.121,0.125,0.092,,,,0.434,0.097,,,0.127,0.116
162,14033100,,0.568,0.571,,,,0.184,,,,,0.059,0.048,,0.22,0.137,,0.154,,,,,,,,0.404,,0.426,0.179,,,0.103,,0.41,0.267,,,,0.101,0.126,0.167,,,,0.079,0.484,0.504,0.487,,,,0.241,,0.102,,,,,,0.214,0.156,,,,0.202,0.17,0.053,0.123,,,,0.11,0.161,0.156,,0.348,,,,,,0.101,,,,,0.128,0.07,0.474,0.542,0.036,0.101,0.307,0.277,0.499,0.071,0.172,0.124,,,0.184,,,0.097,0.045,0.038,,0.048,0.193,,,,,,,,0.199,,0.1,0.295,,,0.024,,0.103,,0.097,0.166,0.101,0.163,0.14,0.362,0.536,0.377,0.18,0.156,0.143,,0.581,,,,,,,,0.157,0.197,0.131,0.143,0.383,,,,,0.116,0.425,0.587,,,0.507,0.59,,0.148,0.154,0.197,0.64,0.638,0.16,0.139,0.601,0.184,,,0.23,,,,,0.163,,,,0.164,,0.106,,0.212,0.121,0.123,0.092,,,,0.434,0.097,,,0.127,0.116
162,14033160,,0.568,0.571,,,,0.184,,,,,0.059,0.221,,0.221,0.142,,0.154,,,,,,,,0.404,,0.422,0.179,,,0.101,,0.41,0.266,,,,0.1,0.128,0.167,,,,0.079,0.484,0.505,0.487,,,,0.241,,0.102,,,,,,0.237,0.156,,,,0.202,0.17,0.052,0.123,,,,0.109,0.162,0.156,,0.347,,,,,,0.099,,,,,0.13,0.07,0.476,0.579,0.036,0.101,0.337,0.278,0.496,0.071,0.172,0.127,,,0.184,,,0.096,0.023,0.017,,0.048,0.193,,,,,,,,0.197,,0.101,0.305,,,0.024,,0.103,,0.097,0.166,0.102,0.163,0.14,0.362,0.54,0.359,0.182,0.156,0.143,,0.581,,,,,,,,0.158,0.196,0.131,0.143,0.38,,,,,0.118,0.425,0.587,,,0.507,0.591,,0.148,0.155,0.197,0.64,0.638,0.16,0.139,0.608,0.182,,,0.227,,,,,0.163,,,,0.164,,0.105,,0.214,0.12,0.123,0.11,,,,0.434,0.088,,,0.127,0.116
162,14033220,,0.568,0.571,,,,0.184,,,,,0.059,0.24,,0.22,0.147,,0.154,,,,,,,,0.404,,0.424,0.18,,,0.102,,0.41,0.264,,,,0.1,0.127,0.167,,,,0.079,0.485,0.505,0.487,,,,0.241,,0.1,,,,,,0.223,0.157,,,,0.202,0.17,0.053,0.124,,,,0.11,0.162,0.156,,0.343,,,,,,0.1,,,,,0.128,0.07,0.479,0.576,0.036,0.101,0.335,0.279,0.498,0.071,0.172,0.123,,,0.184,,,0.096,0.023,0.016,,0.048,0.193,,,,,,,,0.204,,0.102,0.332,,,0.024,,0.102,,0.097,0.166,0.101,0.162,0.14,0.362,0.532,0.371,0.187,0.157,0.142,,0.582,,,,,,,,0.157,0.198,0.13,0.143,0.379,,,,,0.117,0.425,0.587,,,0.507,0.591,,0.148,0.155,0.197,0.64,0.638,0.16,0.139,0.615,0.184,,,0.231,,,,,0.163,,,,0.162,,0.106,,0.2,0.12,0.123,0.11,,,,0.433,0.088,,,0.127,0.116
162,14033280,,0.568,0.571,,,,0.184,,,,,0.059,0.236,,0.22,0.131,,0.154,,,,,,,,0.403,,0.421,0.179,,,0.103,,0.41,0.265,,,,0.1,0.127,0.166,,,,0.079,0.485,0.507,0.487,,,,0.241,,0.101,,,,,,0.218,0.157,,,,0.202,0.17,0.053,0.123,,,,0.11,0.162,0.156,,0.34,,,,,,0.102,,,,,0.127,0.07,0.479,0.563,0.036,0.101,0.341,0.279,0.497,0.071,0.172,0.124,,,0.185,,,0.097,0.024,0.024,,0.094,0.192,,,,,,,,0.202,,0.1,0.346,,,0.024,,0.102,,0.098,0.167,0.101,0.163,0.14,0.362,0.523,0.386,0.186,0.158,0.143,,0.582,,,,,,,,0.16,0.203,0.129,0.143,0.381,,,,,0.117,0.425,0.587,,,0.507,0.591,,0.15,0.157,0.197,0.64,0.638,0.16,0.139,0.615,0.184,,,0.231,,,,,0.163,,,,0.161,,0.106,,0.188,0.121,0.124,0.109,,,,0.431,0.092,,,0.127,0.116
162,14033340,,0.568,0.571,,,,0.184,,,,,0.059,0.244,,0.22,0.12,,0.154,,,,,,,,0.403,,0.422,0.18,,,0.103,,0.41,0.267,,,,0.099,0.127,0.167,,,,0.079,0.485,0.507,0.487,,,,0.241,,0.102,,,,,,0.226,0.157,,,,0.202,0.171,0.053,0.122,,,,0.108,0.162,0.156,,0.337,,,,,,0.098,,,,,0.126,0.069,0.474,0.566,0.036,0.101,0.429,0.274,0.484,0.071,0.171,0.123,,,0.185,,,0.098,0.024,0.017,,0.048,0.192,,,,,,,,0.204,,0.101,0.364,,,0.023,,0.102,,0.096,0.166,0.101,0.163,0.14,0.362,0.523,0.365,0.178,0.157,0.142,,0.582,,,,,,,,0.17,0.197,0.128,0.143,0.379,,,,,0.117,0.425,0.587,,,0.507,0.591,,0.15,0.157,0.197,0.64,0.638,0.16,0.139,0.605,0.188,,,0.229,,,,,0.163,,,,0.161,,0.105,,0.177,0.121,0.124,0.104,,,,0.433,0.095,,,0.127,0.116
162,14033400,,0.568,0.571,,,,0.184,,,,,0.059,0.249,,0.22,0.117,,0.155,,,,,,,,0.403,,0.421,0.18,,,0.104,,0.41,0.269,,,,0.099,0.126,0.167,,,,0.079,0.485,0.507,0.487,,,,0.241,,0.101,,,,,,0.218,0.157,,,,0.202,0.171,0.053,0.122,,,,0.108,0.161,0.156,,0.339,,,,,,0.098,,,,,0.127,0.07,0.483,0.583,0.036,0.101,0.435,0.272,0.488,0.071,0.172,0.124,,,0.185,,,0.097,0.022,0.018,,0.047,0.192,,,,,,,,0.205,,0.101,0.367,,,0.023,,0.103,,0.096,0.166,0.102,0.162,0.141,0.362,0.534,0.364,0.177,0.158,0.143,,0.582,,,,,,,,0.174,0.2,0.127,0.143,0.378,,,,,0.119,0.424,0.586,,,0.508,0.591,,0.149,0.156,0.197,0.64,0.638,0.16,0.14,0.612,0.191,,,0.225,,,,,0.164,,,,0.162,,0.105,,0.17,0.119,0.123,0.102,,,,0.429,0.095,,,0.127,0.116
162,14033460,,0.568,0.571,,,,0.184,,,,,0.074,0.244,,0.22,0.15,,0.155,,,,,,,,0.403,,0.42,0.179,,,0.102,,0.41,0.268,,,,0.098,0.125,0.168,,,,0.079,0.485,0.507,0.488,,,,0.241,,0.101,,,,,,0.216,0.157,,,,0.202,0.17,0.053,0.122,,,,0.108,0.162,0.156,,0.34,,,,,,0.099,,,,,0.128,0.07,0.482,0.58,0.036,0.101,0.446,0.273,0.496,0.071,0.172,0.124,,,0.185,,,0.097,0.021,0.017,,0.047,0.192,,,,,,,,0.209,,0.1,0.381,,,0.023,,0.101,,0.098,0.166,0.1,0.162,0.141,0.362,0.529,0.351,0.18,0.158,0.143,,0.582,,,,,,,,0.169,0.196,0.127,0.143,0.378,,,,,0.119,0.421,0.586,,,0.508,0.591,,0.153,0.158,0.197,0.64,0.638,0.16,0.14,0.617,0.191,,,0.222,,,,,0.163,,,,0.162,,0.105,,0.164,0.12,0.124,0.098,,,,0.427,0.097,,,0.127,0.116
162,14033520,,0.568,0.571,,,,0.184,,,,,0.087,0.241,,0.22,0.106,,0.155,,,,,,,,0.402,,0.414,0.179,,,0.102,,0.41,0.267,,,,0.098,0.125,0.168,,,,0.079,0.485,0.507,0.488,,,,0.241,,0.101,,,,,,0.212,0.157,,,,0.202,0.17,0.053,0.124,,,,0.109,0.162,0.155,,0.338,,,,,,0.099,,,,,0.124,0.07,0.481,0.574,0.036,0.101,0.461,0.278,0.494,0.071,0.17,0.124,,,0.185,,,0.098,0.021,0.017,,0.047,0.192,,,,,,,,0.203,,0.101,0.384,,,0.023,,0.101,,0.098,0.165,0.101,0.163,0.142,0.362,0.531,0.342,0.184,0.157,0.143,,0.582,,,,,,,,0.167,0.193,0.126,0.143,0.374,,,,,0.118,0.421,0.587,,,0.508,0.591,,0.153,0.159,0.197,0.64,0.638,0.16,0.141,0.627,0.189,,,0.223,,,,,0.162,,,,0.161,,0.104,,0.164,0.121,0.125,0.097,,,,0.428,0.095,,,0.127,0.116
162,14033580,,0.568,0.57,,,,0.184,,,,,0.088,0.235,,0.22,0.117,,0.155,,,,,,,,0.402,,0.415,0.173,,,0.103,,0.41,0.266,,,,0.097,0.125,0.166,,,,0.079,0.485,0.507,0.488,,,,0.241,,0.102,,,,,,0.212,0.157,,,,0.202,0.17,0.053,0.122,,,,0.109,0.162,0.156,,0.338,,,,,,0.1,,,,,0.126,0.07,0.483,0.584,0.036,0.101,0.464,0.272,0.489,0.071,0.171,0.124,,,0.185,,,0.097,0.03,0.044,,0.148,0.192,,,,,,,,0.208,,0.101,0.398,,,0.023,,0.103,,0.097,0.167,0.101,0.164,0.143,0.362,0.54,0.346,0.179,0.158,0.143,,0.582,,,,,,,,0.165,0.193,0.127,0.143,0.375,,,,,0.117,0.419,0.587,,,0.508,0.591,,0.152,0.158,0.198,0.64,0.638,0.16,0.141,0.63,0.189,,,0.227,,,,,0.163,,,,0.16,,0.105,,0.165,0.122,0.124,0.093,,,,0.426,0.1,,,0.127,0.116
162,14033640,,0.568,0.57,,,,0.184,,,,,0.086,0.23,,0.22,0.099,,0.155,,,,,,,,0.402,,0.422,0.173,,,0.103,,0.411,0.266,,,,0.097,0.125,0.166,,,,0.079,0.485,0.507,0.487,,,,0.241,,0.101,,,,,,0.211,0.158,,,,0.202,0.17,0.053,0.122,,,,0.108,0.162,0.156,,0.335,,,,,,0.101,,,,,0.127,0.07,0.482,0.564,0.036,0.101,0.465,0.27,0.486,0.071,0.17,0.122,,,0.185,,,0.097,0.022,0.017,,0.047,0.192,,,,,,,,0.21,,0.099,0.396,,,0.023,,0.102,,0.097,0.168,0.102,0.162,0.143,0.362,0.538,0.345,0.183,0.158,0.143,,0.583,,,,,,,,0.163,0.192,0.127,0.143,0.374,,,,,0.117,0.419,0.587,,,0.508,0.591,,0.152,0.158,0.197,0.64,0.638,0.16,0.141,0.629,0.189,,,0.229,,,,,0.163,,,,0.16,,0.105,,0.172,0.12,0.123,0.093,,,,0.427,0.101,,,0.127,0.116
162,14033700,,0.568,0.57,,,,0.184,,,,,0.093,0.23,,0.22,0.106,,0.155,,,,,,,,0.402,,0.422,0.174,,,0.102,,0.406,0.266,,,,0.098,0.125,0.167,,,,0.079,0.486,0.507,0.487,,,,0.241,,0.101,,,,,,0.215,0.158,,,,0.202,0.17,0.052,0.123,,,,0.108,0.162,0.156,,0.333,,,,,,0.1,,,,,0.126,0.07,0.473,0.575,0.036,0.101,0.47,0.277,0.493,0.071,0.173,0.121,,,0.185,,,0.097,0.035,0.031,,0.047,0.192,,,,,,,,0.212,,0.101,0.405,,,0.023,,0.102,,0.098,0.166,0.1,0.162,0.142,0.362,0.541,0.345,0.178,0.157,0.144,,0.583,,,,,,,,0.163,0.194,0.128,0.143,0.377,,,,,0.118,0.419,0.587,,,0.509,0.591,,0.148,0.159,0.198,0.641,0.638,0.16,0.141,0.631,0.19,,,0.227,,,,,0.163,,,,0.163,,0.105,,0.172,0.121,0.124,0.093,,,,0.429,0.102,,,0.127,0.116
162,14033760,,0.568,0.571,,,,0.184,,,,,0.111,0.257,,0.22,0.098,,0.155,,,,,,,,0.402,,0.431,0.175,,,0.102,,0.409,0.266,,,,0.099,0.126,0.167,,,,0.079,0.486,0.507,0.487,,,,0.241,,0.102,,,,,,0.213,0.158,,,,0.202,0.171,0.053,0.123,,,,0.11,0.162,0.155,,0.331,,,,,,0.101,,,,,0.129,0.07,0.469,0.585,0.036,0.101,0.471,0.275,0.483,0.071,0.173,0.12,,,0.185,,,0.098,0.083,0.165,,0.06,0.192,,,,,,,,0.199,,0.1,0.416,,,0.024,,0.103,,0.098,0.167,0.101,0.164,0.141,0.362,0.542,0.333,0.179,0.158,0.143,,0.583,,,,,,,,0.162,0.195,0.129,0.143,0.378,,,,,0.117,0.419,0.587,,,0.508,0.591,,0.147,0.157,0.197,0.641,0.638,0.16,0.141,0.629,0.189,,,0.228,,,,,0.164,,,,0.162,,0.105,,0.17,0.121,0.124,0.093,,,,0.43,0.102,,,0.127,0.117
162,14033820,,0.568,0.571,,,,0.184,,,,,0.111,0.215,,0.22,0.093,,0.155,,,,,,,,0.402,,0.427,0.176,,,0.102,,0.415,0.27,,,,0.099,0.125,0.167,,,,0.079,0.487,0.507,0.487,,,,0.241,,0.102,,,,,,0.217,0.158,,,,0.202,0.17,0.053,0.122,,,,0.109,0.162,0.155,,0.332,,,,,,0.102,,,,,0.127,0.07,0.473,0.571,0.036,0.101,0.467,0.273,0.494,0.071,0.172,0.12,,,0.185,,,0.098,0.028,0.017,,0.047,0.192,,,,,,,,0.209,,0.102,0.417,,,0.023,,0.103,,0.096,0.167,0.101,0.164,0.135,0.362,0.524,0.338,0.18,0.158,0.144,,0.583,,,,,,,,0.162,0.195,0.129,0.143,0.377,,,,,0.117,0.419,0.587,,,0.508,0.593,,0.147,0.157,0.197,0.64,0.638,0.16,0.141,0.624,0.188,,,0.232,,,,,0.162,,,,0.162,,0.106,,0.166,0.122,0.123,0.094,,,,0.433,0.103,,,0.127,0.117
162,14033880,,0.568,0.571,,,,0.184,,,,,0.112,0.25,,0.22,0.102,,0.155,,,,,,,,0.402,,0.424,0.176,,,0.102,,0.401,0.272,,,,0.099,0.125,0.167,,,,0.079,0.487,0.507,0.487,,,,0.241,,0.101,,,,,,0.214,0.158,,,,0.202,0.17,0.053,0.122,,,,0.109,0.161,0.155,,0.33,,,,,,0.101,,,,,0.124,0.069,0.474,0.577,0.036,0.101,0.47,0.273,0.489,0.071,0.173,0.121,,,0.185,,,0.097,0.023,0.016,,0.058,0.192,,,,,,,,0.199,,0.1,0.404,,,0.024,,0.104,,0.097,0.167,0.101,0.163,0.142,0.362,0.529,0.34,0.186,0.157,0.144,,0.583,,,,,,,,0.161,0.194,0.129,0.143,0.374,,,,,0.117,0.419,0.587,,,0.508,0.592,,0.148,0.158,0.197,0.641,0.638,0.16,0.141,0.622,0.186,,,0.238,,,,,0.162,,,,0.163,,0.104,,0.161,0.121,0.123,0.094,,,,0.431,0.102,,,0.127,0.117
162,14033940,,0.568,0.571,,,,0.184,,,,,0.112,0.146,,0.22,0.089,,0.155,,,,,,,,0.402,,0.429,0.177,,,0.102,,0.4,0.272,,,,0.099,0.125,0.167,,,,0.079,0.487,0.507,0.488,,,,0.241,,0.101,,,,,,0.216,0.158,,,,0.202,0.17,0.053,0.123,,,,0.11,0.162,0.155,,0.329,,,,,,0.101,,,,,0.125,0.069,0.48,0.578,0.036,0.101,0.471,0.27,0.485,0.071,0.172,0.121,,,0.185,,,0.097,0.053,0.057,,0.054,0.192,,,,,,,,0.213,,0.102,0.399,,,0.023,,0.102,,0.098,0.166,0.1,0.164,0.142,0.362,0.529,0.34,0.18,0.158,0.143,,0.583,,,,,,,,0.161,0.192,0.129,0.143,0.374,,,,,0.116,0.418,0.587,,,0.509,0.594,,0.148,0.158,0.197,0.641,0.638,0.16,0.14,0.621,0.189,,,0.24,,,,,0.163,,,,0.163,,0.105,,0.169,0.121,0.124,0.094,,,,0.43,0.103,,,0.127,0.117
162,14034000,,0.569,0.571,,,,0.184,,,,,0.114,0.106,,0.22,0.104,,0.155,,,,,,,,0.402,,0.431,0.178,,,0.102,,0.401,0.271,,,,0.099,0.125,0.168,,,,0.079,0.486,0.507,0.488,,,,0.241,,0.102,,,,,,0.212,0.158,,,,0.202,0.17,0.053,0.122,,,,0.11,0.162,0.156,,0.335,,,,,,0.1,,,,,0.126,0.069,0.438,0.581,0.036,0.101,0.471,0.281,0.485,0.071,0.174,0.121,,,0.185,,,0.097,0.044,0.071,,0.047,0.192,,,,,,,,0.205,,0.101,0.396,,,0.024,,0.102,,0.098,0.167,0.101,0.164,0.144,0.362,0.535,0.337,0.184,0.158,0.144,,0.583,,,,,,,,0.161,0.197,0.128,0.143,0.377,,,,,0.118,0.418,0.587,,,0.509,0.594,,0.148,0.16,0.197,0.641,0.638,0.16,0.14,0.624,0.188,,,0.239,,,,,0.163,,,,0.163,,0.105,,0.182,0.122,0.124,0.094,,,,0.43,0.102,,,0.127,0.116
162,14034060,,0.569,0.57,,,,0.184,,,,,0.142,0.06,,0.22,0.107,,0.155,,,,,,,,0.402,,0.423,0.178,,,0.102,,0.396,0.269,,,,0.099,0.125,0.167,,,,0.079,0.485,0.507,0.488,,,,0.241,,0.101,,,,,,0.213,0.158,,,,0.202,0.17,0.053,0.122,,,,0.108,0.162,0.155,,0.334,,,,,,0.1,,,,,0.126,0.069,0.449,0.571,0.036,0.101,0.471,0.277,0.483,0.071,0.172,0.122,,,0.185,,,0.097,0.023,0.017,,0.047,0.192,,,,,,,,0.217,,0.102,0.391,,,0.023,,0.103,,0.096,0.167,0.101,0.164,0.143,0.362,0.532,0.337,0.183,0.157,0.144,,0.584,,,,,,,,0.161,0.192,0.128,0.143,0.376,,,,,0.118,0.418,0.587,,,0.509,0.594,,0.148,0.158,0.197,0.641,0.638,0.16,0.14,0.626,0.189,,,0.232,,,,,0.162,,,,0.163,,0.105,,0.182,0.122,0.123,0.094,,,,0.43,0.103,,,0.127,0.116
162,14034120,,0.569,0.571,,,,0.185,,,,,0.112,0.071,,0.22,0.079,,0.155,,,,,,,,0.402,,0.423,0.178,,,0.102,,0.396,0.27,,,,0.098,0.125,0.167,,,,0.079,0.485,0.507,0.487,,,,0.241,,0.101,,,,,,0.214,0.158,,,,0.202,0.17,0.053,0.123,,,,0.109,0.162,0.155,,0.331,,,,,,0.1,,,,,0.126,0.07,0.447,0.58,0.036,0.101,0.473,0.271,0.487,0.071,0.173,0.122,,,0.185,,,0.098,0.055,0.079,,0.059,0.191,,,,,,,,0.202,,0.101,0.395,,,0.024,,0.102,,0.097,0.167,0.102,0.164,0.143,0.362,0.54,0.35,0.18,0.158,0.138,,0.584,,,,,,,,0.162,0.192,0.128,0.143,0.375,,,,,0.117,0.418,0.587,,,0.509,0.594,,0.149,0.158,0.197,0.641,0.638,0.16,0.141,0.624,0.189,,,0.232,,,,,0.163,,,,0.163,,0.105,,0.169,0.121,0.123,0.095,,,,0.43,0.104,,,0.127,0.117
162,14034180,,0.569,0.571,,,,0.185,,,,,0.222,0.224,,0.22,0.073,,0.155,,,,,,,,0.402,,0.427,0.178,,,0.103,,0.397,0.27,,,,0.098,0.125,0.167,,,,0.079,0.484,0.507,0.487,,,,0.241,,0.102,,,,,,0.21,0.158,,,,0.202,0.171,0.053,0.123,,,,0.11,0.162,0.156,,0.329,,,,,,0.102,,,,,0.127,0.07,0.41,0.567,0.036,0.101,0.473,0.271,0.486,0.071,0.171,0.122,,,0.185,,,0.098,0.046,0.016,,0.046,0.191,,,,,,,,0.211,,0.101,0.402,,,0.023,,0.103,,0.098,0.167,0.101,0.165,0.143,0.362,0.547,0.345,0.182,0.157,0.138,,0.584,,,,,,,,0.147,0.193,0.128,0.143,0.374,,,,,0.117,0.418,0.587,,,0.509,0.594,,0.149,0.158,0.197,0.641,0.638,0.16,0.14,0.622,0.188,,,0.23,,,,,0.164,,,,0.162,,0.105,,0.172,0.121,0.125,0.095,,,,0.429,0.103,,,0.127,0.117
162,14034240,,0.569,0.571,,,,0.185,,,,,0.104,0.267,,0.22,0.087,,0.155,,,,,,,,0.402,,0.425,0.178,,,0.102,,0.397,0.269,,,,0.098,0.125,0.167,,,,0.079,0.484,0.507,0.488,,,,0.241,,0.102,,,,,,0.219,0.158,,,,0.202,0.171,0.053,0.123,,,,0.109,0.162,0.155,,0.328,,,,,,0.101,,,,,0.124,0.07,0.405,0.575,0.036,0.101,0.474,0.274,0.482,0.071,0.171,0.123,,,0.185,,,0.099,0.023,0.016,,0.046,0.191,,,,,,,,0.199,,0.102,0.382,,,0.023,,0.102,,0.097,0.166,0.102,0.165,0.143,0.362,0.555,0.35,0.186,0.157,0.139,,0.584,,,,,,,,0.147,0.192,0.128,0.143,0.373,,,,,0.117,0.418,0.587,,,0.509,0.594,,0.146,0.158,0.197,0.641,0.638,0.16,0.14,0.615,0.188,,,0.231,,,,,0.164,,,,0.162,,0.105,,0.177,0.122,0.124,0.095,,,,0.429,0.102,,,0.127,0.117
162,14034300,,0.569,0.57,,,,0.185,,,,,0.087,0.268,,0.22,0.111,,0.155,,,,,,,,0.402,,0.423,0.179,,,0.102,,0.397,0.268,,,,0.098,0.125,0.166,,,,0.079,0.486,0.507,0.488,,,,0.241,,0.102,,,,,,0.221,0.159,,,,0.202,0.171,0.053,0.122,,,,0.109,0.162,0.155,,0.33,,,,,,0.103,,,,,0.128,0.069,0.405,0.58,0.036,0.101,0.476,0.28,0.493,0.071,0.172,0.123,,,0.185,,,0.097,0.035,0.033,,0.046,0.191,,,,,,,,0.196,,0.102,0.386,,,0.023,,0.103,,0.097,0.166,0.102,0.164,0.145,0.362,0.562,0.339,0.18,0.158,0.138,,0.584,,,,,,,,0.149,0.198,0.126,0.143,0.378,,,,,0.117,0.418,0.587,,,0.509,0.594,,0.146,0.158,0.197,0.641,0.638,0.16,0.14,0.606,0.189,,,0.225,,,,,0.163,,,,0.162,,0.105,,0.187,0.122,0.124,0.105,,,,0.429,0.097,,,0.127,0.117
162,14034360,,0.569,0.57,,,,0.185,,,,,0.085,0.267,,0.22,0.093,,0.155,,,,,,,,0.402,,0.424,0.179,,,0.103,,0.397,0.266,,,,0.097,0.128,0.167,,,,0.079,0.488,0.507,0.488,,,,0.241,,0.101,,,,,,0.245,0.159,,,,0.202,0.171,0.053,0.123,,,,0.109,0.162,0.155,,0.332,,,,,,0.102,,,,,0.127,0.07,0.462,0.591,0.036,0.101,0.475,0.27,0.491,0.071,0.171,0.121,,,0.185,,,0.097,0.05,0.071,,0.046,0.191,,,,,,,,0.195,,0.102,0.392,,,0.023,,0.103,,0.098,0.168,0.102,0.164,0.144,0.362,0.561,0.338,0.177,0.158,0.139,,0.584,,,,,,,,0.148,0.197,0.126,0.143,0.379,,,,,0.117,0.418,0.587,,,0.509,0.594,,0.146,0.158,0.197,0.64,0.638,0.16,0.14,0.603,0.187,,,0.219,,,,,0.162,,,,0.162,,0.104,,0.159,0.121,0.125,0.11,,,,0.431,0.096,,,0.127,0.117
162,14034420,,0.569,0.571,,,,0.185,,,,,0.088,0.246,,0.22,0.093,,0.155,,,,,,,,0.403,,0.426,0.179,,,0.11,,0.398,0.266,,,,0.097,0.126,0.167,,,,0.079,0.488,0.507,0.487,,,,0.241,,0.101,,,,,,0.23,0.159,,,,0.202,0.171,0.052,0.123,,,,0.109,0.162,0.155,,0.332,,,,,,0.101,,,,,0.125,0.069,0.465,0.581,0.036,0.101,0.475,0.27,0.49,0.071,0.171,0.122,,,0.185,,,0.098,0.024,0.016,,0.046,0.191,,,,,,,,0.197,,0.101,0.395,,,0.024,,0.102,,0.096,0.166,0.102,0.164,0.145,0.363,0.562,0.344,0.185,0.158,0.139,,0.584,,,,,,,,0.147,0.199,0.126,0.143,0.378,,,,,0.116,0.415,0.587,,,0.509,0.594,,0.146,0.158,0.197,0.641,0.638,0.16,0.139,0.602,0.188,,,0.218,,,,,0.162,,,,0.163,,0.105,,0.163,0.121,0.125,0.109,,,,0.43,0.097,,,0.127,0.117
162,14034480,,0.569,0.571,,,,0.185,,,,,0.075,0.242,,0.22,0.109,,0.155,,,,,,,,0.403,,0.431,0.178,,,0.112,,0.398,0.266,,,,0.097,0.126,0.167,,,,0.079,0.488,0.507,0.487,,,,0.241,,0.101,,,,,,0.216,0.159,,,,0.202,0.171,0.052,0.122,,,,0.11,0.162,0.155,,0.332,,,,,,0.101,,,,,0.127,0.07,0.468,0.589,0.036,0.101,0.478,0.271,0.497,0.071,0.173,0.123,,,0.185,,,0.098,0.039,0.078,,0.046,0.191,,,,,,,,0.201,,0.103,0.407,,,0.023,,0.103,,0.097,0.167,0.102,0.164,0.144,0.363,0.562,0.346,0.18,0.158,0.138,,0.584,,,,,,,,0.15,0.198,0.126,0.143,0.378,,,,,0.116,0.413,0.587,,,0.509,0.594,,0.146,0.16,0.196,0.641,0.638,0.16,0.139,0.608,0.188,,,0.218,,,,,0.163,,,,0.163,,0.105,,0.191,0.122,0.125,0.104,,,,0.43,0.097,,,0.127,0.117
162,14034540,,0.569,0.571,,,,0.185,,,,,0.07,0.241,,0.22,0.099,,0.155,,,,,,,,0.402,,0.426,0.179,,,0.116,,0.399,0.27,,,,0.097,0.126,0.167,,,,0.079,0.488,0.507,0.488,,,,0.241,,0.103,,,,,,0.217,0.159,,,,0.202,0.171,0.052,0.123,,,,0.108,0.162,0.155,,0.331,,,,,,0.101,,,,,0.127,0.07,0.472,0.58,0.036,0.101,0.479,0.278,0.491,0.071,0.172,0.124,,,0.185,,,0.097,0.09,0.107,,0.055,0.191,,,,,,,,0.192,,0.102,0.381,,,0.024,,0.103,,0.098,0.17,0.103,0.164,0.145,0.363,0.564,0.346,0.184,0.158,0.133,,0.584,,,,,,,,0.155,0.196,0.126,0.143,0.376,,,,,0.116,0.413,0.587,,,0.51,0.594,,0.146,0.158,0.197,0.641,0.638,0.16,0.139,0.616,0.186,,,0.222,,,,,0.164,,,,0.163,,0.104,,0.213,0.123,0.123,0.099,,,,0.43,0.098,,,0.127,0.117
162,14034600,,0.569,0.571,,,,0.185,,,,,0.068,0.236,,0.22,0.14,,0.155,,,,,,,,0.402,,0.423,0.179,,,0.121,,0.399,0.271,,,,0.101,0.126,0.168,,,,0.079,0.49,0.507,0.487,,,,0.241,,0.101,,,,,,0.217,0.159,,,,0.202,0.171,0.052,0.123,,,,0.109,0.163,0.157,,0.342,,,,,,0.102,,,,,0.128,0.07,0.471,0.587,0.036,0.101,0.481,0.278,0.485,0.071,0.172,0.126,,,0.185,,,0.098,0.029,0.016,,0.046,0.191,,,,,,,,0.205,,0.102,0.385,,,0.023,,0.103,,0.097,0.166,0.102,0.164,0.145,0.363,0.575,0.358,0.183,0.158,0.133,,0.584,,,,,,,,0.169,0.208,0.125,0.143,0.38,,,,,0.119,0.413,0.587,,,0.51,0.595,,0.147,0.159,0.197,0.641,0.638,0.16,0.139,0.612,0.185,,,0.219,,,,,0.164,,,,0.171,,0.105,,0.219,0.122,0.125,0.095,,,,0.432,0.098,,,0.127,0.117
162,14034660,,0.569,0.571,,,,0.185,,,,,0.075,0.243,,0.22,0.134,,0.155,,,,,,,,0.403,,0.428,0.179,,,0.097,,0.4,0.269,,,,0.101,0.126,0.168,,,,0.079,0.49,0.508,0.488,,,,0.241,,0.102,,,,,,0.226,0.159,,,,0.202,0.171,0.052,0.123,,,,0.11,0.163,0.156,,0.343,,,,,,0.102,,,,,0.128,0.07,0.48,0.593,0.036,0.101,0.482,0.281,0.492,0.071,0.173,0.125,,,0.185,,,0.099,0.021,0.018,,0.051,0.191,,,,,,,,0.206,,0.101,0.368,,,0.023,,0.103,,0.097,0.166,0.102,0.165,0.145,0.363,0.513,0.346,0.187,0.158,0.133,,0.584,,,,,,,,0.17,0.199,0.125,0.143,0.382,,,,,0.12,0.413,0.587,,,0.51,0.595,,0.147,0.159,0.197,0.64,0.638,0.16,0.139,0.612,0.184,,,0.218,,,,,0.164,,,,0.169,,0.105,,0.194,0.122,0.125,0.102,,,,0.434,0.09,,,0.127,0.117
162,14034720,,0.569,0.571,,,,0.185,,,,,0.065,0.243,,0.22,0.14,,0.154,,,,,,,,0.403,,0.434,0.18,,,0.097,,0.4,0.268,,,,0.101,0.125,0.167,,,,0.079,0.491,0.508,0.487,,,,0.241,,0.102,,,,,,0.231,0.159,,,,0.202,0.171,0.052,0.123,,,,0.11,0.163,0.156,,0.34,,,,,,0.102,,,,,0.131,0.071,0.475,0.599,0.036,0.101,0.479,0.28,0.497,0.071,0.173,0.126,,,0.185,,,0.099,0.024,0.012,,0.064,0.191,,,,,,,,0.196,,0.101,0.363,,,0.024,,0.103,,0.098,0.167,0.101,0.163,0.143,0.363,0.537,0.357,0.183,0.158,0.133,,0.584,,,,,,,,0.166,0.198,0.124,0.143,0.383,,,,,0.118,0.413,0.587,,,0.51,0.595,,0.147,0.16,0.198,0.64,0.638,0.16,0.139,0.611,0.184,,,0.223,,,,,0.163,,,,0.166,,0.105,,0.2,0.123,0.125,0.104,,,,0.432,0.097,,,0.127,0.117
162,14034780,,0.569,0.571,,,,0.185,,,,,0.069,0.236,,0.22,0.137,,0.155,,,,,,,,0.403,,0.433,0.179,,,0.103,,0.4,0.267,,,,0.1,0.125,0.168,,,,0.079,0.491,0.508,0.488,,,,0.241,,0.102,,,,,,0.226,0.159,,,,0.202,0.171,0.052,0.124,,,,0.109,0.163,0.156,,0.336,,,,,,0.1,,,,,0.132,0.07,0.486,0.582,0.036,0.101,0.482,0.284,0.494,0.071,0.173,0.125,,,0.186,,,0.097,0.021,0.012,,0.046,0.191,,,,,,,,0.215,,0.102,0.382,,,0.024,,0.105,,0.099,0.167,0.103,0.164,0.145,0.363,0.558,0.361,0.186,0.157,0.133,,0.584,,,,,,,,0.164,0.198,0.123,0.143,0.382,,,,,0.119,0.413,0.587,,,0.51,0.595,,0.146,0.159,0.197,0.64,0.638,0.16,0.139,0.61,0.183,,,0.233,,,,,0.162,,,,0.164,,0.104,,0.201,0.124,0.123,0.102,,,,0.433,0.088,,,0.127,0.117
162,14034840,,0.568,0.571,,,,0.185,,,,,0.063,0.23,,0.22,0.121,,0.154,,,,,,,,0.403,,0.436,0.179,,,0.098,,0.401,0.269,,,,0.1,0.124,0.168,,,,0.079,0.49,0.508,0.487,,,,0.241,,0.102,,,,,,0.213,0.159,,,,0.202,0.171,0.052,0.123,,,,0.11,0.163,0.156,,0.335,,,,,,0.101,,,,,0.129,0.069,0.485,0.581,0.036,0.101,0.342,0.279,0.488,0.071,0.173,0.127,,,0.186,,,0.098,0.025,0.012,,0.052,0.191,,,,,,,,0.215,,0.102,0.421,,,0.024,,0.104,,0.098,0.167,0.103,0.165,0.145,0.363,0.557,0.352,0.19,0.157,0.133,,0.585,,,,,,,,0.162,0.203,0.123,0.143,0.382,,,,,0.116,0.413,0.587,,,0.511,0.595,,0.146,0.16,0.197,0.64,0.638,0.16,0.139,0.601,0.184,,,0.234,,,,,0.162,,,,0.163,,0.105,,0.201,0.122,0.124,0.096,,,,0.433,0.093,,,0.127,0.117
162,14034900,,0.568,0.571,,,,0.185,,,,,0.065,0.218,,0.219,0.125,,0.154,,,,,,,,0.403,,0.41,0.179,,,0.097,,0.401,0.27,,,,0.1,0.125,0.168,,,,0.079,0.488,0.508,0.488,,,,0.241,,0.103,,,,,,0.213,0.159,,,,0.202,0.171,0.052,0.123,,,,0.11,0.163,0.156,,0.336,,,,,,0.1,,,,,0.129,0.07,0.488,0.587,0.036,0.101,0.219,0.281,0.493,0.071,0.173,0.126,,,0.186,,,0.098,0.04,0.037,,0.073,0.191,,,,,,,,0.217,,0.103,0.459,,,0.024,,0.104,,0.098,0.167,0.102,0.165,0.145,0.363,0.553,0.352,0.183,0.159,0.133,,0.587,,,,,,,,0.162,0.201,0.123,0.143,0.386,,,,,0.117,0.413,0.587,,,0.511,0.595,,0.146,0.16,0.197,0.64,0.638,0.16,0.139,0.604,0.184,,,0.232,,,,,0.164,,,,0.164,,0.105,,0.209,0.122,0.124,0.094,,,,0.434,0.097,,,0.127,0.117
162,14034960,,0.568,0.571,,,,0.185,,,,,0.064,0.239,,0.219,0.134,,0.155,,,,,,,,0.403,,0.424,0.179,,,0.102,,0.4,0.269,,,,0.1,0.125,0.169,,,,0.079,0.488,0.508,0.487,,,,0.241,,0.102,,,,,,0.213,0.16,,,,0.202,0.171,0.053,0.124,,,,0.109,0.163,0.156,,0.335,,,,,,0.1,,,,,0.128,0.07,0.488,0.57,0.036,0.101,0.288,0.278,0.499,0.071,0.172,0.124,,,0.186,,,0.099,0.028,0.016,,0.08,0.191,,,,,,,,0.212,,0.103,0.496,,,0.024,,0.104,,0.098,0.166,0.103,0.164,0.145,0.363,0.55,0.36,0.183,0.157,0.134,,0.587,,,,,,,,0.162,0.198,0.122,0.143,0.384,,,,,0.117,0.413,0.587,,,0.511,0.596,,0.146,0.16,0.196,0.64,0.638,0.16,0.139,0.614,0.183,,,0.229,,,,,0.164,,,,0.164,,0.104,,0.198,0.122,0.126,0.094,,,,0.434,0.095,,,0.127,0.117
162,14035020,,0.568,0.57,,,,0.185,,,,,0.062,0.257,,0.22,0.132,,0.155,,,,,,,,0.403,,0.422,0.18,,,0.098,,0.409,0.269,,,,0.1,0.124,0.168,,,,0.079,0.487,0.508,0.487,,,,0.241,,0.102,,,,,,0.208,0.16,,,,0.202,0.171,0.053,0.123,,,,0.109,0.164,0.156,,0.334,,,,,,0.101,,,,,0.13,0.07,0.489,0.599,0.036,0.101,0.297,0.283,0.5,0.071,0.172,0.126,,,0.186,,,0.098,0.033,0.046,,0.068,0.191,,,,,,,,0.202,,0.103,0.54,,,0.024,,0.105,,0.098,0.167,0.103,0.164,0.145,0.363,0.551,0.355,0.185,0.158,0.134,,0.587,,,,,,,,0.161,0.203,0.121,0.143,0.385,,,,,0.116,0.413,0.587,,,0.511,0.595,,0.15,0.159,0.196,0.641,0.638,0.16,0.139,0.63,0.182,,,0.227,,,,,0.165,,,,0.164,,0.104,,0.163,0.123,0.124,0.094,,,,0.433,0.098,,,0.127,0.117
162,14035080,,0.568,0.57,,,,0.185,,,,,0.062,0.233,,0.219,0.119,,0.155,,,,,,,,0.403,,0.418,0.181,,,0.099,,0.411,0.269,,,,0.1,0.125,0.168,,,,0.079,0.487,0.508,0.487,,,,0.241,,0.103,,,,,,0.205,0.16,,,,0.202,0.171,0.053,0.123,,,,0.11,0.163,0.156,,0.333,,,,,,0.102,,,,,0.131,0.07,0.49,0.601,0.036,0.101,0.29,0.282,0.488,0.071,0.173,0.125,,,0.186,,,0.098,0.041,0.017,,0.049,0.191,,,,,,,,0.209,,0.102,0.56,,,0.024,,0.104,,0.098,0.167,0.102,0.164,0.145,0.363,0.576,0.343,0.182,0.158,0.133,,0.587,,,,,,,,0.161,0.199,0.121,0.143,0.383,,,,,0.116,0.41,0.587,,,0.511,0.595,,0.146,0.16,0.197,0.64,0.638,0.16,0.139,0.635,0.182,,,0.223,,,,,0.163,,,,0.164,,0.104,,0.185,0.121,0.125,0.093,,,,0.431,0.099,,,0.127,0.117
162,14035140,,0.568,0.57,,,,0.185,,,,,0.06,0.221,,0.221,0.117,,0.155,,,,,,,,0.403,,0.427,0.181,,,0.099,,0.403,0.269,,,,0.101,0.125,0.168,,,,0.079,0.487,0.508,0.488,,,,0.241,,0.103,,,,,,0.21,0.16,,,,0.202,0.171,0.052,0.123,,,,0.11,0.163,0.156,,0.334,,,,,,0.1,,,,,0.13,0.07,0.491,0.573,0.036,0.101,0.301,0.282,0.487,0.071,0.174,0.127,,,0.186,,,0.099,0.042,0.024,,0.093,0.191,,,,,,,,0.209,,0.103,0.578,,,0.024,,0.104,,0.098,0.167,0.102,0.165,0.149,0.363,0.569,0.347,0.18,0.158,0.134,,0.587,,,,,,,,0.159,0.201,0.12,0.143,0.381,,,,,0.116,0.41,0.587,,,0.511,0.595,,0.142,0.16,0.197,0.64,0.638,0.16,0.14,0.632,0.183,,,0.222,,,,,0.164,,,,0.164,,0.104,,0.195,0.122,0.125,0.094,,,,0.43,0.098,,,0.127,0.117
162,14035200,,0.568,0.57,,,,0.185,,,,,0.062,0.268,,0.22,0.131,,0.154,,,,,,,,0.403,,0.417,0.18,,,0.101,,0.402,0.271,,,,0.1,0.125,0.167,,,,0.079,0.488,0.508,0.488,,,,0.241,,0.103,,,,,,0.222,0.161,,,,0.202,0.171,0.052,0.123,,,,0.109,0.163,0.156,,0.337,,,,,,0.103,,,,,0.131,0.07,0.496,0.595,0.036,0.101,0.435,0.284,0.494,0.071,0.172,0.128,,,0.186,,,0.099,0.03,0.028,,0.047,0.191,,,,,,,,0.202,,0.104,0.582,,,0.024,,0.104,,0.099,0.167,0.102,0.164,0.149,0.363,0.575,0.343,0.181,0.157,0.134,,0.587,,,,,,,,0.159,0.201,0.12,0.143,0.382,,,,,0.118,0.407,0.587,,,0.511,0.595,,0.141,0.16,0.197,0.64,0.638,0.16,0.14,0.628,0.185,,,0.221,,,,,0.165,,,,0.164,,0.104,,0.206,0.123,0.124,0.096,,,,0.431,0.098,,,0.127,0.117
162,14035260,,0.568,0.57,,,,0.185,,,,,0.06,0.234,,0.219,0.111,,0.154,,,,,,,,0.404,,0.419,0.181,,,0.106,,0.403,0.272,,,,0.1,0.125,0.168,,,,0.079,0.488,0.508,0.488,,,,0.241,,0.102,,,,,,0.217,0.161,,,,0.202,0.171,0.052,0.123,,,,0.109,0.163,0.156,,0.336,,,,,,0.099,,,,,0.132,0.07,0.497,0.572,0.036,0.101,0.446,0.28,0.499,0.071,0.174,0.127,,,0.186,,,0.098,0.055,0.066,,0.047,0.191,,,,,,,,0.219,,0.103,0.577,,,0.024,,0.105,,0.099,0.167,0.102,0.165,0.149,0.363,0.569,0.345,0.189,0.158,0.133,,0.587,,,,,,,,0.156,0.201,0.12,0.143,0.382,,,,,0.118,0.407,0.587,,,0.511,0.595,,0.142,0.16,0.197,0.64,0.638,0.16,0.14,0.626,0.186,,,0.225,,,,,0.164,,,,0.164,,0.105,,0.21,0.124,0.125,0.096,,,,0.432,0.097,,,0.127,0.117
162,14035320,,0.569,0.57,,,,0.185,,,,,0.062,0.175,,0.219,0.106,,0.154,,,,,,,,0.403,,0.413,0.181,,,0.107,,0.404,0.272,,,,0.1,0.125,0.168,,,,0.079,0.488,0.508,0.488,,,,0.241,,0.103,,,,,,0.207,0.161,,,,0.202,0.171,0.052,0.123,,,,0.109,0.163,0.156,,0.333,,,,,,0.1,,,,,0.129,0.07,0.331,0.593,0.036,0.101,0.467,0.277,0.484,0.071,0.172,0.124,,,0.186,,,0.098,0.027,0.017,,0.047,0.191,,,,,,,,0.209,,0.103,0.589,,,0.024,,0.104,,0.099,0.167,0.102,0.163,0.149,0.363,0.579,0.342,0.184,0.158,0.133,,0.588,,,,,,,,0.155,0.198,0.12,0.143,0.383,,,,,0.117,0.407,0.587,,,0.511,0.595,,0.143,0.16,0.197,0.64,0.638,0.16,0.14,0.623,0.184,,,0.23,,,,,0.164,,,,0.165,,0.105,,0.211,0.123,0.124,0.097,,,,0.43,0.1,,,0.127,0.117
162,14035380,,0.569,0.57,,,,0.185,,,,,0.068,0.107,,0.219,0.115,,0.154,,,,,,,,0.403,,0.405,0.175,,,0.111,,0.405,0.269,,,,0.101,0.125,0.168,,,,0.079,0.488,0.508,0.488,,,,0.241,,0.104,,,,,,0.212,0.161,,,,0.202,0.171,0.052,0.123,,,,0.11,0.164,0.156,,0.33,,,,,,0.099,,,,,0.128,0.07,0.386,0.581,0.036,0.101,0.398,0.275,0.489,0.071,0.172,0.123,,,0.186,,,0.098,0.029,0.017,,0.068,0.191,,,,,,,,0.221,,0.103,0.583,,,0.024,,0.104,,0.098,0.167,0.102,0.164,0.149,0.363,0.565,0.347,0.185,0.158,0.134,,0.588,,,,,,,,0.153,0.199,0.12,0.143,0.381,,,,,0.117,0.407,0.587,,,0.511,0.595,,0.142,0.16,0.197,0.64,0.638,0.16,0.14,0.616,0.184,,,0.231,,,,,0.163,,,,0.165,,0.105,,0.223,0.122,0.125,0.095,,,,0.431,0.1,,,0.127,0.117
162,14035440,,0.569,0.57,,,,0.188,,,,,0.061,0.187,,0.219,0.125,,0.155,,,,,,,,0.403,,0.418,0.175,,,0.109,,0.405,0.268,,,,0.101,0.125,0.167,,,,0.079,0.487,0.508,0.488,,,,0.241,,0.104,,,,,,0.211,0.161,,,,0.202,0.171,0.051,0.123,,,,0.109,0.163,0.156,,0.33,,,,,,0.098,,,,,0.129,0.07,0.404,0.576,0.036,0.101,0.356,0.276,0.495,0.071,0.172,0.122,,,0.186,,,0.098,0.027,0.033,,0.163,0.191,,,,,,,,0.214,,0.103,0.59,,,0.024,,0.104,,0.099,0.168,0.103,0.164,0.149,0.363,0.566,0.336,0.184,0.158,0.133,,0.588,,,,,,,,0.153,0.197,0.12,0.143,0.376,,,,,0.116,0.407,0.587,,,0.511,0.595,,0.139,0.16,0.197,0.64,0.638,0.16,0.14,0.617,0.182,,,0.228,,,,,0.165,,,,0.165,,0.104,,0.225,0.123,0.124,0.095,,,,0.431,0.092,,,0.127,0.118
162,14035500,,0.569,0.57,,,,0.189,,,,,0.061,0.181,,0.22,0.112,,0.155,,,,,,,,0.403,,0.425,0.175,,,0.11,,0.405,0.269,,,,0.1,0.126,0.168,,,,0.079,0.49,0.508,0.488,,,,0.241,,0.103,,,,,,0.213,0.162,,,,0.202,0.171,0.053,0.122,,,,0.109,0.164,0.156,,0.33,,,,,,0.1,,,,,0.131,0.07,0.398,0.583,0.036,0.101,0.4,0.279,0.493,0.071,0.173,0.125,,,0.186,,,0.098,0.039,0.017,,0.047,0.191,,,,,,,,0.211,,0.104,0.597,,,0.024,,0.105,,0.099,0.168,0.103,0.164,0.149,0.363,0.565,0.344,0.182,0.159,0.134,,0.588,,,,,,,,0.15,0.198,0.119,0.143,0.378,,,,,0.116,0.407,0.589,,,0.512,0.595,,0.139,0.159,0.197,0.64,0.638,0.16,0.14,0.622,0.182,,,0.225,,,,,0.164,,,,0.164,,0.105,,0.226,0.122,0.125,0.104,,,,0.431,0.092,,,0.127,0.118
162,14035560,,0.569,0.57,,,,0.189,,,,,0.084,0.236,,0.221,0.112,,0.155,,,,,,,,0.403,,0.416,0.175,,,0.111,,0.406,0.269,,,,0.1,0.127,0.168,,,,0.08,0.49,0.508,0.488,,,,0.241,,0.103,,,,,,0.239,0.162,,,,0.203,0.172,0.053,0.123,,,,0.11,0.163,0.156,,0.333,,,,,,0.1,,,,,0.128,0.07,0.315,0.581,0.036,0.101,0.413,0.277,0.487,0.071,0.172,0.124,,,0.186,,,0.099,0.03,0.035,,0.216,0.191,,,,,,,,0.209,,0.103,0.588,,,0.024,,0.103,,0.1,0.167,0.102,0.164,0.149,0.363,0.56,0.351,0.179,0.159,0.134,,0.587,,,,,,,,0.149,0.199,0.119,0.143,0.381,,,,,0.117,0.407,0.586,,,0.512,0.595,,0.139,0.159,0.197,0.64,0.638,0.16,0.14,0.628,0.182,,,0.226,,,,,0.164,,,,0.164,,0.105,,0.218,0.123,0.126,0.11,,,,0.431,0.095,,,0.127,0.118
162,14035620,,0.568,0.57,,,,0.189,,,,,0.057,0.263,,0.22,0.103,,0.155,,,,,,,,0.403,,0.417,0.175,,,0.101,,0.408,0.271,,,,0.1,0.125,0.168,,,,0.08,0.49,0.508,0.488,,,,0.241,,0.103,,,,,,0.228,0.162,,,,0.203,0.172,0.052,0.123,,,,0.119,0.164,0.156,,0.33,,,,,,0.1,,,,,0.128,0.07,0.446,0.578,0.036,0.101,0.43,0.279,0.496,0.071,0.174,0.124,,,0.186,,,0.099,0.039,0.056,,0.049,0.191,,,,,,,,0.212,,0.103,0.585,,,0.024,,0.103,,0.099,0.168,0.103,0.163,0.15,0.363,0.565,0.328,0.178,0.158,0.133,,0.587,,,,,,,,0.148,0.198,0.119,0.143,0.382,,,,,0.116,0.407,0.586,,,0.512,0.595,,0.14,0.16,0.196,0.64,0.638,0.16,0.14,0.629,0.181,,,0.228,,,,,0.164,,,,0.164,,0.104,,0.214,0.122,0.125,0.11,,,,0.431,0.098,,,0.127,0.118
162,14035680,,0.569,0.571,,,,0.189,,,,,0.073,0.251,,0.22,0.109,,0.155,,,,,,,,0.403,,0.426,0.175,,,0.1,,0.407,0.272,,,,0.1,0.125,0.168,,,,0.08,0.49,0.508,0.487,,,,0.241,,0.104,,,,,,0.227,0.162,,,,0.203,0.171,0.052,0.124,,,,0.119,0.163,0.156,,0.329,,,,,,0.102,,,,,0.13,0.071,0.472,0.58,0.036,0.101,0.449,0.279,0.489,0.071,0.175,0.126,,,0.186,,,0.098,0.048,0.068,,0.046,0.191,,,,,,,,0.21,,0.104,0.585,,,0.024,,0.104,,0.1,0.167,0.103,0.164,0.147,0.363,0.571,0.339,0.183,0.16,0.134,,0.588,,,,,,,,0.146,0.198,0.118,0.143,0.381,,,,,0.116,0.407,0.586,,,0.512,0.595,,0.138,0.16,0.197,0.641,0.638,0.16,0.14,0.632,0.182,,,0.229,,,,,0.164,,,,0.164,,0.105,,0.142,0.123,0.125,0.107,,,,0.43,0.099,,,0.127,0.118
162,14035740,,0.569,0.571,,,,0.189,,,,,0.057,0.247,,0.22,0.108,,0.155,,,,,,,,0.404,,0.422,0.175,,,0.101,,0.407,0.272,,,,0.1,0.125,0.168,,,,0.079,0.49,0.508,0.488,,,,0.241,,0.103,,,,,,0.217,0.162,,,,0.203,0.172,0.052,0.124,,,,0.121,0.163,0.156,,0.325,,,,,,0.101,,,,,0.131,0.071,0.465,0.585,0.036,0.101,0.369,0.276,0.483,0.071,0.174,0.123,,,0.186,,,0.098,0.027,0.014,,0.046,0.191,,,,,,,,0.211,,0.104,0.591,,,0.024,,0.105,,0.1,0.166,0.103,0.165,0.147,0.363,0.582,0.335,0.184,0.158,0.134,,0.588,,,,,,,,0.146,0.198,0.118,0.143,0.381,,,,,0.116,0.407,0.587,,,0.512,0.595,,0.139,0.16,0.196,0.641,0.638,0.16,0.14,0.627,0.186,,,0.224,,,,,0.164,,,,0.165,,0.105,,0.163,0.123,0.125,0.1,,,,0.43,0.098,,,0.127,0.118
162,14035800,,0.569,0.571,,,,0.189,,,,,0.055,0.235,,0.22,0.124,,0.155,,,,,,,,0.404,,0.419,0.178,,,0.102,,0.407,0.27,,,,0.1,0.125,0.168,,,,0.08,0.488,0.508,0.488,,,,0.241,,0.103,,,,,,0.223,0.162,,,,0.203,0.171,0.053,0.123,,,,0.123,0.164,0.156,,0.333,,,,,,0.101,,,,,0.129,0.07,0.482,0.586,0.036,0.101,0.408,0.274,0.488,0.071,0.173,0.122,,,0.186,,,0.099,0.023,0.045,,0.046,0.191,,,,,,,,0.211,,0.103,0.597,,,0.024,,0.104,,0.098,0.168,0.102,0.164,0.148,0.363,0.585,0.334,0.177,0.159,0.133,,0.588,,,,,,,,0.144,0.199,0.118,0.143,0.38,,,,,0.117,0.407,0.586,,,0.512,0.595,,0.14,0.16,0.197,0.641,0.638,0.16,0.14,0.612,0.187,,,0.22,,,,,0.164,,,,0.166,,0.106,,0.185,0.124,0.126,0.096,,,,0.431,0.097,,,0.127,0.118
162,14035860,,0.569,0.57,,,,0.189,,,,,0.056,0.233,,0.22,0.116,,0.155,,,,,,,,0.404,,0.427,0.177,,,0.1,,0.407,0.27,,,,0.1,0.126,0.17,,,,0.08,0.488,0.508,0.488,,,,0.241,,0.103,,,,,,0.221,0.162,,,,0.203,0.171,0.053,0.123,,,,0.122,0.163,0.156,,0.336,,,,,,0.101,,,,,0.133,0.069,0.485,0.569,0.036,0.101,0.414,0.275,0.493,0.071,0.172,0.122,,,0.186,,,0.1,0.024,0.015,,0.056,0.191,,,,,,,,0.204,,0.104,0.595,,,0.024,,0.103,,0.099,0.168,0.103,0.164,0.148,0.363,0.586,0.334,0.18,0.159,0.134,,0.588,,,,,,,,0.143,0.2,0.118,0.143,0.381,,,,,0.117,0.405,0.587,,,0.512,0.595,,0.14,0.16,0.197,0.64,0.638,0.16,0.14,0.612,0.19,,,0.22,,,,,0.164,,,,0.166,,0.105,,0.192,0.124,0.125,0.095,,,,0.431,0.097,,,0.127,0.118
162,14035920,,0.568,0.571,,,,0.189,,,,,0.054,0.248,,0.22,0.102,,0.155,,,,,,,,0.404,,0.418,0.177,,,0.103,,0.408,0.268,,,,0.1,0.125,0.168,,,,0.08,0.489,0.508,0.488,,,,0.241,,0.104,,,,,,0.207,0.162,,,,0.203,0.171,0.052,0.123,,,,0.124,0.164,0.156,,0.332,,,,,,0.101,,,,,0.131,0.07,0.49,0.584,0.036,0.101,0.423,0.276,0.487,0.071,0.171,0.125,,,0.186,,,0.098,0.03,0.023,,0.052,0.191,,,,,,,,0.214,,0.104,0.6,,,0.024,,0.103,,0.1,0.167,0.103,0.164,0.148,0.363,0.587,0.339,0.182,0.158,0.135,,0.588,,,,,,,,0.142,0.202,0.117,0.143,0.381,,,,,0.116,0.405,0.587,,,0.512,0.596,,0.139,0.16,0.197,0.64,0.638,0.16,0.14,0.617,0.19,,,0.226,,,,,0.163,,,,0.165,,0.105,,0.193,0.124,0.124,0.095,,,,0.431,0.099,,,0.127,0.118
162,14035980,,0.568,0.57,,,,0.189,,,,,0.063,0.247,,0.22,0.11,,0.155,,,,,,,,0.404,,0.416,0.177,,,0.102,,0.408,0.27,,,,0.1,0.125,0.168,,,,0.08,0.489,0.508,0.488,,,,0.241,,0.102,,,,,,0.22,0.162,,,,0.203,0.171,0.053,0.123,,,,0.106,0.164,0.156,,0.332,,,,,,0.101,,,,,0.131,0.07,0.222,0.583,0.036,0.101,0.364,0.28,0.486,0.071,0.173,0.122,,,0.186,,,0.098,0.024,0.015,,0.046,0.191,,,,,,,,0.222,,0.103,0.624,,,0.024,,0.104,,0.099,0.167,0.103,0.164,0.148,0.363,0.58,0.335,0.18,0.159,0.133,,0.588,,,,,,,,0.142,0.203,0.118,0.143,0.381,,,,,0.117,0.405,0.587,,,0.512,0.596,,0.14,0.159,0.196,0.641,0.638,0.16,0.14,0.627,0.19,,,0.225,,,,,0.164,,,,0.165,,0.105,,0.199,0.124,0.125,0.101,,,,0.431,0.098,,,0.127,0.117
162,14036040,,0.568,0.57,,,,0.189,,,,,0.056,0.245,,0.22,0.111,,0.155,,,,,,,,0.404,,0.432,0.178,,,0.1,,0.408,0.274,,,,0.1,0.124,0.168,,,,0.08,0.49,0.508,0.488,,,,0.241,,0.103,,,,,,0.223,0.163,,,,0.203,0.171,0.053,0.123,,,,0.106,0.164,0.156,,0.329,,,,,,0.102,,,,,0.133,0.07,0.248,0.589,0.036,0.101,0.44,0.279,0.488,0.071,0.173,0.122,,,0.187,,,0.1,0.048,0.058,,0.046,0.191,,,,,,,,0.224,,0.103,0.623,,,0.024,,0.102,,0.1,0.168,0.102,0.165,0.148,0.363,0.589,0.338,0.181,0.159,0.134,,0.589,,,,,,,,0.141,0.202,0.118,0.143,0.381,,,,,0.116,0.405,0.586,,,0.512,0.596,,0.14,0.159,0.197,0.641,0.638,0.16,0.14,0.635,0.194,,,0.224,,,,,0.164,,,,0.164,,0.104,,0.211,0.124,0.126,0.101,,,,0.431,0.09,,,0.127,0.117
162,14036100,,0.568,0.57,,,,0.189,,,,,0.054,0.218,,0.219,0.118,,0.155,,,,,,,,0.404,,0.434,0.178,,,0.102,,0.409,0.274,,,,0.1,0.125,0.169,,,,0.08,0.49,0.508,0.488,,,,0.241,,0.103,,,,,,0.217,0.163,,,,0.203,0.171,0.053,0.124,,,,0.109,0.164,0.156,,0.328,,,,,,0.102,,,,,0.132,0.07,0.263,0.581,0.036,0.101,0.274,0.277,0.489,0.071,0.172,0.122,,,0.187,,,0.1,0.086,0.189,,0.046,0.191,,,,,,,,0.226,,0.103,0.6,,,0.025,,0.103,,0.1,0.167,0.102,0.164,0.148,0.363,0.582,0.337,0.179,0.159,0.134,,0.589,,,,,,,,0.141,0.202,0.12,0.143,0.385,,,,,0.117,0.403,0.587,,,0.512,0.596,,0.141,0.159,0.196,0.641,0.638,0.16,0.14,0.632,0.196,,,0.224,,,,,0.165,,,,0.164,,0.106,,0.234,0.124,0.126,0.099,,,,0.431,0.092,,,0.127,0.117
162,14036160,,0.568,0.571,,,,0.189,,,,,0.055,0.206,,0.219,0.117,,0.155,,,,,,,,0.404,,0.43,0.178,,,0.1,,0.409,0.273,,,,0.1,0.125,0.169,,,,0.08,0.49,0.509,0.488,,,,0.241,,0.103,,,,,,0.209,0.163,,,,0.203,0.171,0.053,0.124,,,,0.105,0.163,0.155,,0.33,,,,,,0.103,,,,,0.132,0.07,0.252,0.588,0.036,0.101,0.349,0.28,0.498,0.071,0.173,0.123,,,0.187,,,0.098,0.037,0.046,,0.066,0.191,,,,,,,,0.227,,0.104,0.585,,,0.025,,0.104,,0.101,0.168,0.103,0.165,0.149,0.363,0.578,0.333,0.183,0.159,0.134,,0.589,,,,,,,,0.14,0.202,0.122,0.143,0.383,,,,,0.117,0.403,0.587,,,0.512,0.597,,0.139,0.159,0.196,0.641,0.638,0.16,0.14,0.626,0.197,,,0.221,,,,,0.164,,,,0.163,,0.106,,0.238,0.124,0.125,0.095,,,,0.432,0.093,,,0.127,0.117
162,14036220,,0.569,0.571,,,,0.189,,,,,0.054,0.207,,0.219,0.099,,0.155,,,,,,,,0.404,,0.421,0.179,,,0.101,,0.409,0.269,,,,0.1,0.125,0.169,,,,0.08,0.49,0.509,0.488,,,,0.241,,0.103,,,,,,0.209,0.164,,,,0.203,0.171,0.053,0.123,,,,0.106,0.164,0.156,,0.327,,,,,,0.103,,,,,0.131,0.07,0.266,0.59,0.036,0.101,0.353,0.283,0.486,0.071,0.172,0.125,,,0.187,,,0.098,0.029,0.016,,0.053,0.192,,,,,,,,0.223,,0.102,0.597,,,0.025,,0.104,,0.1,0.166,0.103,0.164,0.149,0.363,0.581,0.349,0.186,0.159,0.134,,0.59,,,,,,,,0.141,0.202,0.122,0.143,0.382,,,,,0.117,0.403,0.587,,,0.512,0.597,,0.14,0.159,0.197,0.641,0.638,0.16,0.14,0.624,0.196,,,0.221,,,,,0.163,,,,0.164,,0.106,,0.238,0.123,0.127,0.095,,,,0.433,0.093,,,0.127,0.117
162,14036280,,0.569,0.571,,,,0.189,,,,,0.054,0.2,,0.219,0.122,,0.155,,,,,,,,0.404,,0.431,0.179,,,0.102,,0.409,0.27,,,,0.1,0.125,0.169,,,,0.08,0.491,0.509,0.488,,,,0.241,,0.104,,,,,,0.212,0.164,,,,0.203,0.171,0.052,0.123,,,,0.108,0.164,0.156,,0.333,,,,,,0.102,,,,,0.131,0.07,0.426,0.578,0.036,0.101,0.342,0.281,0.49,0.071,0.173,0.123,,,0.187,,,0.1,0.028,0.016,,0.045,0.192,,,,,,,,0.222,,0.103,0.607,,,0.025,,0.103,,0.1,0.166,0.103,0.164,0.149,0.363,0.577,0.345,0.179,0.159,0.134,,0.59,,,,,,,,0.14,0.206,0.122,0.143,0.382,,,,,0.117,0.402,0.586,,,0.512,0.597,,0.14,0.159,0.198,0.641,0.638,0.16,0.14,0.63,0.194,,,0.224,,,,,0.165,,,,0.165,,0.105,,0.236,0.124,0.126,0.096,,,,0.432,0.096,,,0.127,0.117
162,14036340,,0.569,0.57,,,,0.189,,,,,0.056,0.192,,0.219,0.106,,0.155,,,,,,,,0.404,,0.431,0.179,,,0.102,,0.398,0.27,,,,0.1,0.125,0.168,,,,0.08,0.491,0.509,0.488,,,,0.241,,0.104,,,,,,0.206,0.164,,,,0.203,0.172,0.053,0.124,,,,0.108,0.164,0.156,,0.332,,,,,,0.092,,,,,0.126,0.07,0.429,0.592,0.036,0.101,0.331,0.283,0.493,0.071,0.17,0.123,,,0.187,,,0.1,0.029,0.019,,0.045,0.192,,,,,,,,0.228,,0.103,0.608,,,0.025,,0.103,,0.1,0.167,0.102,0.165,0.15,0.363,0.584,0.355,0.183,0.16,0.133,,0.59,,,,,,,,0.143,0.207,0.121,0.143,0.383,,,,,0.117,0.402,0.586,,,0.512,0.597,,0.141,0.159,0.197,0.64,0.638,0.16,0.14,0.625,0.194,,,0.222,,,,,0.164,,,,0.161,,0.106,,0.23,0.125,0.126,0.096,,,,0.431,0.098,,,0.127,0.117
162,14036400,,0.569,0.571,,,,0.189,,,,,0.054,0.194,,0.219,0.139,,0.155,,,,,,,,0.406,,0.432,0.179,,,0.103,,0.39,0.267,,,,0.1,0.125,0.169,,,,0.08,0.492,0.508,0.488,,,,0.241,,0.102,,,,,,0.211,0.164,,,,0.203,0.171,0.053,0.123,,,,0.106,0.167,0.162,,0.354,,,,,,0.093,,,,,0.133,0.07,0.438,0.602,0.036,0.101,0.336,0.29,0.493,0.071,0.174,0.124,,,0.187,,,0.099,0.031,0.016,,0.056,0.192,,,,,,,,0.238,,0.104,0.608,,,0.025,,0.104,,0.1,0.167,0.104,0.166,0.15,0.363,0.585,0.338,0.177,0.16,0.134,,0.59,,,,,,,,0.191,0.229,0.121,0.143,0.39,,,,,0.12,0.402,0.586,,,0.513,0.597,,0.139,0.16,0.196,0.64,0.638,0.16,0.14,0.619,0.195,,,0.218,,,,,0.166,,,,0.17,,0.105,,0.218,0.125,0.125,0.096,,,,0.431,0.098,,,0.127,0.117
162,14036460,,0.569,0.571,,,,0.189,,,,,0.059,0.211,,0.22,0.147,,0.155,,,,,,,,0.407,,0.412,0.179,,,0.103,,0.383,0.266,,,,0.101,0.125,0.17,,,,0.08,0.493,0.509,0.488,,,,0.241,,0.103,,,,,,0.206,0.164,,,,0.203,0.171,0.053,0.122,,,,0.108,0.165,0.158,,0.357,,,,,,0.093,,,,,0.131,0.071,0.442,0.601,0.036,0.101,0.348,0.288,0.491,0.071,0.174,0.127,,,0.187,,,0.099,0.05,0.074,,0.071,0.192,,,,,,,,0.237,,0.102,0.594,,,0.025,,0.103,,0.099,0.167,0.104,0.164,0.15,0.363,0.587,0.346,0.181,0.16,0.134,,0.591,,,,,,,,0.19,0.215,0.121,0.143,0.393,,,,,0.12,0.402,0.586,,,0.513,0.597,,0.14,0.159,0.196,0.641,0.638,0.16,0.14,0.624,0.197,,,0.218,,,,,0.164,,,,0.168,,0.106,,0.208,0.124,0.126,0.096,,,,0.433,0.088,,,0.127,0.117
162,14036520,,0.568,0.571,,,,0.189,,,,,0.055,0.226,,0.22,0.144,,0.155,,,,,,,,0.406,,0.422,0.179,,,0.103,,0.397,0.264,,,,0.101,0.125,0.17,,,,0.079,0.493,0.509,0.488,,,,0.241,,0.103,,,,,,0.21,0.164,,,,0.203,0.172,0.052,0.123,,,,0.109,0.165,0.156,,0.352,,,,,,0.093,,,,,0.133,0.07,0.445,0.597,0.036,0.101,0.356,0.286,0.491,0.071,0.174,0.126,,,0.187,,,0.1,0.039,0.034,,0.048,0.192,,,,,,,,0.248,,0.103,0.6,,,0.025,,0.093,,0.099,0.168,0.104,0.165,0.149,0.363,0.591,0.355,0.181,0.159,0.134,,0.591,,,,,,,,0.18,0.209,0.12,0.143,0.392,,,,,0.117,0.399,0.586,,,0.513,0.597,,0.141,0.159,0.196,0.64,0.638,0.16,0.14,0.626,0.197,,,0.223,,,,,0.165,,,,0.165,,0.105,,0.197,0.125,0.125,0.096,,,,0.432,0.098,,,0.127,0.117
162,14036580,,0.569,0.57,,,,0.189,,,,,0.057,0.238,,0.22,0.149,,0.155,,,,,,,,0.406,,0.417,0.179,,,0.102,,0.391,0.264,,,,0.101,0.125,0.169,,,,0.079,0.493,0.509,0.488,,,,0.161,,0.104,,,,,,0.208,0.164,,,,0.203,0.172,0.052,0.124,,,,0.109,0.165,0.157,,0.348,,,,,,0.093,,,,,0.132,0.07,0.447,0.599,0.036,0.101,0.414,0.285,0.499,0.071,0.176,0.126,,,0.187,,,0.1,0.031,0.016,,0.046,0.192,,,,,,,,0.231,,0.103,0.608,,,0.025,,0.093,,0.1,0.167,0.104,0.164,0.151,0.363,0.594,0.344,0.184,0.159,0.139,,0.591,,,,,,,,0.18,0.208,0.12,0.143,0.389,,,,,0.117,0.399,0.586,,,0.513,0.597,,0.141,0.158,0.196,0.641,0.638,0.16,0.14,0.623,0.197,,,0.229,,,,,0.165,,,,0.166,,0.105,,0.193,0.124,0.124,0.094,,,,0.433,0.102,,,0.127,0.117
162,14036640,,0.569,0.57,,,,0.189,,,,,0.074,0.251,,0.22,0.132,,0.155,,,,,,,,0.405,,0.423,0.179,,,0.103,,0.396,0.265,,,,0.101,0.125,0.17,,,,0.08,0.493,0.509,0.488,,,,0.169,,0.102,,,,,,0.212,0.164,,,,0.203,0.171,0.052,0.123,,,,0.108,0.165,0.156,,0.341,,,,,,0.093,,,,,0.13,0.07,0.439,0.601,0.036,0.101,0.42,0.284,0.507,0.071,0.175,0.125,,,0.187,,,0.099,0.031,0.017,,0.052,0.192,,,,,,,,0.233,,0.104,0.623,,,0.025,,0.093,,0.1,0.166,0.103,0.165,0.152,0.363,0.59,0.338,0.181,0.16,0.14,,0.591,,,,,,,,0.185,0.205,0.12,0.143,0.389,,,,,0.117,0.399,0.586,,,0.513,0.597,,0.139,0.159,0.197,0.641,0.638,0.16,0.14,0.619,0.2,,,0.232,,,,,0.164,,,,0.163,,0.105,,0.189,0.125,0.126,0.094,,,,0.432,0.103,,,0.127,0.117
162,14036700,,0.569,0.57,,,,0.189,,,,,0.057,0.249,,0.22,0.137,,0.155,,,,,,,,0.406,,0.429,0.179,,,0.102,,0.399,0.27,,,,0.101,0.125,0.169,,,,0.08,0.492,0.509,0.488,,,,0.169,,0.103,,,,,,0.228,0.164,,,,0.203,0.171,0.052,0.122,,,,0.108,0.165,0.156,,0.34,,,,,,0.094,,,,,0.135,0.07,0.439,0.601,0.036,0.101,0.428,0.29,0.501,0.071,0.177,0.125,,,0.188,,,0.1,0.035,0.017,,0.046,0.192,,,,,,,,0.245,,0.103,0.642,,,0.025,,0.094,,0.099,0.168,0.092,0.164,0.151,0.363,0.591,0.329,0.182,0.16,0.142,,0.591,,,,,,,,0.187,0.208,0.12,0.143,0.39,,,,,0.116,0.399,0.586,,,0.513,0.597,,0.14,0.159,0.197,0.641,0.638,0.16,0.14,0.629,0.202,,,0.23,,,,,0.165,,,,0.164,,0.106,,0.182,0.114,0.126,0.105,,,,0.434,0.103,,,0.127,0.118
162,14036760,,0.569,0.57,,,,0.189,,,,,0.058,0.243,,0.22,0.123,,0.155,,,,,,,,0.406,,0.432,0.18,,,0.103,,0.396,0.269,,,,0.101,0.127,0.169,,,,0.08,0.49,0.509,0.488,,,,0.169,,0.104,,,,,,0.242,0.164,,,,0.203,0.171,0.052,0.123,,,,0.109,0.165,0.157,,0.341,,,,,,0.094,,,,,0.134,0.07,0.456,0.604,0.036,0.101,0.43,0.293,0.495,0.071,0.175,0.126,,,0.188,,,0.1,0.037,0.062,,0.099,0.191,,,,,,,,0.237,,0.104,0.677,,,0.025,,0.092,,0.099,0.167,0.093,0.165,0.151,0.363,0.585,0.343,0.183,0.159,0.133,,0.591,,,,,,,,0.188,0.204,0.12,0.143,0.388,,,,,0.116,0.397,0.587,,,0.513,0.597,,0.14,0.159,0.196,0.641,0.638,0.16,0.14,0.627,0.201,,,0.229,,,,,0.165,,,,0.163,,0.106,,0.176,0.113,0.125,0.111,,,,0.432,0.09,,,0.127,0.118
162,14036820,,0.569,0.57,,,,0.189,,,,,0.059,0.234,,0.22,0.127,,0.155,,,,,,,,0.406,,0.428,0.179,,,0.102,,0.382,0.27,,,,0.101,0.126,0.17,,,,0.08,0.49,0.51,0.488,,,,0.169,,0.092,,,,,,0.227,0.164,,,,0.203,0.172,0.052,0.123,,,,0.108,0.165,0.157,,0.338,,,,,,0.093,,,,,0.133,0.07,0.462,0.592,0.036,0.101,0.438,0.288,0.509,0.071,0.174,0.124,,,0.188,,,0.1,0.026,0.015,,0.056,0.192,,,,,,,,0.227,,0.105,0.707,,,0.025,,0.093,,0.1,0.167,0.093,0.166,0.151,0.363,0.587,0.34,0.181,0.154,0.133,,0.592,,,,,,,,0.19,0.205,0.12,0.143,0.39,,,,,0.116,0.397,0.587,,,0.513,0.597,,0.14,0.159,0.196,0.64,0.638,0.16,0.14,0.622,0.2,,,0.23,,,,,0.165,,,,0.162,,0.106,,0.179,0.114,0.125,0.111,,,,0.432,0.098,,,0.127,0.118
162,14036880,,0.569,0.57,,,,0.189,,,,,0.068,0.201,,0.22,0.125,,0.155,,,,,,,,0.406,,0.424,0.18,,,0.103,,0.377,0.268,,,,0.101,0.126,0.17,,,,0.081,0.493,0.51,0.488,,,,0.169,,0.092,,,,,,0.213,0.164,,,,0.203,0.171,0.053,0.122,,,,0.097,0.165,0.157,,0.339,,,,,,0.093,,,,,0.135,0.07,0.342,0.584,0.036,0.101,0.439,0.285,0.508,0.071,0.175,0.128,,,0.188,,,0.1,0.025,0.015,,0.092,0.191,,,,,,,,0.234,,0.105,0.727,,,0.025,,0.094,,0.101,0.167,0.093,0.161,0.152,0.363,0.592,0.336,0.178,0.155,0.134,,0.592,,,,,,,,0.192,0.203,0.12,0.143,0.391,,,,,0.116,0.397,0.587,,,0.513,0.597,,0.139,0.159,0.197,0.64,0.638,0.16,0.14,0.625,0.199,,,0.23,,,,,0.165,,,,0.162,,0.106,,0.18,0.115,0.124,0.108,,,,0.433,0.094,,,0.127,0.118
162,14036940,,0.569,0.57,,,,0.189,,,,,0.073,0.203,,0.22,0.118,,0.155,,,,,,,,0.407,,0.427,0.18,,,0.102,,0.381,0.267,,,,0.101,0.126,0.17,,,,0.081,0.495,0.51,0.488,,,,0.169,,0.093,,,,,,0.208,0.164,,,,0.203,0.172,0.053,0.122,,,,0.098,0.165,0.156,,0.337,,,,,,0.094,,,,,0.133,0.071,0.362,0.612,0.036,0.101,0.441,0.284,0.508,0.071,0.177,0.128,,,0.188,,,0.1,0.025,0.015,,0.059,0.192,,,,,,,,0.226,,0.105,0.743,,,0.025,,0.092,,0.1,0.168,0.093,0.16,0.151,0.363,0.59,0.331,0.178,0.155,0.134,,0.591,,,,,,,,0.194,0.203,0.12,0.143,0.389,,,,,0.116,0.397,0.587,,,0.513,0.597,,0.14,0.158,0.197,0.64,0.638,0.16,0.14,0.624,0.198,,,0.226,,,,,0.163,,,,0.162,,0.106,,0.181,0.113,0.126,0.097,,,,0.432,0.097,,,0.127,0.118
162,14037000,,0.569,0.57,,,,0.189,,,,,0.064,0.196,,0.22,0.114,,0.155,,,,,,,,0.407,,0.414,0.18,,,0.102,,0.38,0.268,,,,0.101,0.126,0.17,,,,0.082,0.496,0.509,0.488,,,,0.177,,0.093,,,,,,0.216,0.165,,,,0.203,0.171,0.053,0.123,,,,0.099,0.165,0.157,,0.336,,,,,,0.094,,,,,0.135,0.07,0.396,0.605,0.036,0.101,0.442,0.289,0.509,0.071,0.173,0.127,,,0.188,,,0.101,0.058,0.12,,0.045,0.192,,,,,,,,0.231,,0.104,0.751,,,0.025,,0.093,,0.099,0.167,0.093,0.16,0.152,0.363,0.588,0.326,0.184,0.155,0.134,,0.591,,,,,,,,0.202,0.205,0.12,0.143,0.385,,,,,0.116,0.396,0.587,,,0.513,0.597,,0.14,0.158,0.197,0.641,0.638,0.16,0.14,0.625,0.197,,,0.221,,,,,0.164,,,,0.165,,0.106,,0.183,0.113,0.126,0.096,,,,0.432,0.095,,,0.127,0.118
162,14037060,,0.569,0.57,,,,0.189,,,,,0.064,0.207,,0.221,0.107,,0.155,,,,,,,,0.406,,0.415,0.18,,,0.102,,0.371,0.272,,,,0.1,0.125,0.171,,,,0.082,0.496,0.509,0.488,,,,0.177,,0.092,,,,,,0.208,0.165,,,,0.203,0.172,0.053,0.122,,,,0.099,0.165,0.156,,0.337,,,,,,0.093,,,,,0.134,0.071,0.369,0.604,0.036,0.101,0.444,0.288,0.505,0.071,0.175,0.124,,,0.188,,,0.101,0.024,0.015,,0.045,0.192,,,,,,,,0.234,,0.104,0.753,,,0.025,,0.093,,0.099,0.168,0.093,0.161,0.152,0.363,0.586,0.332,0.178,0.155,0.133,,0.591,,,,,,,,0.2,0.204,0.12,0.143,0.387,,,,,0.117,0.396,0.587,,,0.513,0.597,,0.141,0.158,0.198,0.641,0.638,0.16,0.14,0.629,0.194,,,0.224,,,,,0.165,,,,0.165,,0.105,,0.184,0.112,0.125,0.097,,,,0.43,0.092,,,0.127,0.118
162,14037120,,0.569,0.57,,,,0.189,,,,,0.066,0.211,,0.221,0.099,,0.155,,,,,,,,0.406,,0.385,0.18,,,0.104,,0.375,0.274,,,,0.1,0.125,0.171,,,,0.082,0.496,0.509,0.488,,,,0.177,,0.092,,,,,,0.206,0.165,,,,0.203,0.172,0.053,0.122,,,,0.098,0.165,0.156,,0.335,,,,,,0.092,,,,,0.136,0.071,0.376,0.606,0.036,0.101,0.449,0.288,0.496,0.071,0.174,0.125,,,0.188,,,0.099,0.064,0.062,,0.056,0.192,,,,,,,,0.239,,0.103,0.745,,,0.025,,0.094,,0.099,0.168,0.092,0.161,0.152,0.363,0.593,0.327,0.18,0.154,0.133,,0.591,,,,,,,,0.201,0.203,0.12,0.143,0.385,,,,,0.116,0.395,0.587,,,0.513,0.598,,0.14,0.158,0.197,0.641,0.638,0.16,0.14,0.637,0.194,,,0.227,,,,,0.165,,,,0.165,,0.105,,0.178,0.112,0.126,0.097,,,,0.431,0.093,,,0.127,0.118
162,14037180,,0.569,0.57,,,,0.189,,,,,0.072,0.212,,0.221,0.118,,0.155,,,,,,,,0.406,,0.407,0.18,,,0.102,,0.372,0.274,,,,0.1,0.125,0.171,,,,0.081,0.496,0.509,0.488,,,,0.177,,0.093,,,,,,0.209,0.165,,,,0.203,0.172,0.053,0.122,,,,0.099,0.165,0.156,,0.335,,,,,,0.093,,,,,0.135,0.071,0.368,0.602,0.036,0.101,0.453,0.289,0.495,0.071,0.173,0.128,,,0.188,,,0.1,0.034,0.016,,0.045,0.192,,,,,,,,0.237,,0.092,0.748,,,0.025,,0.093,,0.099,0.168,0.092,0.161,0.152,0.363,0.597,0.323,0.184,0.154,0.133,,0.591,,,,,,,,0.198,0.202,0.12,0.143,0.384,,,,,0.116,0.395,0.587,,,0.513,0.598,,0.14,0.158,0.197,0.641,0.638,0.16,0.14,0.637,0.193,,,0.229,,,,,0.165,,,,0.164,,0.104,,0.175,0.112,0.126,0.095,,,,0.431,0.094,,,0.127,0.119
162,14037240,,0.569,0.57,,,,0.189,,,,,0.07,0.227,,0.221,0.131,,0.155,,,,,,,,0.406,,0.414,0.18,,,0.091,,0.367,0.274,,,,0.1,0.125,0.17,,,,0.08,0.444,0.509,0.489,,,,0.177,,0.094,,,,,,0.21,0.165,,,,0.203,0.172,0.053,0.123,,,,0.099,0.165,0.156,,0.337,,,,,,0.093,,,,,0.136,0.07,0.394,0.616,0.036,0.101,0.456,0.288,0.501,0.071,0.174,0.127,,,0.188,,,0.1,0.054,0.106,,0.045,0.192,,,,,,,,0.24,,0.093,0.753,,,0.024,,0.093,,0.1,0.168,0.093,0.161,0.152,0.363,0.591,0.328,0.184,0.155,0.134,,0.591,,,,,,,,0.194,0.202,0.12,0.143,0.387,,,,,0.116,0.393,0.587,,,0.513,0.598,,0.14,0.158,0.197,0.641,0.638,0.16,0.14,0.636,0.192,,,0.234,,,,,0.166,,,,0.164,,0.104,,0.175,0.112,0.116,0.094,,,,0.432,0.095,,,0.127,0.119
162,14037300,,0.569,0.57,,,,0.189,,,,,0.087,0.212,,0.221,0.152,,0.155,,,,,,,,0.408,,0.406,0.18,,,0.092,,0.366,0.273,,,,0.1,0.126,0.17,,,,0.08,0.47,0.51,0.489,,,,0.177,,0.094,,,,,,0.232,0.165,,,,0.203,0.172,0.054,0.123,,,,0.099,0.165,0.157,,0.341,,,,,,0.091,,,,,0.142,0.07,0.405,0.613,0.036,0.101,0.372,0.298,0.506,0.071,0.177,0.125,,,0.188,,,0.101,0.025,0.111,,0.046,0.192,,,,,,,,0.258,,0.094,0.755,,,0.024,,0.093,,0.099,0.168,0.094,0.161,0.152,0.363,0.595,0.337,0.184,0.155,0.132,,0.591,,,,,,,,0.195,0.204,0.12,0.143,0.39,,,,,0.116,0.393,0.587,,,0.513,0.598,,0.14,0.158,0.197,0.641,0.638,0.16,0.139,0.628,0.19,,,0.23,,,,,0.165,,,,0.164,,0.106,,0.172,0.113,0.117,0.101,,,,0.431,0.097,,,0.127,0.118
162,14037360,,0.568,0.57,,,,0.189,,,,,0.072,0.217,,0.221,0.159,,0.155,,,,,,,,0.409,,0.412,0.18,,,0.092,,0.36,0.271,,,,0.1,0.126,0.169,,,,0.081,0.474,0.51,0.488,,,,0.241,,0.092,,,,,,0.229,0.165,,,,0.203,0.172,0.053,0.123,,,,0.097,0.166,0.157,,0.345,,,,,,0.092,,,,,0.141,0.071,0.445,0.609,0.036,0.101,0.432,0.301,0.503,0.071,0.176,0.126,,,0.188,,,0.1,0.029,0.036,,0.045,0.192,,,,,,,,0.242,,0.094,0.753,,,0.024,,0.095,,0.099,0.168,0.094,0.161,0.152,0.363,0.594,0.341,0.181,0.155,0.133,,0.593,,,,,,,,0.193,0.209,0.12,0.143,0.388,,,,,0.116,0.393,0.587,,,0.514,0.598,,0.14,0.158,0.197,0.641,0.638,0.16,0.139,0.618,0.188,,,0.23,,,,,0.166,,,,0.164,,0.105,,0.171,0.113,0.117,0.103,,,,0.432,0.088,,,0.127,0.118
162,14037420,,0.568,0.57,,,,0.189,,,,,0.072,0.236,,0.221,0.154,,0.155,,,,,,,,0.507,,0.428,0.181,,,0.092,,0.359,0.268,,,,0.101,0.125,0.17,,,,0.082,0.475,0.51,0.488,,,,0.241,,0.093,,,,,,0.231,0.165,,,,0.203,0.172,0.053,0.123,,,,0.099,0.165,0.157,,0.343,,,,,,0.093,,,,,0.142,0.07,0.423,0.599,0.036,0.101,0.435,0.295,0.499,0.071,0.177,0.126,,,0.188,,,0.101,0.025,0.016,,0.046,0.192,,,,,,,,0.246,,0.094,0.76,,,0.024,,0.094,,0.1,0.168,0.093,0.161,0.153,0.363,0.592,0.328,0.178,0.155,0.134,,0.595,,,,,,,,0.191,0.205,0.12,0.143,0.387,,,,,0.116,0.393,0.587,,,0.514,0.598,,0.14,0.158,0.197,0.641,0.638,0.16,0.139,0.62,0.187,,,0.228,,,,,0.164,,,,0.164,,0.105,,0.17,0.113,0.118,0.103,,,,0.431,0.088,,,0.127,0.118
162,14037480,,0.569,0.57,,,,0.189,,,,,0.175,0.242,,0.22,0.134,,0.155,,,,,,,,0.507,,0.418,0.181,,,0.092,,0.36,0.271,,,,0.1,0.126,0.169,,,,0.081,0.463,0.51,0.488,,,,0.241,,0.093,,,,,,0.217,0.165,,,,0.203,0.172,0.053,0.124,,,,0.099,0.165,0.156,,0.343,,,,,,0.094,,,,,0.14,0.07,0.424,0.61,0.036,0.101,0.436,0.293,0.497,0.071,0.174,0.124,,,0.188,,,0.101,0.027,0.032,,0.059,0.192,,,,,,,,0.242,,0.094,0.748,,,0.024,,0.093,,0.101,0.167,0.093,0.162,0.156,0.363,0.594,0.333,0.185,0.156,0.133,,0.596,,,,,,,,0.188,0.203,0.12,0.143,0.385,,,,,0.116,0.393,0.587,,,0.514,0.598,,0.141,0.159,0.197,0.641,0.638,0.16,0.139,0.626,0.186,,,0.228,,,,,0.166,,,,0.164,,0.104,,0.164,0.113,0.116,0.099,,,,0.431,0.097,,,0.127,0.118
162,14037540,,0.568,0.57,,,,0.189,,,,,0.072,0.238,,0.221,0.149,,0.155,,,,,,,,0.511,,0.411,0.181,,,0.091,,0.36,0.27,,,,0.101,0.125,0.178,,,,0.08,0.461,0.51,0.488,,,,0.241,,0.092,,,,,,0.226,0.165,,,,0.203,0.172,0.053,0.122,,,,0.1,0.165,0.157,,0.347,,,,,,0.093,,,,,0.137,0.071,0.432,0.614,0.036,0.101,0.44,0.298,0.503,0.071,0.175,0.126,,,0.188,,,0.101,0.023,0.022,,0.099,0.193,,,,,,,,0.234,,0.093,0.75,,,0.026,,0.093,,0.099,0.167,0.093,0.161,0.153,0.363,0.599,0.342,0.184,0.155,0.133,,0.596,,,,,,,,0.185,0.205,0.12,0.143,0.386,,,,,0.116,0.392,0.587,,,0.514,0.598,,0.141,0.158,0.197,0.641,0.638,0.16,0.139,0.633,0.186,,,0.228,,,,,0.167,,,,0.164,,0.105,,0.131,0.113,0.117,0.095,,,,0.432,0.098,,,0.127,0.118
162,14037600,,0.568,0.57,,,,0.189,,,,,0.071,0.233,,0.221,0.156,,0.155,,,,,,,,0.509,,0.417,0.182,,,0.092,,0.362,0.269,,,,0.101,0.125,0.169,,,,0.08,0.381,0.51,0.489,,,,0.241,,0.093,,,,,,0.22,0.165,,,,0.203,0.171,0.053,0.123,,,,0.098,0.166,0.157,,0.353,,,,,,0.092,,,,,0.141,0.071,0.446,0.618,0.036,0.101,0.438,0.299,0.501,0.071,0.177,0.127,,,0.188,,,0.099,0.016,0.018,,0.047,0.192,,,,,,,,0.246,,0.093,0.746,,,0.025,,0.094,,0.099,0.168,0.093,0.161,0.152,0.363,0.596,0.327,0.183,0.154,0.134,,0.597,,,,,,,,0.187,0.207,0.12,0.143,0.389,,,,,0.116,0.392,0.587,,,0.515,0.599,,0.14,0.158,0.197,0.641,0.638,0.16,0.139,0.627,0.188,,,0.228,,,,,0.165,,,,0.164,,0.106,,0.148,0.114,0.116,0.094,,,,0.433,0.095,,,0.127,0.118
162,14037660,,0.568,0.57,,,,0.189,,,,,0.074,0.244,,0.221,0.156,,0.155,,,,,,,,0.509,,0.408,0.183,,,0.094,,0.365,0.268,,,,0.101,0.125,0.169,,,,0.081,0.434,0.51,0.488,,,,0.241,,0.093,,,,,,0.222,0.165,,,,0.203,0.171,0.053,0.123,,,,0.096,0.166,0.157,,0.348,,,,,,0.092,,,,,0.139,0.071,0.454,0.605,0.036,0.101,0.448,0.295,0.508,0.071,0.176,0.126,,,0.188,,,0.1,0.018,0.014,,0.047,0.192,,,,,,,,0.241,,0.093,0.746,,,0.025,,0.093,,0.1,0.168,0.092,0.161,0.152,0.363,0.597,0.326,0.182,0.155,0.133,,0.597,,,,,,,,0.184,0.205,0.12,0.143,0.39,,,,,0.116,0.392,0.587,,,0.515,0.599,,0.141,0.158,0.197,0.641,0.638,0.16,0.139,0.616,0.188,,,0.224,,,,,0.166,,,,0.164,,0.105,,0.16,0.113,0.116,0.094,,,,0.432,0.095,,,0.127,0.117
162,14037720,,0.568,0.57,,,,0.189,,,,,0.083,0.228,,0.221,0.136,,0.155,,,,,,,,0.508,,0.411,0.183,,,0.093,,0.367,0.269,,,,0.101,0.125,0.17,,,,0.083,0.437,0.51,0.488,,,,0.241,,0.092,,,,,,0.213,0.165,,,,0.203,0.171,0.053,0.124,,,,0.099,0.165,0.156,,0.344,,,,,,0.093,,,,,0.138,0.071,0.416,0.606,0.036,0.101,0.454,0.296,0.499,0.071,0.174,0.125,,,0.188,,,0.101,0.021,0.014,,0.096,0.192,,,,,,,,0.24,,0.093,0.753,,,0.025,,0.093,,0.101,0.168,0.092,0.162,0.153,0.363,0.599,0.336,0.184,0.156,0.134,,0.597,,,,,,,,0.182,0.208,0.12,0.143,0.388,,,,,0.116,0.392,0.586,,,0.515,0.599,,0.14,0.158,0.197,0.641,0.638,0.16,0.139,0.616,0.188,,,0.223,,,,,0.167,,,,0.163,,0.105,,0.175,0.113,0.116,0.095,,,,0.432,0.094,,,0.127,0.117
162,14037780,,0.569,0.57,,,,0.189,,,,,0.078,0.243,,0.221,0.123,,0.155,,,,,,,,0.508,,0.406,0.182,,,0.093,,0.369,0.27,,,,0.101,0.125,0.171,,,,0.084,0.439,0.51,0.489,,,,0.241,,0.093,,,,,,0.206,0.165,,,,0.203,0.171,0.053,0.123,,,,0.1,0.166,0.156,,0.345,,,,,,0.091,,,,,0.135,0.071,0.405,0.606,0.036,0.101,0.442,0.291,0.493,0.071,0.175,0.127,,,0.188,,,0.1,0.07,0.016,,0.047,0.193,,,,,,,,0.242,,0.094,0.749,,,0.025,,0.093,,0.1,0.168,0.093,0.162,0.15,0.363,0.599,0.347,0.181,0.155,0.134,,0.598,,,,,,,,0.181,0.203,0.12,0.143,0.383,,,,,0.116,0.389,0.586,,,0.515,0.599,,0.141,0.158,0.197,0.641,0.638,0.16,0.139,0.606,0.189,,,0.222,,,,,0.167,,,,0.163,,0.105,,0.191,0.113,0.116,0.094,,,,0.429,0.095,,,0.127,0.117
162,14037840,,0.569,0.57,,,,0.189,,,,,0.095,0.235,,0.221,0.14,,0.155,,,,,,,,0.508,,0.41,0.183,,,0.092,,0.371,0.27,,,,0.101,0.124,0.17,,,,0.083,0.442,0.51,0.489,,,,0.241,,0.093,,,,,,0.223,0.165,,,,0.203,0.173,0.053,0.123,,,,0.097,0.165,0.156,,0.346,,,,,,0.092,,,,,0.135,0.071,0.412,0.601,0.036,0.101,0.457,0.29,0.5,0.071,0.174,0.127,,,0.188,,,0.101,0.066,0.093,,0.047,0.193,,,,,,,,0.252,,0.094,0.754,,,0.026,,0.092,,0.123,0.168,0.092,0.162,0.15,0.363,0.596,0.342,0.185,0.156,0.134,,0.598,,,,,,,,0.179,0.205,0.12,0.143,0.388,,,,,0.116,0.389,0.587,,,0.515,0.599,,0.14,0.158,0.197,0.641,0.638,0.16,0.139,0.605,0.188,,,0.221,,,,,0.166,,,,0.163,,0.105,,0.2,0.113,0.117,0.094,,,,0.432,0.094,,,0.127,0.117
162,14037900,,0.569,0.57,,,,0.189,,,,,0.075,0.238,,0.221,0.15,,0.155,,,,,,,,0.508,,0.415,0.183,,,0.092,,0.373,0.269,,,,0.102,0.126,0.17,,,,0.083,0.458,0.511,0.489,,,,0.241,,0.094,,,,,,0.228,0.165,,,,0.203,0.172,0.053,0.123,,,,0.099,0.165,0.156,,0.346,,,,,,0.093,,,,,0.138,0.071,0.413,0.606,0.036,0.101,0.444,0.294,0.504,0.071,0.175,0.127,,,0.188,,,0.1,0.029,0.017,,0.047,0.192,,,,,,,,0.25,,0.093,0.758,,,0.025,,0.093,,0.124,0.168,0.093,0.162,0.149,0.363,0.594,0.349,0.183,0.156,0.134,,0.598,,,,,,,,0.177,0.204,0.12,0.143,0.387,,,,,0.116,0.389,0.587,,,0.515,0.599,,0.14,0.159,0.197,0.641,0.638,0.16,0.139,0.606,0.189,,,0.217,,,,,0.166,,,,0.163,,0.106,,0.208,0.114,0.116,0.095,,,,0.432,0.094,,,0.127,0.117
162,14037960,,0.568,0.57,,,,0.189,,,,,0.073,0.238,,0.221,0.126,,0.155,,,,,,,,0.508,,0.418,0.183,,,0.092,,0.375,0.268,,,,0.102,0.128,0.171,,,,0.081,0.458,0.511,0.488,,,,0.241,,0.092,,,,,,0.25,0.165,,,,0.203,0.172,0.053,0.124,,,,0.099,0.165,0.158,,0.343,,,,,,0.093,,,,,0.139,0.071,0.435,0.609,0.036,0.101,0.442,0.293,0.497,0.071,0.175,0.127,,,0.188,,,0.101,0.03,0.039,,0.047,0.192,,,,,,,,0.251,,0.093,0.757,,,0.025,,0.093,,0.123,0.169,0.092,0.161,0.15,0.363,0.602,0.363,0.182,0.156,0.135,,0.598,,,,,,,,0.176,0.209,0.119,0.143,0.386,,,,,0.116,0.389,0.586,,,0.515,0.6,,0.141,0.159,0.197,0.641,0.638,0.16,0.139,0.609,0.189,,,0.213,,,,,0.166,,,,0.163,,0.106,,0.216,0.113,0.116,0.11,,,,0.432,0.093,,,0.127,0.117
162,14038020,,0.568,0.57,,,,0.189,,,,,0.079,0.235,,0.221,0.115,,0.155,,,,,,,,0.508,,0.428,0.183,,,0.093,,0.377,0.267,,,,0.102,0.127,0.171,,,,0.08,0.46,0.51,0.488,,,,0.241,,0.092,,,,,,0.236,0.165,,,,0.203,0.172,0.053,0.123,,,,0.098,0.165,0.156,,0.342,,,,,,0.092,,,,,0.135,0.07,0.477,0.607,0.036,0.101,0.456,0.286,0.498,0.071,0.174,0.125,,,0.188,,,0.1,0.027,0.017,,0.049,0.192,,,,,,,,0.234,,0.094,0.753,,,0.025,,0.094,,0.123,0.168,0.091,0.161,0.15,0.363,0.589,0.345,0.186,0.156,0.134,,0.599,,,,,,,,0.175,0.2,0.119,0.143,0.384,,,,,0.116,0.389,0.587,,,0.515,0.6,,0.14,0.159,0.197,0.641,0.638,0.16,0.139,0.611,0.187,,,0.212,,,,,0.168,,,,0.164,,0.106,,0.224,0.114,0.116,0.107,,,,0.43,0.092,,,0.127,0.117
162,14038080,,0.568,0.571,,,,0.189,,,,,0.075,0.235,,0.221,0.127,,0.155,,,,,,,,0.508,,0.421,0.183,,,0.094,,0.375,0.268,,,,0.101,0.126,0.17,,,,0.08,0.461,0.51,0.488,,,,0.241,,0.093,,,,,,0.219,0.165,,,,0.203,0.172,0.053,0.123,,,,0.097,0.166,0.156,,0.341,,,,,,0.093,,,,,0.133,0.07,0.473,0.605,0.036,0.101,0.457,0.285,0.504,0.071,0.173,0.126,,,0.188,,,0.1,0.025,0.017,,0.081,0.192,,,,,,,,0.243,,0.094,0.752,,,0.025,,0.093,,0.124,0.168,0.091,0.162,0.147,0.363,0.594,0.34,0.183,0.156,0.133,,0.599,,,,,,,,0.173,0.205,0.119,0.143,0.387,,,,,0.116,0.389,0.587,,,0.515,0.6,,0.14,0.159,0.197,0.641,0.638,0.16,0.139,0.623,0.185,,,0.21,,,,,0.167,,,,0.164,,0.106,,0.234,0.114,0.116,0.104,,,,0.429,0.091,,,0.127,0.117
162,14038140,,0.568,0.57,,,,0.189,,,,,0.075,0.251,,0.221,0.125,,0.155,,,,,,,,0.507,,0.424,0.183,,,0.092,,0.384,0.272,,,,0.101,0.126,0.17,,,,0.081,0.462,0.511,0.489,,,,0.241,,0.094,,,,,,0.221,0.165,,,,0.203,0.172,0.054,0.124,,,,0.099,0.166,0.156,,0.341,,,,,,0.092,,,,,0.136,0.071,0.475,0.608,0.036,0.101,0.459,0.287,0.499,0.071,0.173,0.128,,,0.188,,,0.1,0.029,0.017,,0.093,0.192,,,,,,,,0.239,,0.093,0.752,,,0.025,,0.093,,0.101,0.169,0.092,0.162,0.147,0.363,0.593,0.352,0.187,0.156,0.134,,0.599,,,,,,,,0.173,0.204,0.118,0.143,0.386,,,,,0.116,0.389,0.587,,,0.515,0.6,,0.14,0.159,0.198,0.641,0.638,0.16,0.139,0.624,0.185,,,0.216,,,,,0.168,,,,0.164,,0.105,,0.238,0.114,0.116,0.096,,,,0.428,0.083,,,0.127,0.117
162,14038200,,0.568,0.57,,,,0.189,,,,,0.076,0.243,,0.222,0.12,,0.155,,,,,,,,0.51,,0.422,0.183,,,0.092,,0.388,0.269,,,,0.101,0.126,0.17,,,,0.082,0.471,0.511,0.489,,,,0.241,,0.092,,,,,,0.229,0.165,,,,0.203,0.172,0.054,0.124,,,,0.099,0.166,0.157,,0.346,,,,,,0.092,,,,,0.135,0.071,0.486,0.613,0.036,0.101,0.462,0.286,0.508,0.071,0.175,0.125,,,0.188,,,0.101,0.038,0.065,,0.108,0.193,,,,,,,,0.246,,0.094,0.747,,,0.025,,0.094,,0.102,0.169,0.092,0.162,0.147,0.363,0.601,0.344,0.18,0.157,0.134,,0.599,,,,,,,,0.191,0.209,0.118,0.143,0.388,,,,,0.118,0.389,0.586,,,0.515,0.6,,0.141,0.159,0.198,0.641,0.638,0.16,0.139,0.617,0.183,,,0.216,,,,,0.166,,,,0.166,,0.105,,0.154,0.114,0.116,0.1,,,,0.429,0.086,,,0.127,0.117
162,14038260,,0.568,0.57,,,,0.189,,,,,0.081,0.243,,0.221,0.134,,0.155,,,,,,,,0.508,,0.42,0.183,,,0.093,,0.385,0.269,,,,0.102,0.126,0.171,,,,0.081,0.472,0.511,0.488,,,,0.241,,0.093,,,,,,0.227,0.165,,,,0.203,0.172,0.054,0.123,,,,0.1,0.165,0.157,,0.353,,,,,,0.092,,,,,0.134,0.071,0.491,0.607,0.036,0.101,0.448,0.29,0.509,0.071,0.175,0.125,,,0.189,,,0.1,0.036,0.078,,0.047,0.193,,,,,,,,0.268,,0.094,0.752,,,0.025,,0.094,,0.101,0.168,0.093,0.161,0.147,0.363,0.595,0.34,0.184,0.156,0.134,,0.599,,,,,,,,0.192,0.207,0.118,0.143,0.387,,,,,0.118,0.388,0.586,,,0.515,0.6,,0.141,0.159,0.198,0.641,0.638,0.16,0.139,0.609,0.182,,,0.219,,,,,0.167,,,,0.165,,0.105,,0.189,0.115,0.117,0.099,,,,0.432,0.088,,,0.127,0.117
162,14038320,,0.568,0.571,,,,0.189,,,,,0.079,0.24,,0.221,0.155,,0.155,,,,,,,,0.509,,0.426,0.184,,,0.092,,0.379,0.268,,,,0.102,0.125,0.172,,,,0.08,0.472,0.51,0.489,,,,0.241,,0.093,,,,,,0.214,0.165,,,,0.203,0.173,0.054,0.123,,,,0.106,0.166,0.156,,0.358,,,,,,0.093,,,,,0.136,0.071,0.329,0.608,0.036,0.101,0.45,0.293,0.514,0.071,0.175,0.126,,,0.189,,,0.101,0.023,0.017,,0.047,0.193,,,,,,,,0.248,,0.093,0.759,,,0.025,,0.093,,0.101,0.169,0.094,0.162,0.148,0.363,0.603,0.366,0.184,0.156,0.134,,0.599,,,,,,,,0.182,0.209,0.118,0.143,0.392,,,,,0.116,0.388,0.586,,,0.515,0.6,,0.14,0.159,0.198,0.641,0.638,0.16,0.14,0.606,0.181,,,0.219,,,,,0.167,,,,0.164,,0.105,,0.196,0.113,0.116,0.097,,,,0.431,0.084,,,0.127,0.117
162,14038380,,0.568,0.57,,,,0.189,,,,,0.078,0.234,,0.221,0.159,,0.155,,,,,,,,0.51,,0.42,0.184,,,0.093,,0.381,0.267,,,,0.102,0.126,0.171,,,,0.08,0.472,0.51,0.489,,,,0.241,,0.094,,,,,,0.213,0.166,,,,0.203,0.173,0.055,0.123,,,,0.107,0.166,0.157,,0.357,,,,,,0.094,,,,,0.139,0.071,0.274,0.601,0.036,0.101,0.452,0.294,0.516,0.071,0.175,0.13,,,0.189,,,0.101,0.032,0.017,,0.049,0.192,,,,,,,,0.235,,0.094,0.759,,,0.025,,0.093,,0.102,0.169,0.095,0.162,0.144,0.363,0.609,0.351,0.186,0.157,0.134,,0.599,,,,,,,,0.182,0.207,0.118,0.143,0.392,,,,,0.115,0.386,0.586,,,0.515,0.6,,0.14,0.159,0.197,0.641,0.638,0.16,0.14,0.603,0.181,,,0.218,,,,,0.166,,,,0.164,,0.104,,0.203,0.114,0.115,0.095,,,,0.43,0.086,,,0.127,0.117
162,14038440,,0.568,0.57,,,,0.189,,,,,0.08,0.235,,0.221,0.159,,0.155,,,,,,,,0.51,,0.414,0.184,,,0.094,,0.382,0.267,,,,0.102,0.125,0.171,,,,0.081,0.472,0.51,0.489,,,,0.241,,0.092,,,,,,0.212,0.166,,,,0.203,0.173,0.054,0.123,,,,0.112,0.167,0.157,,0.353,,,,,,0.092,,,,,0.135,0.071,0.322,0.613,0.036,0.101,0.453,0.298,0.508,0.071,0.176,0.129,,,0.189,,,0.102,0.041,0.033,,0.047,0.192,,,,,,,,0.243,,0.094,0.753,,,0.025,,0.094,,0.1,0.168,0.095,0.162,0.144,0.363,0.607,0.354,0.187,0.157,0.133,,0.599,,,,,,,,0.189,0.208,0.118,0.143,0.393,,,,,0.115,0.386,0.586,,,0.515,0.6,,0.144,0.161,0.198,0.641,0.638,0.16,0.14,0.6,0.18,,,0.217,,,,,0.167,,,,0.164,,0.106,,0.232,0.112,0.121,0.095,,,,0.432,0.087,,,0.127,0.117
162,14038500,,0.568,0.57,,,,0.189,,,,,0.085,0.23,,0.22,0.152,,0.155,,,,,,,,0.509,,0.417,0.183,,,0.094,,0.383,0.269,,,,0.102,0.125,0.17,,,,0.082,0.47,0.51,0.489,,,,0.241,,0.091,,,,,,0.213,0.166,,,,0.203,0.173,0.054,0.123,,,,0.107,0.167,0.157,,0.355,,,,,,0.092,,,,,0.139,0.071,0.337,0.605,0.036,0.101,0.461,0.296,0.508,0.071,0.174,0.126,,,0.189,,,0.1,0.043,0.091,,0.062,0.192,,,,,,,,0.24,,0.094,0.76,,,0.025,,0.094,,0.101,0.168,0.094,0.161,0.145,0.363,0.61,0.353,0.186,0.157,0.134,,0.599,,,,,,,,0.193,0.209,0.118,0.143,0.391,,,,,0.116,0.386,0.586,,,0.515,0.6,,0.141,0.16,0.198,0.641,0.638,0.16,0.14,0.606,0.179,,,0.218,,,,,0.165,,,,0.164,,0.106,,0.231,0.114,0.126,0.094,,,,0.432,0.086,,,0.127,0.117
162,14038560,,0.569,0.571,,,,0.189,,,,,0.083,0.239,,0.22,0.133,,0.155,,,,,,,,0.509,,0.416,0.184,,,0.092,,0.384,0.272,,,,0.101,0.125,0.171,,,,0.08,0.47,0.511,0.489,,,,0.241,,0.092,,,,,,0.21,0.166,,,,0.203,0.172,0.054,0.123,,,,0.108,0.167,0.157,,0.351,,,,,,0.092,,,,,0.14,0.072,0.322,0.621,0.036,0.101,0.456,0.296,0.511,0.071,0.176,0.126,,,0.189,,,0.101,0.044,0.017,,0.047,0.192,,,,,,,,0.251,,0.093,0.759,,,0.025,,0.093,,0.102,0.168,0.093,0.161,0.146,0.363,0.605,0.337,0.184,0.157,0.134,,0.599,,,,,,,,0.195,0.207,0.118,0.143,0.387,,,,,0.116,0.386,0.586,,,0.516,0.6,,0.14,0.16,0.198,0.641,0.638,0.16,0.14,0.613,0.179,,,0.216,,,,,0.167,,,,0.164,,0.105,,0.23,0.114,0.129,0.097,,,,0.433,0.088,,,0.127,0.117
162,14038620,,0.569,0.571,,,,0.189,,,,,0.084,0.234,,0.22,0.158,,0.155,,,,,,,,0.51,,0.418,0.184,,,0.092,,0.383,0.273,,,,0.101,0.126,0.171,,,,0.08,0.47,0.511,0.489,,,,0.241,,0.093,,,,,,0.216,0.166,,,,0.203,0.172,0.054,0.123,,,,0.1,0.166,0.157,,0.349,,,,,,0.093,,,,,0.138,0.072,0.322,0.62,0.036,0.101,0.458,0.297,0.518,0.071,0.177,0.127,,,0.189,,,0.102,0.028,0.017,,0.064,0.192,,,,,,,,0.248,,0.093,0.761,,,0.025,,0.093,,0.102,0.168,0.094,0.161,0.147,0.363,0.61,0.388,0.188,0.157,0.133,,0.599,,,,,,,,0.189,0.211,0.118,0.143,0.389,,,,,0.115,0.385,0.587,,,0.516,0.6,,0.14,0.159,0.197,0.641,0.638,0.16,0.14,0.624,0.177,,,0.211,,,,,0.166,,,,0.164,,0.105,,0.226,0.112,0.109,0.103,,,,0.431,0.09,,,0.127,0.116
162,14038680,,0.569,0.571,,,,0.189,,,,,0.08,0.234,,0.221,0.162,,0.155,,,,,,,,0.512,,0.438,0.185,,,0.093,,0.384,0.271,,,,0.101,0.126,0.171,,,,0.08,0.471,0.511,0.489,,,,0.241,,0.091,,,,,,0.219,0.166,,,,0.203,0.17,0.054,0.123,,,,0.094,0.166,0.157,,0.351,,,,,,0.093,,,,,0.141,0.072,0.428,0.621,0.037,0.101,0.46,0.299,0.517,0.071,0.176,0.126,,,0.189,,,0.102,0.03,0.017,,0.062,0.193,,,,,,,,0.249,,0.092,0.764,,,0.025,,0.094,,0.102,0.168,0.093,0.161,0.148,0.363,0.612,0.405,0.186,0.156,0.134,,0.599,,,,,,,,0.185,0.21,0.118,0.143,0.393,,,,,0.115,0.385,0.587,,,0.516,0.6,,0.14,0.159,0.198,0.641,0.638,0.16,0.14,0.624,0.176,,,0.212,,,,,0.168,,,,0.163,,0.105,,0.222,0.113,0.111,0.105,,,,0.431,0.083,,,0.127,0.116
162,14038740,,0.568,0.571,,,,0.189,,,,,0.091,0.229,,0.22,0.149,,0.155,,,,,,,,0.513,,0.406,0.184,,,0.093,,0.381,0.269,,,,0.101,0.126,0.172,,,,0.08,0.471,0.511,0.489,,,,0.241,,0.092,,,,,,0.221,0.166,,,,0.203,0.169,0.054,0.123,,,,0.098,0.166,0.157,,0.353,,,,,,0.092,,,,,0.14,0.071,0.437,0.62,0.037,0.101,0.457,0.298,0.51,0.071,0.179,0.127,,,0.189,,,0.102,0.029,0.017,,0.046,0.193,,,,,,,,0.246,,0.093,0.763,,,0.025,,0.095,,0.101,0.17,0.092,0.161,0.148,0.363,0.61,0.355,0.188,0.157,0.134,,0.599,,,,,,,,0.184,0.207,0.118,0.143,0.392,,,,,0.115,0.385,0.587,,,0.516,0.6,,0.139,0.159,0.198,0.641,0.638,0.16,0.139,0.613,0.18,,,0.216,,,,,0.167,,,,0.164,,0.105,,0.142,0.114,0.113,0.1,,,,0.431,0.082,,,0.127,0.116
162,14038800,,0.568,0.571,,,,0.189,,,,,0.082,0.214,,0.22,0.142,,0.155,,,,,,,,0.512,,0.404,0.191,,,0.093,,0.38,0.271,,,,0.101,0.125,0.172,,,,0.08,0.471,0.511,0.49,,,,0.241,,0.092,,,,,,0.216,0.166,,,,0.203,0.17,0.054,0.123,,,,0.095,0.166,0.157,,0.351,,,,,,0.093,,,,,0.139,0.071,0.444,0.621,0.036,0.101,0.462,0.297,0.502,0.071,0.174,0.126,,,0.189,,,0.1,0.026,0.016,,0.046,0.193,,,,,,,,0.236,,0.093,0.76,,,0.025,,0.093,,0.102,0.169,0.092,0.162,0.148,0.363,0.603,0.345,0.186,0.156,0.134,,0.6,,,,,,,,0.184,0.203,0.118,0.143,0.39,,,,,0.116,0.384,0.587,,,0.516,0.6,,0.14,0.159,0.198,0.641,0.638,0.16,0.139,0.604,0.184,,,0.216,,,,,0.167,,,,0.164,,0.105,,0.167,0.113,0.114,0.098,,,,0.431,0.089,,,0.127,0.116
162,14038860,,0.568,0.571,,,,0.189,,,,,0.083,0.226,,0.221,0.117,,0.155,,,,,,,,0.513,,0.405,0.191,,,0.09,,0.38,0.27,,,,0.101,0.125,0.172,,,,0.079,0.471,0.511,0.49,,,,0.241,,0.091,,,,,,0.215,0.166,,,,0.203,0.17,0.054,0.124,,,,0.097,0.166,0.157,,0.353,,,,,,0.093,,,,,0.136,0.071,0.447,0.604,0.037,0.101,0.452,0.296,0.503,0.071,0.174,0.126,,,0.189,,,0.101,0.052,0.096,,0.046,0.193,,,,,,,,0.253,,0.093,0.759,,,0.025,,0.094,,0.102,0.169,0.093,0.162,0.149,0.363,0.612,0.359,0.186,0.156,0.133,,0.6,,,,,,,,0.182,0.202,0.118,0.143,0.389,,,,,0.116,0.383,0.587,,,0.517,0.6,,0.14,0.159,0.198,0.641,0.638,0.16,0.139,0.606,0.185,,,0.221,,,,,0.166,,,,0.164,,0.105,,0.172,0.113,0.113,0.096,,,,0.431,0.088,,,0.127,0.116
162,14038920,,0.568,0.571,,,,0.189,,,,,0.084,0.217,,0.221,0.113,,0.155,,,,,,,,0.513,,0.413,0.191,,,0.091,,0.379,0.271,,,,0.1,0.125,0.173,,,,0.079,0.471,0.511,0.489,,,,0.241,,0.091,,,,,,0.217,0.166,,,,0.203,0.17,0.054,0.123,,,,0.099,0.166,0.157,,0.348,,,,,,0.093,,,,,0.137,0.071,0.44,0.623,0.037,0.101,0.46,0.295,0.502,0.071,0.176,0.126,,,0.189,,,0.102,0.058,0.086,,0.064,0.192,,,,,,,,0.248,,0.093,0.761,,,0.025,,0.094,,0.101,0.17,0.093,0.162,0.149,0.363,0.605,0.358,0.186,0.157,0.133,,0.599,,,,,,,,0.181,0.2,0.118,0.143,0.386,,,,,0.116,0.383,0.587,,,0.516,0.6,,0.141,0.159,0.198,0.641,0.638,0.16,0.139,0.612,0.192,,,0.225,,,,,0.166,,,,0.163,,0.105,,0.184,0.114,0.113,0.095,,,,0.433,0.09,,,0.127,0.116
162,14038980,,0.568,0.571,,,,0.189,,,,,0.083,0.204,,0.222,0.121,,0.155,,,,,,,,0.513,,0.409,0.192,,,0.094,,0.377,0.27,,,,0.1,0.125,0.172,,,,0.08,0.471,0.511,0.489,,,,0.241,,0.093,,,,,,0.222,0.167,,,,0.203,0.17,0.054,0.123,,,,0.096,0.166,0.156,,0.345,,,,,,0.093,,,,,0.136,0.071,0.43,0.616,0.037,0.101,0.458,0.293,0.51,0.071,0.176,0.125,,,0.189,,,0.101,0.027,0.016,,0.046,0.192,,,,,,,,0.248,,0.092,0.764,,,0.025,,0.093,,0.102,0.169,0.093,0.161,0.149,0.363,0.61,0.345,0.182,0.157,0.133,,0.599,,,,,,,,0.181,0.203,0.118,0.143,0.385,,,,,0.116,0.382,0.587,,,0.516,0.6,,0.139,0.159,0.198,0.641,0.638,0.16,0.139,0.621,0.192,,,0.228,,,,,0.168,,,,0.163,,0.105,,0.237,0.113,0.113,0.095,,,,0.432,0.093,,,0.127,0.116
162,14039040,,0.568,0.571,,,,0.189,,,,,0.118,0.197,,0.221,0.118,,0.155,,,,,,,,0.513,,0.401,0.193,,,0.093,,0.372,0.269,,,,0.101,0.125,0.172,,,,0.08,0.471,0.511,0.489,,,,0.241,,0.093,,,,,,0.219,0.167,,,,0.203,0.17,0.054,0.123,,,,0.097,0.166,0.157,,0.342,,,,,,0.093,,,,,0.135,0.071,0.432,0.612,0.037,0.101,0.458,0.288,0.518,0.071,0.176,0.125,,,0.189,,,0.102,0.025,0.017,,0.075,0.192,,,,,,,,0.254,,0.092,0.752,,,0.025,,0.093,,0.102,0.168,0.092,0.161,0.148,0.363,0.611,0.355,0.183,0.156,0.134,,0.6,,,,,,,,0.18,0.2,0.118,0.143,0.384,,,,,0.115,0.382,0.587,,,0.516,0.6,,0.14,0.158,0.198,0.641,0.638,0.16,0.139,0.633,0.195,,,0.234,,,,,0.167,,,,0.166,,0.105,,0.248,0.113,0.115,0.096,,,,0.432,0.085,,,0.127,0.116
162,14039100,,0.568,0.571,,,,0.189,,,,,0.083,0.203,,0.221,0.117,,0.155,,,,,,,,0.514,,0.411,0.193,,,0.119,,0.371,0.27,,,,0.101,0.126,0.173,,,,0.08,0.474,0.511,0.49,,,,0.241,,0.093,,,,,,0.227,0.167,,,,0.203,0.17,0.055,0.124,,,,0.097,0.166,0.157,,0.347,,,,,,0.093,,,,,0.138,0.071,0.445,0.614,0.037,0.101,0.448,0.299,0.513,0.071,0.177,0.128,,,0.189,,,0.102,0.029,0.016,,0.094,0.192,,,,,,,,0.248,,0.093,0.752,,,0.025,,0.094,,0.102,0.169,0.093,0.162,0.148,0.363,0.608,0.365,0.184,0.156,0.134,,0.6,,,,,,,,0.179,0.201,0.117,0.143,0.386,,,,,0.115,0.382,0.587,,,0.516,0.6,,0.139,0.159,0.198,0.641,0.638,0.16,0.139,0.629,0.196,,,0.236,,,,,0.166,,,,0.167,,0.105,,0.243,0.112,0.112,0.103,,,,0.433,0.091,,,0.127,0.116
162,14039160,,0.568,0.571,,,,0.189,,,,,0.083,0.21,,0.221,0.142,,0.155,,,,,,,,0.514,,0.422,0.192,,,0.125,,0.372,0.27,,,,0.101,0.129,0.172,,,,0.08,0.474,0.511,0.49,,,,0.241,,0.092,,,,,,0.256,0.167,,,,0.203,0.17,0.055,0.123,,,,0.097,0.166,0.157,,0.351,,,,,,0.093,,,,,0.141,0.071,0.302,0.613,0.037,0.101,0.454,0.302,0.511,0.071,0.176,0.126,,,0.189,,,0.102,0.034,0.031,,0.049,0.192,,,,,,,,0.241,,0.093,0.758,,,0.025,,0.094,,0.102,0.169,0.093,0.162,0.148,0.363,0.618,0.362,0.183,0.156,0.134,,0.6,,,,,,,,0.178,0.205,0.117,0.143,0.389,,,,,0.115,0.382,0.587,,,0.517,0.6,,0.14,0.159,0.198,0.641,0.638,0.16,0.139,0.625,0.194,,,0.23,,,,,0.166,,,,0.165,,0.104,,0.23,0.114,0.113,0.112,,,,0.432,0.083,,,0.127,0.116
162,14039220,,0.568,0.57,,,,0.189,,,,,0.087,0.208,,0.22,0.146,,0.155,,,,,,,,0.514,,0.4,0.192,,,0.129,,0.372,0.269,,,,0.101,0.126,0.171,,,,0.08,0.474,0.512,0.491,,,,0.241,,0.093,,,,,,0.249,0.167,,,,0.203,0.17,0.055,0.123,,,,0.097,0.166,0.157,,0.352,,,,,,0.109,,,,,0.139,0.071,0.401,0.626,0.037,0.101,0.456,0.296,0.509,0.071,0.175,0.127,,,0.189,,,0.101,0.026,0.016,,0.218,0.192,,,,,,,,0.229,,0.093,0.76,,,0.025,,0.093,,0.102,0.169,0.092,0.161,0.148,0.363,0.614,0.353,0.182,0.156,0.134,,0.6,,,,,,,,0.177,0.208,0.117,0.143,0.391,,,,,0.115,0.382,0.587,,,0.517,0.6,,0.14,0.159,0.198,0.641,0.638,0.16,0.139,0.615,0.194,,,0.224,,,,,0.167,,,,0.165,,0.104,,0.216,0.113,0.115,0.11,,,,0.432,0.083,,,0.127,0.116
162,14039280,,0.568,0.57,,,,0.189,,,,,0.083,0.203,,0.22,0.15,,0.155,,,,,,,,0.514,,0.417,0.193,,,0.122,,0.372,0.27,,,,0.101,0.126,0.171,,,,0.08,0.473,0.512,0.492,,,,0.241,,0.092,,,,,,0.236,0.168,,,,0.203,0.171,0.055,0.123,,,,0.097,0.167,0.157,,0.353,,,,,,0.109,,,,,0.141,0.071,0.395,0.621,0.036,0.101,0.464,0.3,0.511,0.071,0.177,0.127,,,0.189,,,0.101,0.034,0.032,,0.038,0.192,,,,,,,,0.233,,0.093,0.759,,,0.025,,0.094,,0.102,0.169,0.092,0.161,0.148,0.363,0.612,0.361,0.179,0.157,0.135,,0.599,,,,,,,,0.175,0.207,0.117,0.143,0.39,,,,,0.115,0.379,0.587,,,0.517,0.6,,0.141,0.159,0.198,0.641,0.638,0.16,0.139,0.609,0.191,,,0.221,,,,,0.168,,,,0.164,,0.104,,0.211,0.113,0.114,0.106,,,,0.43,0.084,,,0.127,0.116
162,14039340,,0.568,0.57,,,,0.189,,,,,0.085,0.217,,0.22,0.145,,0.155,,,,,,,,0.514,,0.408,0.193,,,0.123,,0.373,0.269,,,,0.101,0.126,0.171,,,,0.08,0.473,0.512,0.492,,,,0.241,,0.092,,,,,,0.22,0.168,,,,0.203,0.17,0.055,0.123,,,,0.097,0.167,0.158,,0.355,,,,,,0.11,,,,,0.139,0.071,0.377,0.632,0.036,0.101,0.46,0.297,0.51,0.071,0.175,0.128,,,0.189,,,0.102,0.044,0.026,,0.081,0.192,,,,,,,,0.24,,0.094,0.755,,,0.025,,0.095,,0.103,0.169,0.093,0.161,0.149,0.363,0.618,0.377,0.183,0.157,0.134,,0.6,,,,,,,,0.173,0.211,0.117,0.143,0.39,,,,,0.115,0.379,0.587,,,0.517,0.6,,0.14,0.159,0.199,0.641,0.638,0.16,0.139,0.605,0.19,,,0.22,,,,,0.167,,,,0.164,,0.104,,0.209,0.113,0.114,0.1,,,,0.43,0.088,,,0.127,0.116
162,14039400,,0.568,0.57,,,,0.189,,,,,0.085,0.214,,0.22,0.15,,0.155,,,,,,,,0.515,,0.418,0.193,,,0.127,,0.373,0.267,,,,0.1,0.126,0.172,,,,0.08,0.472,0.512,0.492,,,,0.241,,0.091,,,,,,0.222,0.168,,,,0.203,0.17,0.054,0.123,,,,0.098,0.167,0.157,,0.357,,,,,,0.109,,,,,0.14,0.071,0.42,0.62,0.036,0.101,0.455,0.298,0.526,0.071,0.175,0.129,,,0.189,,,0.102,0.028,0.046,,0.045,0.192,,,,,,,,0.24,,0.094,0.758,,,0.025,,0.094,,0.101,0.17,0.091,0.162,0.148,0.363,0.608,0.361,0.183,0.157,0.134,,0.6,,,,,,,,0.173,0.209,0.117,0.143,0.391,,,,,0.115,0.379,0.587,,,0.517,0.601,,0.14,0.159,0.199,0.641,0.638,0.16,0.14,0.6,0.188,,,0.22,,,,,0.166,,,,0.163,,0.103,,0.165,0.113,0.115,0.097,,,,0.431,0.092,,,0.127,0.116
162,14039460,,0.569,0.57,,,,0.189,,,,,0.091,0.205,,0.22,0.148,,0.155,,,,,,,,0.515,,0.417,0.193,,,0.124,,0.373,0.265,,,,0.1,0.126,0.171,,,,0.08,0.473,0.511,0.493,,,,0.241,,0.092,,,,,,0.22,0.168,,,,0.203,0.17,0.054,0.124,,,,0.097,0.167,0.157,,0.356,,,,,,0.109,,,,,0.141,0.072,0.415,0.627,0.036,0.101,0.459,0.304,0.526,0.071,0.177,0.129,,,0.19,,,0.101,0.024,0.016,,0.045,0.192,,,,,,,,0.244,,0.093,0.761,,,0.025,,0.092,,0.102,0.169,0.092,0.16,0.149,0.363,0.614,0.356,0.182,0.157,0.134,,0.6,,,,,,,,0.172,0.205,0.117,0.143,0.388,,,,,0.115,0.379,0.587,,,0.517,0.601,,0.14,0.16,0.2,0.64,0.638,0.16,0.14,0.599,0.187,,,0.218,,,,,0.166,,,,0.163,,0.104,,0.224,0.112,0.116,0.097,,,,0.432,0.094,,,0.127,0.116
162,14039520,,0.569,0.57,,,,0.189,,,,,0.099,0.204,,0.22,0.157,,0.155,,,,,,,,0.515,,0.413,0.193,,,0.124,,0.373,0.267,,,,0.1,0.126,0.172,,,,0.08,0.472,0.511,0.493,,,,0.241,,0.093,,,,,,0.222,0.168,,,,0.203,0.17,0.054,0.124,,,,0.099,0.167,0.157,,0.355,,,,,,0.11,,,,,0.14,0.071,0.403,0.622,0.036,0.101,0.461,0.299,0.522,0.071,0.176,0.125,,,0.19,,,0.101,0.032,0.032,,0.078,0.193,,,,,,,,0.243,,0.093,0.763,,,0.025,,0.093,,0.103,0.169,0.092,0.161,0.149,0.363,0.616,0.343,0.189,0.157,0.134,,0.6,,,,,,,,0.171,0.205,0.117,0.143,0.39,,,,,0.115,0.379,0.587,,,0.517,0.601,,0.14,0.16,0.2,0.64,0.638,0.16,0.14,0.597,0.186,,,0.221,,,,,0.168,,,,0.164,,0.105,,0.236,0.112,0.114,0.096,,,,0.431,0.093,,,0.127,0.116
162,14039580,,0.569,0.57,,,,0.189,,,,,0.087,0.206,,0.22,0.154,,0.155,,,,,,,,0.52,,0.408,0.193,,,0.127,,0.374,0.272,,,,0.1,0.125,0.171,,,,0.08,0.472,0.512,0.493,,,,0.241,,0.094,,,,,,0.224,0.168,,,,0.203,0.17,0.055,0.124,,,,0.1,0.167,0.157,,0.354,,,,,,0.112,,,,,0.141,0.071,0.411,0.629,0.036,0.101,0.458,0.304,0.519,0.071,0.177,0.129,,,0.19,,,0.101,0.048,0.021,,0.054,0.193,,,,,,,,0.255,,0.094,0.758,,,0.025,,0.094,,0.102,0.169,0.092,0.161,0.149,0.363,0.618,0.367,0.186,0.157,0.134,,0.6,,,,,,,,0.171,0.208,0.117,0.143,0.394,,,,,0.115,0.379,0.587,,,0.517,0.601,,0.14,0.16,0.199,0.641,0.638,0.16,0.14,0.598,0.184,,,0.221,,,,,0.167,,,,0.163,,0.105,,0.243,0.113,0.115,0.094,,,,0.431,0.093,,,0.127,0.116
162,14039640,,0.568,0.57,,,,0.189,,,,,0.086,0.212,,0.22,0.155,,0.155,,,,,,,,0.519,,0.417,0.193,,,0.127,,0.374,0.273,,,,0.1,0.125,0.172,,,,0.08,0.472,0.512,0.458,,,,0.241,,0.092,,,,,,0.219,0.168,,,,0.203,0.171,0.054,0.124,,,,0.098,0.167,0.157,,0.355,,,,,,0.113,,,,,0.14,0.072,0.416,0.625,0.036,0.101,0.464,0.303,0.517,0.071,0.177,0.127,,,0.19,,,0.102,0.048,0.057,,0.048,0.193,,,,,,,,0.246,,0.095,0.755,,,0.025,,0.094,,0.102,0.17,0.091,0.161,0.149,0.363,0.561,0.346,0.182,0.156,0.134,,0.6,,,,,,,,0.168,0.21,0.117,0.143,0.392,,,,,0.115,0.379,0.587,,,0.517,0.601,,0.14,0.159,0.199,0.64,0.638,0.16,0.14,0.594,0.185,,,0.224,,,,,0.163,,,,0.163,,0.105,,0.236,0.112,0.115,0.094,,,,0.43,0.08,,,0.127,0.116
162,14039700,,0.568,0.57,,,,0.189,,,,,0.086,0.218,,0.22,0.152,,0.155,,,,,,,,0.521,,0.416,0.194,,,0.114,,0.374,0.272,,,,0.1,0.125,0.171,,,,0.08,0.472,0.512,0.472,,,,0.241,,0.092,,,,,,0.223,0.168,,,,0.203,0.171,0.054,0.123,,,,0.097,0.167,0.157,,0.354,,,,,,0.113,,,,,0.145,0.072,0.418,0.622,0.037,0.101,0.463,0.301,0.522,0.071,0.176,0.128,,,0.19,,,0.101,0.026,0.015,,0.051,0.193,,,,,,,,0.254,,0.093,0.758,,,0.025,,0.093,,0.103,0.17,0.092,0.16,0.149,0.363,0.554,0.356,0.184,0.157,0.134,,0.602,,,,,,,,0.167,0.209,0.117,0.143,0.391,,,,,0.115,0.378,0.587,,,0.517,0.601,,0.14,0.16,0.2,0.641,0.638,0.16,0.14,0.596,0.188,,,0.221,,,,,0.163,,,,0.164,,0.105,,0.257,0.113,0.115,0.094,,,,0.429,0.081,,,0.127,0.116
162,14039760,,0.568,0.571,,,,0.19,,,,,0.086,0.217,,0.22,0.147,,0.155,,,,,,,,0.519,,0.422,0.195,,,0.092,,0.375,0.27,,,,0.1,0.125,0.171,,,,0.08,0.473,0.512,0.477,,,,0.241,,0.092,,,,,,0.219,0.168,,,,0.203,0.17,0.054,0.124,,,,0.098,0.167,0.157,,0.356,,,,,,0.111,,,,,0.137,0.072,0.419,0.619,0.036,0.101,0.47,0.296,0.512,0.071,0.179,0.128,,,0.19,,,0.102,0.027,0.015,,0.069,0.193,,,,,,,,0.256,,0.094,0.76,,,0.025,,0.093,,0.103,0.17,0.092,0.162,0.149,0.363,0.553,0.349,0.188,0.157,0.135,,0.602,,,,,,,,0.166,0.207,0.117,0.143,0.391,,,,,0.115,0.378,0.587,,,0.517,0.601,,0.141,0.16,0.199,0.641,0.638,0.16,0.139,0.603,0.189,,,0.219,,,,,0.162,,,,0.164,,0.105,,0.25,0.112,0.115,0.095,,,,0.431,0.09,,,0.127,0.116
162,14039820,,0.569,0.571,,,,0.191,,,,,0.086,0.237,,0.22,0.151,,0.155,,,,,,,,0.519,,0.411,0.194,,,0.091,,0.375,0.267,,,,0.1,0.125,0.172,,,,0.08,0.474,0.512,0.478,,,,0.241,,0.092,,,,,,0.219,0.168,,,,0.203,0.171,0.054,0.123,,,,0.097,0.167,0.157,,0.36,,,,,,0.112,,,,,0.144,0.071,0.444,0.627,0.037,0.101,0.462,0.296,0.51,0.071,0.179,0.129,,,0.19,,,0.102,0.028,0.016,,0.068,0.193,,,,,,,,0.243,,0.093,0.748,,,0.025,,0.094,,0.102,0.169,0.092,0.161,0.15,0.363,0.573,0.339,0.183,0.157,0.134,,0.602,,,,,,,,0.165,0.208,0.117,0.143,0.393,,,,,0.115,0.377,0.587,,,0.517,0.601,,0.141,0.16,0.199,0.641,0.638,0.16,0.139,0.61,0.188,,,0.225,,,,,0.162,,,,0.164,,0.105,,0.241,0.112,0.115,0.096,,,,0.431,0.092,,,0.127,0.115
162,14039880,,0.569,0.571,,,,0.191,,,,,0.086,0.236,,0.22,0.134,,0.155,,,,,,,,0.519,,0.412,0.194,,,0.092,,0.375,0.267,,,,0.1,0.125,0.172,,,,0.08,0.474,0.512,0.479,,,,0.241,,0.091,,,,,,0.216,0.168,,,,0.203,0.171,0.054,0.124,,,,0.098,0.167,0.157,,0.358,,,,,,0.09,,,,,0.141,0.073,0.436,0.612,0.037,0.101,0.457,0.298,0.506,0.071,0.176,0.128,,,0.19,,,0.103,0.036,0.016,,0.047,0.193,,,,,,,,0.248,,0.093,0.747,,,0.025,,0.094,,0.102,0.169,0.092,0.16,0.147,0.363,0.572,0.349,0.182,0.157,0.134,,0.602,,,,,,,,0.165,0.209,0.117,0.143,0.392,,,,,0.115,0.377,0.587,,,0.517,0.601,,0.14,0.159,0.198,0.641,0.638,0.16,0.139,0.61,0.187,,,0.229,,,,,0.158,,,,0.164,,0.105,,0.233,0.113,0.115,0.096,,,,0.429,0.094,,,0.127,0.115
162,14039940,,0.569,0.57,,,,0.191,,,,,0.086,0.234,,0.22,0.122,,0.155,,,,,,,,0.52,,0.413,0.195,,,0.094,,0.375,0.268,,,,0.1,0.125,0.172,,,,0.079,0.474,0.512,0.479,,,,0.241,,0.092,,,,,,0.22,0.168,,,,0.203,0.17,0.054,0.123,,,,0.097,0.167,0.158,,0.355,,,,,,0.091,,,,,0.136,0.073,0.28,0.62,0.037,0.102,0.451,0.299,0.519,0.071,0.177,0.127,,,0.19,,,0.102,0.028,0.017,,0.06,0.193,,,,,,,,0.256,,0.094,0.753,,,0.025,,0.092,,0.104,0.17,0.092,0.162,0.146,0.363,0.566,0.347,0.188,0.157,0.134,,0.602,,,,,,,,0.165,0.206,0.116,0.143,0.391,,,,,0.115,0.376,0.587,,,0.518,0.601,,0.14,0.16,0.198,0.641,0.638,0.16,0.139,0.606,0.185,,,0.225,,,,,0.159,,,,0.164,,0.105,,0.228,0.112,0.116,0.097,,,,0.429,0.095,,,0.127,0.116
162,14040000,,0.569,0.57,,,,0.191,,,,,0.086,0.226,,0.22,0.138,,0.155,,,,,,,,0.522,,0.42,0.195,,,0.092,,0.377,0.269,,,,0.102,0.125,0.172,,,,0.079,0.475,0.512,0.479,,,,0.241,,0.093,,,,,,0.237,0.168,,,,0.203,0.17,0.054,0.124,,,,0.098,0.168,0.159,,0.377,,,,,,0.091,,,,,0.147,0.073,0.287,0.627,0.037,0.101,0.463,0.304,0.512,0.071,0.178,0.13,,,0.19,,,0.102,0.039,0.027,,0.048,0.194,,,,,,,,0.249,,0.094,0.753,,,0.025,,0.093,,0.103,0.17,0.093,0.162,0.147,0.363,0.573,0.349,0.184,0.157,0.133,,0.602,,,,,,,,0.193,0.223,0.116,0.143,0.392,,,,,0.116,0.376,0.586,,,0.517,0.602,,0.141,0.16,0.198,0.641,0.638,0.16,0.139,0.593,0.187,,,0.226,,,,,0.159,,,,0.171,,0.105,,0.167,0.112,0.115,0.101,,,,0.431,0.095,,,0.127,0.115
162,14040060,,0.569,0.571,,,,0.191,,,,,0.086,0.231,,0.221,0.146,,0.155,,,,,,,,0.521,,0.422,0.195,,,0.093,,0.377,0.267,,,,0.102,0.125,0.172,,,,0.078,0.475,0.512,0.48,,,,0.241,,0.092,,,,,,0.23,0.168,,,,0.203,0.171,0.054,0.124,,,,0.1,0.167,0.158,,0.376,,,,,,0.093,,,,,0.14,0.072,0.332,0.625,0.037,0.101,0.472,0.298,0.518,0.071,0.178,0.129,,,0.19,,,0.102,0.036,0.05,,0.063,0.194,,,,,,,,0.247,,0.095,0.756,,,0.025,,0.094,,0.103,0.17,0.093,0.161,0.146,0.363,0.569,0.345,0.19,0.157,0.134,,0.602,,,,,,,,0.193,0.208,0.116,0.143,0.393,,,,,0.117,0.376,0.586,,,0.517,0.601,,0.14,0.16,0.198,0.641,0.638,0.16,0.139,0.593,0.186,,,0.224,,,,,0.157,,,,0.167,,0.105,,0.189,0.112,0.115,0.102,,,,0.434,0.08,,,0.127,0.115
162,14040120,,0.569,0.571,,,,0.191,,,,,0.086,0.242,,0.22,0.136,,0.155,,,,,,,,0.521,,0.418,0.195,,,0.093,,0.377,0.269,,,,0.102,0.125,0.173,,,,0.078,0.475,0.512,0.48,,,,0.241,,0.093,,,,,,0.224,0.168,,,,0.203,0.17,0.054,0.124,,,,0.1,0.167,0.157,,0.372,,,,,,0.092,,,,,0.138,0.071,0.335,0.625,0.037,0.101,0.457,0.301,0.492,0.071,0.175,0.13,,,0.19,,,0.101,0.077,0.146,,0.051,0.193,,,,,,,,0.256,,0.093,0.761,,,0.025,,0.094,,0.103,0.17,0.092,0.162,0.148,0.363,0.574,0.358,0.191,0.152,0.133,,0.602,,,,,,,,0.191,0.206,0.116,0.143,0.391,,,,,0.116,0.375,0.586,,,0.517,0.601,,0.14,0.16,0.198,0.641,0.638,0.16,0.139,0.602,0.185,,,0.222,,,,,0.159,,,,0.166,,0.105,,0.181,0.112,0.116,0.1,,,,0.43,0.089,,,0.127,0.115
162,14040180,,0.568,0.571,,,,0.192,,,,,0.117,0.231,,0.22,0.133,,0.155,,,,,,,,0.521,,0.419,0.196,,,0.093,,0.377,0.271,,,,0.102,0.125,0.172,,,,0.078,0.475,0.512,0.48,,,,0.241,,0.093,,,,,,0.226,0.169,,,,0.203,0.171,0.055,0.124,,,,0.125,0.167,0.157,,0.367,,,,,,0.093,,,,,0.14,0.071,0.331,0.618,0.037,0.101,0.452,0.3,0.507,0.071,0.177,0.127,,,0.19,,,0.102,0.036,0.045,,0.075,0.193,,,,,,,,0.249,,0.093,0.758,,,0.025,,0.093,,0.103,0.17,0.093,0.162,0.145,0.363,0.579,0.353,0.191,0.152,0.134,,0.601,,,,,,,,0.189,0.203,0.116,0.143,0.391,,,,,0.116,0.374,0.586,,,0.517,0.601,,0.14,0.16,0.198,0.641,0.638,0.16,0.139,0.608,0.186,,,0.218,,,,,0.157,,,,0.165,,0.104,,0.181,0.112,0.115,0.095,,,,0.429,0.093,,,0.127,0.115
162,14040240,,0.569,0.571,,,,0.193,,,,,0.158,0.234,,0.22,0.125,,0.155,,,,,,,,0.521,,0.423,0.195,,,0.092,,0.377,0.27,,,,0.102,0.125,0.172,,,,0.078,0.476,0.512,0.481,,,,0.241,,0.094,,,,,,0.22,0.169,,,,0.203,0.17,0.055,0.123,,,,0.128,0.167,0.157,,0.363,,,,,,0.093,,,,,0.141,0.071,0.399,0.623,0.037,0.101,0.456,0.296,0.499,0.071,0.178,0.129,,,0.19,,,0.102,0.041,0.027,,0.06,0.193,,,,,,,,0.259,,0.095,0.751,,,0.025,,0.093,,0.103,0.172,0.093,0.162,0.145,0.363,0.572,0.341,0.192,0.153,0.135,,0.602,,,,,,,,0.19,0.203,0.116,0.143,0.391,,,,,0.115,0.374,0.586,,,0.518,0.601,,0.141,0.161,0.198,0.641,0.638,0.16,0.139,0.62,0.188,,,0.217,,,,,0.157,,,,0.165,,0.105,,0.193,0.112,0.114,0.093,,,,0.429,0.093,,,0.127,0.115
162,14040300,,0.569,0.57,,,,0.193,,,,,0.087,0.22,,0.22,0.125,,0.155,,,,,,,,0.521,,0.42,0.196,,,0.093,,0.377,0.271,,,,0.102,0.126,0.173,,,,0.079,0.475,0.512,0.481,,,,0.241,,0.092,,,,,,0.234,0.169,,,,0.203,0.17,0.055,0.123,,,,0.133,0.168,0.16,,0.358,,,,,,0.094,,,,,0.146,0.071,0.411,0.62,0.037,0.101,0.469,0.297,0.5,0.071,0.178,0.129,,,0.194,,,0.102,0.067,0.017,,0.062,0.193,,,,,,,,0.266,,0.094,0.76,,,0.025,,0.094,,0.102,0.172,0.094,0.161,0.151,0.363,0.564,0.358,0.189,0.153,0.134,,0.602,,,,,,,,0.191,0.215,0.116,0.143,0.393,,,,,0.115,0.373,0.587,,,0.518,0.601,,0.141,0.16,0.198,0.641,0.638,0.16,0.139,0.626,0.188,,,0.214,,,,,0.158,,,,0.165,,0.104,,0.176,0.113,0.115,0.098,,,,0.43,0.089,,,0.127,0.115
162,14040360,,0.569,0.571,,,,0.193,,,,,0.086,0.213,,0.22,0.123,,0.155,,,,,,,,0.52,,0.416,0.195,,,0.093,,0.378,0.272,,,,0.102,0.128,0.168,,,,0.079,0.475,0.513,0.481,,,,0.241,,0.092,,,,,,0.253,0.169,,,,0.203,0.171,0.055,0.124,,,,0.135,0.167,0.157,,0.355,,,,,,0.092,,,,,0.138,0.071,0.403,0.629,0.037,0.101,0.471,0.295,0.496,0.071,0.179,0.125,,,0.194,,,0.101,0.07,0.093,,0.048,0.193,,,,,,,,0.267,,0.095,0.759,,,0.025,,0.092,,0.103,0.172,0.093,0.162,0.153,0.363,0.586,0.346,0.185,0.154,0.134,,0.603,,,,,,,,0.192,0.205,0.116,0.143,0.393,,,,,0.115,0.373,0.587,,,0.518,0.601,,0.144,0.16,0.198,0.641,0.638,0.16,0.139,0.637,0.187,,,0.218,,,,,0.159,,,,0.164,,0.105,,0.197,0.113,0.116,0.109,,,,0.43,0.091,,,0.127,0.115
162,14040420,,0.569,0.57,,,,0.193,,,,,0.085,0.195,,0.221,0.145,,0.155,,,,,,,,0.521,,0.412,0.196,,,0.094,,0.378,0.271,,,,0.102,0.126,0.168,,,,0.079,0.475,0.513,0.482,,,,0.241,,0.093,,,,,,0.231,0.169,,,,0.203,0.171,0.055,0.124,,,,0.092,0.167,0.157,,0.356,,,,,,0.093,,,,,0.139,0.071,0.414,0.618,0.037,0.101,0.474,0.299,0.504,0.071,0.176,0.128,,,0.195,,,0.102,0.039,0.061,,0.051,0.193,,,,,,,,0.26,,0.093,0.761,,,0.025,,0.093,,0.103,0.17,0.092,0.162,0.149,0.363,0.585,0.34,0.183,0.152,0.134,,0.603,,,,,,,,0.192,0.205,0.116,0.143,0.393,,,,,0.115,0.373,0.587,,,0.518,0.601,,0.144,0.16,0.198,0.641,0.638,0.16,0.139,0.635,0.185,,,0.219,,,,,0.159,,,,0.164,,0.105,,0.199,0.112,0.116,0.108,,,,0.43,0.091,,,0.127,0.115
162,14040480,,0.569,0.57,,,,0.193,,,,,0.097,0.209,,0.221,0.152,,0.155,,,,,,,,0.522,,0.423,0.196,,,0.092,,0.378,0.27,,,,0.101,0.126,0.166,,,,0.078,0.475,0.513,0.482,,,,0.241,,0.094,,,,,,0.216,0.169,,,,0.203,0.171,0.055,0.124,,,,0.096,0.167,0.157,,0.354,,,,,,0.093,,,,,0.14,0.071,0.439,0.624,0.037,0.101,0.453,0.296,0.496,0.071,0.177,0.126,,,0.195,,,0.102,0.03,0.022,,0.048,0.193,,,,,,,,0.257,,0.094,0.76,,,0.025,,0.093,,0.103,0.17,0.092,0.162,0.15,0.363,0.608,0.341,0.184,0.152,0.133,,0.603,,,,,,,,0.192,0.204,0.116,0.143,0.392,,,,,0.114,0.373,0.587,,,0.518,0.601,,0.144,0.161,0.198,0.64,0.638,0.16,0.139,0.629,0.185,,,0.218,,,,,0.157,,,,0.165,,0.105,,0.23,0.122,0.114,0.105,,,,0.429,0.092,,,0.127,0.115
162,14040540,,0.569,0.57,,,,0.193,,,,,0.116,0.209,,0.221,0.135,,0.155,,,,,,,,0.522,,0.417,0.196,,,0.092,,0.379,0.27,,,,0.101,0.126,0.167,,,,0.078,0.475,0.513,0.482,,,,0.241,,0.092,,,,,,0.217,0.169,,,,0.203,0.171,0.055,0.123,,,,0.1,0.167,0.157,,0.354,,,,,,0.092,,,,,0.14,0.072,0.426,0.621,0.037,0.101,0.471,0.298,0.496,0.071,0.178,0.126,,,0.195,,,0.102,0.026,0.019,,0.048,0.193,,,,,,,,0.253,,0.095,0.759,,,0.025,,0.093,,0.103,0.169,0.092,0.162,0.151,0.363,0.582,0.341,0.188,0.153,0.134,,0.604,,,,,,,,0.193,0.207,0.116,0.143,0.391,,,,,0.115,0.373,0.587,,,0.518,0.602,,0.141,0.161,0.198,0.64,0.638,0.16,0.139,0.627,0.185,,,0.221,,,,,0.157,,,,0.165,,0.105,,0.217,0.122,0.115,0.099,,,,0.427,0.09,,,0.127,0.115
162,14040600,,0.569,0.57,,,,0.193,,,,,0.115,0.233,,0.22,0.117,,0.155,,,,,,,,0.522,,0.415,0.196,,,0.093,,0.379,0.271,,,,0.101,0.125,0.167,,,,0.078,0.476,0.513,0.482,,,,0.241,,0.093,,,,,,0.218,0.169,,,,0.203,0.171,0.055,0.124,,,,0.094,0.167,0.157,,0.351,,,,,,0.093,,,,,0.141,0.072,0.419,0.633,0.037,0.101,0.463,0.297,0.504,0.071,0.178,0.126,,,0.196,,,0.088,0.031,0.017,,0.082,0.193,,,,,,,,0.255,,0.092,0.766,,,0.026,,0.093,,0.103,0.171,0.093,0.163,0.151,0.363,0.572,0.339,0.18,0.152,0.133,,0.604,,,,,,,,0.195,0.205,0.116,0.143,0.39,,,,,0.115,0.372,0.587,,,0.518,0.602,,0.141,0.16,0.198,0.64,0.638,0.16,0.139,0.621,0.187,,,0.224,,,,,0.159,,,,0.165,,0.106,,0.204,0.123,0.115,0.095,,,,0.428,0.086,,,0.127,0.115
162,14040660,,0.569,0.57,,,,0.193,,,,,0.128,0.245,,0.22,0.109,,0.155,,,,,,,,0.522,,0.408,0.197,,,0.093,,0.379,0.272,,,,0.101,0.126,0.167,,,,0.078,0.476,0.513,0.482,,,,0.241,,0.093,,,,,,0.218,0.169,,,,0.203,0.171,0.055,0.124,,,,0.097,0.167,0.157,,0.352,,,,,,0.094,,,,,0.14,0.072,0.429,0.62,0.037,0.101,0.471,0.294,0.498,0.071,0.178,0.128,,,0.196,,,0.09,0.035,0.017,,0.047,0.193,,,,,,,,0.259,,0.094,0.768,,,0.026,,0.093,,0.103,0.17,0.093,0.163,0.15,0.363,0.573,0.339,0.194,0.153,0.134,,0.604,,,,,,,,0.196,0.206,0.116,0.143,0.389,,,,,0.115,0.372,0.587,,,0.518,0.602,,0.141,0.161,0.198,0.64,0.638,0.16,0.139,0.614,0.186,,,0.224,,,,,0.158,,,,0.164,,0.106,,0.192,0.122,0.114,0.095,,,,0.428,0.087,,,0.127,0.117
162,14040720,,0.569,0.571,,,,0.194,,,,,0.122,0.244,,0.22,0.128,,0.155,,,,,,,,0.524,,0.429,0.197,,,0.093,,0.379,0.272,,,,0.101,0.126,0.167,,,,0.079,0.476,0.513,0.482,,,,0.241,,0.093,,,,,,0.226,0.169,,,,0.203,0.171,0.055,0.124,,,,0.1,0.167,0.157,,0.348,,,,,,0.094,,,,,0.14,0.072,0.425,0.63,0.037,0.101,0.452,0.297,0.508,0.071,0.176,0.125,,,0.196,,,0.089,0.064,0.026,,0.124,0.193,,,,,,,,0.266,,0.095,0.766,,,0.026,,0.093,,0.104,0.169,0.094,0.157,0.151,0.363,0.579,0.34,0.183,0.153,0.133,,0.604,,,,,,,,0.194,0.204,0.115,0.143,0.391,,,,,0.115,0.372,0.587,,,0.518,0.602,,0.144,0.161,0.197,0.64,0.638,0.16,0.139,0.605,0.184,,,0.219,,,,,0.159,,,,0.164,,0.105,,0.145,0.123,0.115,0.095,,,,0.429,0.086,,,0.127,0.118
162,14040780,,0.569,0.57,,,,0.195,,,,,0.122,0.247,,0.22,0.12,,0.155,,,,,,,,0.524,,0.433,0.197,,,0.093,,0.379,0.272,,,,0.101,0.125,0.167,,,,0.079,0.475,0.513,0.483,,,,0.241,,0.092,,,,,,0.226,0.169,,,,0.203,0.171,0.055,0.123,,,,0.095,0.167,0.157,,0.351,,,,,,0.093,,,,,0.142,0.071,0.424,0.62,0.037,0.101,0.458,0.297,0.507,0.071,0.176,0.129,,,0.196,,,0.09,0.023,0.017,,0.047,0.193,,,,,,,,0.257,,0.094,0.764,,,0.026,,0.093,,0.102,0.169,0.093,0.158,0.151,0.363,0.557,0.335,0.187,0.153,0.134,,0.603,,,,,,,,0.193,0.209,0.115,0.143,0.391,,,,,0.115,0.371,0.587,,,0.518,0.602,,0.144,0.16,0.197,0.64,0.638,0.16,0.139,0.595,0.183,,,0.216,,,,,0.159,,,,0.164,,0.103,,0.148,0.111,0.116,0.095,,,,0.43,0.083,,,0.127,0.118
162,14040840,,0.568,0.57,,,,0.196,,,,,0.139,0.25,,0.22,0.12,,0.155,,,,,,,,0.524,,0.438,0.197,,,0.094,,0.379,0.271,,,,0.101,0.125,0.166,,,,0.08,0.475,0.513,0.483,,,,0.241,,0.092,,,,,,0.225,0.169,,,,0.203,0.171,0.055,0.122,,,,0.099,0.167,0.157,,0.355,,,,,,0.093,,,,,0.144,0.071,0.402,0.612,0.037,0.101,0.468,0.295,0.491,0.071,0.176,0.127,,,0.196,,,0.09,0.032,0.018,,0.047,0.193,,,,,,,,0.26,,0.094,0.768,,,0.025,,0.094,,0.103,0.17,0.093,0.158,0.149,0.363,0.576,0.337,0.184,0.153,0.133,,0.604,,,,,,,,0.191,0.204,0.115,0.143,0.392,,,,,0.115,0.371,0.586,,,0.518,0.602,,0.144,0.16,0.198,0.64,0.638,0.16,0.139,0.611,0.184,,,0.218,,,,,0.157,,,,0.164,,0.103,,0.184,0.111,0.116,0.096,,,,0.431,0.085,,,0.127,0.118
162,14040900,,0.568,0.57,,,,0.196,,,,,0.119,0.23,,0.22,0.143,,0.155,,,,,,,,0.524,,0.44,0.196,,,0.094,,0.38,0.272,,,,0.101,0.125,0.166,,,,0.08,0.478,0.513,0.483,,,,0.241,,0.092,,,,,,0.226,0.169,,,,0.203,0.171,0.054,0.123,,,,0.095,0.167,0.158,,0.354,,,,,,0.093,,,,,0.144,0.072,0.423,0.624,0.037,0.101,0.453,0.299,0.504,0.071,0.175,0.126,,,0.196,,,0.089,0.041,0.114,,0.07,0.193,,,,,,,,0.259,,0.094,0.772,,,0.025,,0.094,,0.103,0.17,0.094,0.158,0.151,0.363,0.581,0.337,0.189,0.153,0.134,,0.604,,,,,,,,0.191,0.211,0.115,0.143,0.393,,,,,0.115,0.37,0.586,,,0.518,0.602,,0.141,0.161,0.198,0.64,0.638,0.16,0.139,0.62,0.186,,,0.225,,,,,0.159,,,,0.164,,0.105,,0.21,0.111,0.114,0.096,,,,0.431,0.084,,,0.127,0.118
162,14040960,,0.568,0.571,,,,0.195,,,,,0.119,0.246,,0.22,0.141,,0.155,,,,,,,,0.525,,0.427,0.197,,,0.092,,0.38,0.27,,,,0.101,0.126,0.168,,,,0.08,0.478,0.513,0.483,,,,0.241,,0.092,,,,,,0.224,0.169,,,,0.203,0.171,0.055,0.124,,,,0.099,0.167,0.157,,0.355,,,,,,0.094,,,,,0.141,0.072,0.404,0.624,0.037,0.101,0.468,0.296,0.507,0.071,0.175,0.129,,,0.196,,,0.089,0.057,0.207,,0.052,0.193,,,,,,,,0.264,,0.095,0.768,,,0.026,,0.093,,0.103,0.17,0.093,0.158,0.152,0.363,0.582,0.334,0.186,0.153,0.134,,0.604,,,,,,,,0.19,0.204,0.115,0.143,0.391,,,,,0.114,0.37,0.586,,,0.518,0.602,,0.141,0.162,0.198,0.64,0.638,0.16,0.139,0.618,0.186,,,0.227,,,,,0.159,,,,0.164,,0.104,,0.213,0.11,0.114,0.096,,,,0.43,0.085,,,0.127,0.118
162,14041020,,0.568,0.571,,,,0.195,,,,,0.119,0.241,,0.22,0.124,,0.155,,,,,,,,0.525,,0.425,0.198,,,0.093,,0.38,0.271,,,,0.1,0.125,0.168,,,,0.08,0.478,0.513,0.483,,,,0.241,,0.092,,,,,,0.216,0.169,,,,0.203,0.171,0.055,0.124,,,,0.094,0.167,0.157,,0.354,,,,,,0.094,,,,,0.141,0.072,0.385,0.622,0.037,0.101,0.467,0.302,0.489,0.071,0.175,0.128,,,0.196,,,0.09,0.032,0.072,,0.069,0.193,,,,,,,,0.262,,0.095,0.771,,,0.026,,0.093,,0.103,0.172,0.094,0.158,0.152,0.363,0.574,0.342,0.183,0.153,0.134,,0.605,,,,,,,,0.186,0.202,0.115,0.143,0.388,,,,,0.115,0.37,0.587,,,0.518,0.602,,0.141,0.161,0.197,0.64,0.638,0.16,0.139,0.624,0.185,,,0.228,,,,,0.158,,,,0.164,,0.104,,0.21,0.111,0.115,0.094,,,,0.431,0.085,,,0.127,0.118
162,14041080,,0.569,0.571,,,,0.196,,,,,0.12,0.243,,0.22,0.135,,0.155,,,,,,,,0.525,,0.414,0.198,,,0.094,,0.38,0.27,,,,0.1,0.125,0.168,,,,0.079,0.478,0.513,0.483,,,,0.241,,0.093,,,,,,0.216,0.169,,,,0.203,0.17,0.055,0.123,,,,0.098,0.167,0.157,,0.356,,,,,,0.094,,,,,0.142,0.072,0.404,0.63,0.037,0.101,0.488,0.296,0.493,0.071,0.175,0.127,,,0.196,,,0.089,0.029,0.016,,0.054,0.193,,,,,,,,0.261,,0.122,0.775,,,0.025,,0.094,,0.103,0.172,0.093,0.159,0.153,0.363,0.575,0.346,0.187,0.152,0.134,,0.605,,,,,,,,0.186,0.202,0.115,0.143,0.387,,,,,0.115,0.37,0.587,,,0.518,0.603,,0.141,0.161,0.197,0.64,0.638,0.16,0.139,0.613,0.185,,,0.222,,,,,0.158,,,,0.165,,0.105,,0.205,0.111,0.115,0.094,,,,0.43,0.085,,,0.127,0.118
162,14041140,,0.569,0.57,,,,0.196,,,,,0.132,0.227,,0.22,0.128,,0.155,,,,,,,,0.525,,0.43,0.198,,,0.094,,0.381,0.269,,,,0.1,0.125,0.166,,,,0.079,0.479,0.513,0.483,,,,0.241,,0.092,,,,,,0.218,0.169,,,,0.203,0.171,0.055,0.126,,,,0.097,0.167,0.157,,0.357,,,,,,0.094,,,,,0.144,0.071,0.409,0.622,0.037,0.101,0.467,0.29,0.489,0.071,0.175,0.126,,,0.196,,,0.089,0.037,0.074,,0.092,0.193,,,,,,,,0.269,,0.105,0.774,,,0.025,,0.093,,0.102,0.172,0.093,0.158,0.155,0.363,0.587,0.34,0.183,0.152,0.134,,0.605,,,,,,,,0.185,0.204,0.116,0.143,0.388,,,,,0.115,0.369,0.587,,,0.518,0.603,,0.141,0.16,0.197,0.64,0.638,0.16,0.139,0.611,0.185,,,0.219,,,,,0.16,,,,0.165,,0.105,,0.202,0.11,0.114,0.095,,,,0.431,0.082,,,0.127,0.117
162,14041200,,0.569,0.571,,,,0.196,,,,,0.119,0.213,,0.221,0.149,,0.155,,,,,,,,0.526,,0.429,0.198,,,0.092,,0.381,0.268,,,,0.1,0.125,0.167,,,,0.079,0.48,0.513,0.483,,,,0.241,,0.092,,,,,,0.212,0.169,,,,0.203,0.171,0.055,0.125,,,,0.098,0.167,0.157,,0.358,,,,,,0.094,,,,,0.141,0.072,0.419,0.635,0.036,0.101,0.465,0.3,0.487,0.071,0.177,0.129,,,0.196,,,0.09,0.033,0.036,,0.043,0.193,,,,,,,,0.253,,0.108,0.772,,,0.025,,0.093,,0.103,0.171,0.094,0.158,0.155,0.363,0.592,0.359,0.183,0.152,0.134,,0.605,,,,,,,,0.183,0.208,0.115,0.143,0.392,,,,,0.115,0.369,0.586,,,0.518,0.603,,0.141,0.161,0.196,0.64,0.638,0.16,0.139,0.61,0.185,,,0.218,,,,,0.157,,,,0.165,,0.106,,0.198,0.111,0.115,0.095,,,,0.43,0.083,,,0.127,0.118
162,14041260,,0.569,0.571,,,,0.196,,,,,0.124,0.221,,0.22,0.119,,0.154,,,,,,,,0.526,,0.426,0.199,,,0.094,,0.381,0.267,,,,0.1,0.125,0.167,,,,0.078,0.48,0.513,0.483,,,,0.241,,0.092,,,,,,0.215,0.169,,,,0.203,0.171,0.055,0.125,,,,0.098,0.167,0.157,,0.356,,,,,,0.095,,,,,0.145,0.072,0.38,0.637,0.036,0.101,0.478,0.304,0.486,0.071,0.177,0.128,,,0.196,,,0.09,0.045,0.04,,0.056,0.193,,,,,,,,0.256,,0.111,0.769,,,0.025,,0.093,,0.104,0.17,0.094,0.158,0.156,0.363,0.576,0.348,0.187,0.152,0.133,,0.605,,,,,,,,0.182,0.206,0.115,0.143,0.393,,,,,0.115,0.369,0.587,,,0.518,0.603,,0.141,0.16,0.197,0.641,0.638,0.16,0.139,0.617,0.184,,,0.225,,,,,0.16,,,,0.164,,0.106,,0.192,0.112,0.115,0.095,,,,0.43,0.082,,,0.127,0.118
162,14041320,,0.569,0.571,,,,0.196,,,,,0.119,0.217,,0.219,0.109,,0.154,,,,,,,,0.525,,0.432,0.199,,,0.094,,0.382,0.268,,,,0.1,0.126,0.168,,,,0.078,0.48,0.513,0.483,,,,0.241,,0.092,,,,,,0.223,0.169,,,,0.203,0.17,0.055,0.125,,,,0.096,0.167,0.157,,0.354,,,,,,0.093,,,,,0.143,0.071,0.425,0.636,0.036,0.101,0.468,0.294,0.48,0.071,0.176,0.126,,,0.196,,,0.09,0.034,0.016,,0.044,0.193,,,,,,,,0.266,,0.114,0.759,,,0.025,,0.094,,0.104,0.17,0.093,0.159,0.156,0.363,0.592,0.341,0.183,0.153,0.134,,0.605,,,,,,,,0.182,0.209,0.115,0.143,0.39,,,,,0.115,0.369,0.587,,,0.519,0.603,,0.141,0.16,0.196,0.641,0.638,0.16,0.139,0.618,0.183,,,0.231,,,,,0.159,,,,0.164,,0.106,,0.188,0.112,0.115,0.102,,,,0.428,0.079,,,0.127,0.118
162,14041380,,0.569,0.571,,,,0.196,,,,,0.118,0.231,,0.219,0.101,,0.154,,,,,,,,0.525,,0.428,0.199,,,0.094,,0.382,0.271,,,,0.1,0.125,0.168,,,,0.078,0.481,0.513,0.483,,,,0.241,,0.093,,,,,,0.226,0.169,,,,0.203,0.171,0.055,0.125,,,,0.097,0.167,0.157,,0.352,,,,,,0.093,,,,,0.14,0.072,0.406,0.625,0.037,0.101,0.457,0.298,0.481,0.071,0.176,0.127,,,0.196,,,0.089,0.086,0.108,,0.053,0.194,,,,,,,,0.254,,0.115,0.756,,,0.025,,0.094,,0.103,0.171,0.093,0.157,0.156,0.363,0.585,0.336,0.182,0.152,0.134,,0.606,,,,,,,,0.179,0.208,0.115,0.143,0.388,,,,,0.115,0.369,0.587,,,0.519,0.604,,0.141,0.161,0.197,0.641,0.638,0.16,0.139,0.611,0.182,,,0.233,,,,,0.158,,,,0.164,,0.104,,0.188,0.112,0.115,0.101,,,,0.429,0.081,,,0.127,0.117
162,14041440,,0.569,0.571,,,,0.196,,,,,0.123,0.235,,0.219,0.126,,0.155,,,,,,,,0.525,,0.426,0.198,,,0.093,,0.382,0.273,,,,0.1,0.125,0.167,,,,0.078,0.48,0.513,0.483,,,,0.241,,0.093,,,,,,0.219,0.169,,,,0.203,0.171,0.055,0.125,,,,0.1,0.167,0.157,,0.35,,,,,,0.094,,,,,0.14,0.072,0.41,0.628,0.037,0.101,0.467,0.294,0.505,0.071,0.177,0.128,,,0.196,,,0.09,0.025,0.016,,0.044,0.193,,,,,,,,0.258,,0.106,0.758,,,0.025,,0.093,,0.102,0.171,0.094,0.158,0.156,0.363,0.588,0.338,0.186,0.152,0.133,,0.606,,,,,,,,0.178,0.205,0.115,0.143,0.39,,,,,0.115,0.368,0.587,,,0.519,0.603,,0.141,0.161,0.197,0.64,0.638,0.16,0.139,0.604,0.184,,,0.23,,,,,0.16,,,,0.164,,0.104,,0.141,0.113,0.115,0.098,,,,0.429,0.086,,,0.127,0.117
162,14041500,,0.569,0.571,,,,0.196,,,,,0.144,0.234,,0.219,0.128,,0.155,,,,,,,,0.525,,0.422,0.199,,,0.094,,0.382,0.272,,,,0.101,0.126,0.168,,,,0.078,0.48,0.514,0.483,,,,0.241,,0.092,,,,,,0.217,0.169,,,,0.203,0.171,0.055,0.124,,,,0.098,0.167,0.157,,0.358,,,,,,0.094,,,,,0.143,0.072,0.419,0.632,0.037,0.101,0.476,0.296,0.495,0.071,0.176,0.133,,,0.196,,,0.09,0.048,0.079,,0.045,0.193,,,,,,,,0.277,,0.108,0.761,,,0.025,,0.094,,0.104,0.172,0.094,0.159,0.156,0.363,0.596,0.343,0.187,0.153,0.134,,0.606,,,,,,,,0.176,0.207,0.115,0.143,0.393,,,,,0.115,0.367,0.587,,,0.519,0.604,,0.141,0.161,0.197,0.641,0.638,0.16,0.139,0.602,0.188,,,0.227,,,,,0.158,,,,0.164,,0.105,,0.177,0.113,0.116,0.099,,,,0.429,0.088,,,0.127,0.117
162,14041560,,0.569,0.571,,,,0.196,,,,,0.12,0.233,,0.219,0.116,,0.155,,,,,,,,0.525,,0.435,0.2,,,0.094,,0.383,0.271,,,,0.101,0.127,0.167,,,,0.079,0.48,0.514,0.483,,,,0.241,,0.093,,,,,,0.237,0.169,,,,0.203,0.171,0.055,0.124,,,,0.099,0.167,0.157,,0.361,,,,,,0.093,,,,,0.141,0.071,0.396,0.635,0.037,0.101,0.474,0.293,0.479,0.071,0.176,0.13,,,0.196,,,0.09,0.04,0.069,,0.068,0.193,,,,,,,,0.256,,0.111,0.756,,,0.025,,0.094,,0.105,0.172,0.093,0.159,0.156,0.363,0.601,0.34,0.185,0.152,0.134,,0.606,,,,,,,,0.175,0.211,0.115,0.143,0.39,,,,,0.115,0.367,0.587,,,0.519,0.604,,0.14,0.161,0.197,0.641,0.638,0.16,0.139,0.608,0.189,,,0.226,,,,,0.158,,,,0.164,,0.103,,0.184,0.114,0.115,0.11,,,,0.428,0.087,,,0.127,0.117
162,14041620,,0.569,0.571,,,,0.196,,,,,0.118,0.232,,0.219,0.113,,0.155,,,,,,,,0.525,,0.437,0.2,,,0.094,,0.383,0.269,,,,0.101,0.126,0.167,,,,0.079,0.481,0.514,0.483,,,,0.241,,0.093,,,,,,0.222,0.17,,,,0.203,0.171,0.055,0.125,,,,0.099,0.167,0.157,,0.356,,,,,,0.093,,,,,0.14,0.071,0.421,0.635,0.037,0.101,0.461,0.294,0.484,0.071,0.176,0.128,,,0.196,,,0.09,0.034,0.016,,0.047,0.193,,,,,,,,0.252,,0.114,0.761,,,0.025,,0.092,,0.103,0.171,0.093,0.158,0.157,0.363,0.604,0.34,0.183,0.153,0.133,,0.606,,,,,,,,0.175,0.208,0.115,0.143,0.39,,,,,0.115,0.367,0.587,,,0.519,0.604,,0.141,0.161,0.198,0.64,0.638,0.16,0.139,0.615,0.189,,,0.227,,,,,0.157,,,,0.164,,0.104,,0.186,0.112,0.116,0.108,,,,0.43,0.089,,,0.127,0.117
162,14041680,,0.569,0.571,,,,0.196,,,,,0.121,0.236,,0.219,0.128,,0.155,,,,,,,,0.527,,0.429,0.2,,,0.092,,0.383,0.27,,,,0.101,0.126,0.166,,,,0.079,0.481,0.514,0.483,,,,0.241,,0.093,,,,,,0.209,0.169,,,,0.203,0.168,0.055,0.125,,,,0.099,0.167,0.157,,0.352,,,,,,0.093,,,,,0.141,0.071,0.416,0.631,0.037,0.101,0.48,0.29,0.484,0.071,0.177,0.128,,,0.197,,,0.09,0.026,0.016,,0.073,0.193,,,,,,,,0.268,,0.115,0.757,,,0.025,,0.093,,0.104,0.172,0.094,0.158,0.157,0.363,0.605,0.343,0.186,0.153,0.134,,0.606,,,,,,,,0.173,0.209,0.115,0.143,0.389,,,,,0.115,0.367,0.587,,,0.519,0.604,,0.141,0.161,0.197,0.64,0.638,0.16,0.139,0.625,0.189,,,0.23,,,,,0.158,,,,0.164,,0.104,,0.181,0.112,0.115,0.106,,,,0.429,0.09,,,0.127,0.117
162,14041740,,0.569,0.57,,,,0.196,,,,,0.118,0.213,,0.219,0.136,,0.155,,,,,,,,0.526,,0.433,0.2,,,0.093,,0.383,0.271,,,,0.101,0.127,0.166,,,,0.079,0.481,0.514,0.483,,,,0.241,,0.092,,,,,,0.212,0.17,,,,0.203,0.168,0.055,0.126,,,,0.099,0.167,0.157,,0.355,,,,,,0.093,,,,,0.147,0.072,0.426,0.64,0.037,0.101,0.462,0.293,0.497,0.071,0.177,0.129,,,0.197,,,0.091,0.035,0.016,,0.045,0.193,,,,,,,,0.258,,0.11,0.758,,,0.025,,0.093,,0.104,0.171,0.092,0.159,0.157,0.363,0.605,0.343,0.188,0.153,0.134,,0.606,,,,,,,,0.172,0.21,0.115,0.143,0.387,,,,,0.115,0.366,0.587,,,0.519,0.604,,0.141,0.161,0.197,0.64,0.638,0.16,0.139,0.627,0.195,,,0.229,,,,,0.159,,,,0.164,,0.105,,0.152,0.113,0.116,0.099,,,,0.428,0.091,,,0.127,0.117
162,14041800,,0.569,0.57,,,,0.196,,,,,0.137,0.219,,0.219,0.137,,0.155,,,,,,,,0.525,,0.42,0.2,,,0.094,,0.383,0.273,,,,0.102,0.126,0.167,,,,0.079,0.485,0.513,0.483,,,,0.241,,0.093,,,,,,0.208,0.17,,,,0.203,0.168,0.055,0.125,,,,0.097,0.167,0.158,,0.362,,,,,,0.093,,,,,0.141,0.071,0.401,0.63,0.037,0.101,0.457,0.293,0.505,0.071,0.178,0.129,,,0.197,,,0.091,0.069,0.134,,0.056,0.193,,,,,,,,0.266,,0.11,0.754,,,0.025,,0.094,,0.105,0.171,0.093,0.16,0.157,0.363,0.535,0.338,0.184,0.152,0.133,,0.606,,,,,,,,0.188,0.213,0.115,0.143,0.391,,,,,0.116,0.366,0.586,,,0.519,0.604,,0.141,0.16,0.196,0.641,0.638,0.16,0.139,0.626,0.2,,,0.225,,,,,0.159,,,,0.166,,0.105,,0.157,0.112,0.116,0.096,,,,0.431,0.091,,,0.127,0.117
162,14041860,,0.569,0.57,,,,0.196,,,,,0.119,0.214,,0.22,0.115,,0.155,,,,,,,,0.529,,0.432,0.2,,,0.092,,0.384,0.274,,,,0.103,0.125,0.167,,,,0.08,0.485,0.514,0.483,,,,0.241,,0.093,,,,,,0.212,0.17,,,,0.203,0.168,0.055,0.125,,,,0.1,0.167,0.157,,0.364,,,,,,0.094,,,,,0.146,0.07,0.395,0.633,0.036,0.101,0.47,0.294,0.489,0.071,0.176,0.129,,,0.197,,,0.09,0.04,0.016,,0.044,0.193,,,,,,,,0.246,,0.114,0.756,,,0.025,,0.093,,0.103,0.172,0.094,0.158,0.157,0.363,0.561,0.352,0.181,0.153,0.134,,0.607,,,,,,,,0.185,0.21,0.115,0.143,0.392,,,,,0.116,0.366,0.587,,,0.52,0.604,,0.141,0.16,0.196,0.641,0.638,0.16,0.139,0.626,0.201,,,0.226,,,,,0.159,,,,0.165,,0.105,,0.145,0.112,0.115,0.096,,,,0.429,0.09,,,0.127,0.117
162,14041920,,0.569,0.57,,,,0.196,,,,,0.126,0.207,,0.22,0.128,,0.155,,,,,,,,0.529,,0.424,0.2,,,0.094,,0.384,0.272,,,,0.103,0.126,0.167,,,,0.079,0.486,0.514,0.484,,,,0.241,,0.094,,,,,,0.214,0.17,,,,0.203,0.168,0.055,0.125,,,,0.098,0.167,0.158,,0.36,,,,,,0.094,,,,,0.144,0.071,0.413,0.634,0.037,0.101,0.471,0.295,0.503,0.071,0.175,0.127,,,0.197,,,0.09,0.028,0.02,,0.045,0.193,,,,,,,,0.261,,0.115,0.759,,,0.025,,0.093,,0.103,0.171,0.094,0.159,0.157,0.363,0.589,0.348,0.182,0.153,0.134,,0.607,,,,,,,,0.183,0.208,0.115,0.143,0.391,,,,,0.115,0.366,0.587,,,0.52,0.604,,0.141,0.161,0.196,0.641,0.638,0.16,0.139,0.627,0.202,,,0.228,,,,,0.158,,,,0.165,,0.105,,0.178,0.111,0.116,0.096,,,,0.428,0.091,,,0.127,0.117
162,14041980,,0.569,0.57,,,,0.196,,,,,0.118,0.206,,0.22,0.131,,0.155,,,,,,,,0.529,,0.42,0.2,,,0.094,,0.384,0.271,,,,0.103,0.126,0.167,,,,0.079,0.486,0.514,0.484,,,,0.241,,0.093,,,,,,0.217,0.17,,,,0.203,0.169,0.055,0.126,,,,0.098,0.167,0.157,,0.358,,,,,,0.093,,,,,0.146,0.071,0.429,0.642,0.037,0.101,0.469,0.294,0.5,0.071,0.175,0.128,,,0.197,,,0.091,0.053,0.047,,0.045,0.193,,,,,,,,0.256,,0.111,0.759,,,0.025,,0.093,,0.105,0.171,0.092,0.159,0.158,0.363,0.591,0.345,0.178,0.153,0.133,,0.607,,,,,,,,0.185,0.209,0.115,0.143,0.392,,,,,0.116,0.365,0.587,,,0.52,0.604,,0.141,0.16,0.196,0.641,0.638,0.16,0.139,0.618,0.202,,,0.23,,,,,0.158,,,,0.165,,0.105,,0.17,0.112,0.116,0.096,,,,0.428,0.091,,,0.127,0.117
162,14042040,,0.569,0.571,,,,0.196,,,,,0.122,0.219,,0.221,0.146,,0.155,,,,,,,,0.528,,0.426,0.2,,,0.094,,0.384,0.271,,,,0.103,0.126,0.168,,,,0.08,0.486,0.514,0.483,,,,0.241,,0.093,,,,,,0.216,0.17,,,,0.203,0.169,0.055,0.125,,,,0.097,0.168,0.158,,0.355,,,,,,0.094,,,,,0.147,0.072,0.403,0.638,0.037,0.101,0.475,0.301,0.514,0.071,0.177,0.131,,,0.197,,,0.091,0.026,0.016,,0.045,0.193,,,,,,,,0.275,,0.088,0.76,,,0.025,,0.094,,0.104,0.171,0.093,0.158,0.157,0.363,0.594,0.341,0.186,0.153,0.135,,0.607,,,,,,,,0.185,0.209,0.115,0.143,0.394,,,,,0.115,0.365,0.587,,,0.52,0.604,,0.141,0.16,0.195,0.641,0.638,0.16,0.139,0.615,0.199,,,0.225,,,,,0.158,,,,0.166,,0.104,,0.165,0.112,0.117,0.095,,,,0.429,0.091,,,0.127,0.117
162,14042100,,0.569,0.571,,,,0.196,,,,,0.119,0.24,,0.22,0.151,,0.155,,,,,,,,0.529,,0.439,0.2,,,0.093,,0.385,0.273,,,,0.103,0.126,0.168,,,,0.079,0.484,0.514,0.484,,,,0.241,,0.094,,,,,,0.216,0.17,,,,0.203,0.169,0.054,0.124,,,,0.099,0.168,0.158,,0.363,,,,,,0.095,,,,,0.151,0.073,0.419,0.636,0.037,0.101,0.48,0.305,0.515,0.071,0.177,0.129,,,0.197,,,0.09,0.033,0.047,,0.045,0.193,,,,,,,,0.267,,0.091,0.763,,,0.025,,0.093,,0.103,0.171,0.093,0.158,0.158,0.363,0.587,0.341,0.183,0.152,0.136,,0.607,,,,,,,,0.185,0.214,0.115,0.143,0.397,,,,,0.115,0.365,0.587,,,0.52,0.604,,0.141,0.16,0.195,0.641,0.638,0.16,0.139,0.616,0.198,,,0.225,,,,,0.158,,,,0.165,,0.105,,0.216,0.111,0.116,0.095,,,,0.429,0.091,,,0.127,0.117
162,14042160,,0.569,0.571,,,,0.196,,,,,0.134,0.231,,0.22,0.15,,0.155,,,,,,,,0.529,,0.386,0.2,,,0.094,,0.385,0.275,,,,0.102,0.125,0.166,,,,0.078,0.484,0.514,0.484,,,,0.241,,0.094,,,,,,0.213,0.17,,,,0.203,0.169,0.054,0.125,,,,0.097,0.168,0.158,,0.363,,,,,,0.095,,,,,0.148,0.073,0.405,0.638,0.037,0.101,0.487,0.302,0.509,0.071,0.178,0.131,,,0.197,,,0.091,0.028,0.015,,0.164,0.193,,,,,,,,0.261,,0.092,0.767,,,0.025,,0.093,,0.104,0.171,0.093,0.158,0.158,0.363,0.585,0.353,0.184,0.152,0.134,,0.607,,,,,,,,0.185,0.213,0.115,0.143,0.397,,,,,0.115,0.364,0.587,,,0.52,0.604,,0.141,0.16,0.195,0.64,0.638,0.16,0.139,0.627,0.197,,,0.227,,,,,0.158,,,,0.164,,0.105,,0.196,0.111,0.116,0.095,,,,0.43,0.083,,,0.127,0.117
162,14042220,,0.568,0.571,,,,0.196,,,,,0.122,0.25,,0.22,0.152,,0.155,,,,,,,,0.53,,0.414,0.2,,,0.095,,0.385,0.274,,,,0.102,0.125,0.168,,,,0.079,0.484,0.514,0.484,,,,0.241,,0.093,,,,,,0.209,0.17,,,,0.203,0.17,0.054,0.126,,,,0.097,0.167,0.158,,0.36,,,,,,0.092,,,,,0.144,0.072,0.413,0.639,0.037,0.101,0.484,0.306,0.505,0.071,0.179,0.128,,,0.197,,,0.09,0.027,0.016,,0.044,0.193,,,,,,,,0.259,,0.089,0.768,,,0.025,,0.093,,0.104,0.171,0.092,0.159,0.158,0.363,0.514,0.356,0.184,0.153,0.135,,0.607,,,,,,,,0.185,0.211,0.115,0.143,0.396,,,,,0.115,0.364,0.587,,,0.52,0.604,,0.142,0.161,0.195,0.641,0.638,0.16,0.139,0.633,0.196,,,0.228,,,,,0.158,,,,0.164,,0.105,,0.224,0.112,0.117,0.096,,,,0.429,0.087,,,0.127,0.117
162,14042280,,0.568,0.571,,,,0.196,,,,,0.124,0.262,,0.219,0.151,,0.155,,,,,,,,0.529,,0.411,0.2,,,0.095,,0.385,0.27,,,,0.102,0.125,0.168,,,,0.079,0.484,0.514,0.484,,,,0.241,,0.093,,,,,,0.211,0.17,,,,0.203,0.17,0.054,0.125,,,,0.1,0.168,0.158,,0.36,,,,,,0.094,,,,,0.149,0.071,0.429,0.638,0.037,0.101,0.485,0.308,0.508,0.071,0.177,0.129,,,0.197,,,0.09,0.03,0.017,,0.054,0.193,,,,,,,,0.266,,0.089,0.769,,,0.025,,0.093,,0.103,0.172,0.092,0.158,0.158,0.363,0.575,0.349,0.182,0.152,0.135,,0.607,,,,,,,,0.185,0.213,0.115,0.143,0.398,,,,,0.115,0.363,0.587,,,0.52,0.604,,0.141,0.16,0.195,0.641,0.638,0.16,0.139,0.63,0.194,,,0.231,,,,,0.16,,,,0.164,,0.104,,0.232,0.112,0.118,0.096,,,,0.429,0.088,,,0.127,0.117
162,14042340,,0.569,0.571,,,,0.196,,,,,0.129,0.255,,0.219,0.151,,0.155,,,,,,,,0.529,,0.408,0.201,,,0.093,,0.385,0.267,,,,0.103,0.125,0.169,,,,0.079,0.484,0.514,0.484,,,,0.241,,0.094,,,,,,0.21,0.17,,,,0.203,0.171,0.054,0.125,,,,0.099,0.168,0.158,,0.359,,,,,,0.094,,,,,0.149,0.071,0.455,0.644,0.036,0.101,0.491,0.309,0.51,0.071,0.179,0.132,,,0.197,,,0.09,0.027,0.015,,0.045,0.193,,,,,,,,0.264,,0.09,0.769,,,0.025,,0.093,,0.104,0.172,0.093,0.158,0.158,0.363,0.579,0.344,0.191,0.153,0.135,,0.607,,,,,,,,0.184,0.216,0.116,0.143,0.396,,,,,0.115,0.363,0.587,,,0.52,0.604,,0.142,0.159,0.195,0.64,0.638,0.16,0.139,0.628,0.193,,,0.233,,,,,0.159,,,,0.164,,0.104,,0.238,0.111,0.115,0.096,,,,0.428,0.087,,,0.127,0.117
162,14042400,,0.569,0.571,,,,0.196,,,,,0.126,0.256,,0.219,0.158,,0.155,,,,,,,,0.53,,0.432,0.2,,,0.094,,0.385,0.268,,,,0.103,0.125,0.168,,,,0.08,0.484,0.514,0.484,,,,0.241,,0.093,,,,,,0.21,0.17,,,,0.203,0.171,0.054,0.125,,,,0.098,0.168,0.158,,0.361,,,,,,0.095,,,,,0.147,0.072,0.445,0.64,0.036,0.101,0.481,0.306,0.513,0.071,0.179,0.131,,,0.197,,,0.091,0.048,0.015,,0.045,0.193,,,,,,,,0.267,,0.094,0.762,,,0.025,,0.093,,0.105,0.171,0.094,0.158,0.159,0.364,0.586,0.356,0.185,0.153,0.134,,0.607,,,,,,,,0.182,0.217,0.116,0.143,0.396,,,,,0.115,0.363,0.587,,,0.521,0.604,,0.142,0.159,0.196,0.64,0.638,0.16,0.139,0.629,0.193,,,0.232,,,,,0.159,,,,0.164,,0.104,,0.213,0.111,0.115,0.097,,,,0.429,0.088,,,0.127,0.117
162,14042460,,0.569,0.57,,,,0.196,,,,,0.13,0.251,,0.22,0.159,,0.155,,,,,,,,0.53,,0.43,0.201,,,0.095,,0.386,0.273,,,,0.103,0.125,0.168,,,,0.08,0.484,0.514,0.484,,,,0.241,,0.093,,,,,,0.214,0.17,,,,0.203,0.171,0.054,0.125,,,,0.099,0.168,0.158,,0.362,,,,,,0.094,,,,,0.147,0.073,0.41,0.649,0.036,0.101,0.494,0.305,0.505,0.071,0.178,0.132,,,0.197,,,0.091,0.046,0.047,,0.045,0.193,,,,,,,,0.257,,0.09,0.759,,,0.025,,0.094,,0.106,0.171,0.092,0.158,0.158,0.364,0.602,0.357,0.184,0.153,0.134,,0.607,,,,,,,,0.182,0.216,0.116,0.143,0.394,,,,,0.115,0.363,0.587,,,0.521,0.604,,0.141,0.16,0.195,0.64,0.638,0.16,0.139,0.627,0.193,,,0.232,,,,,0.158,,,,0.164,,0.104,,0.226,0.113,0.116,0.096,,,,0.43,0.088,,,0.127,0.117
162,14042520,,0.569,0.57,,,,0.196,,,,,0.136,0.255,,0.22,0.151,,0.155,,,,,,,,0.53,,0.428,0.201,,,0.095,,0.386,0.276,,,,0.103,0.126,0.168,,,,0.08,0.484,0.514,0.484,,,,0.241,,0.094,,,,,,0.21,0.17,,,,0.203,0.171,0.054,0.125,,,,0.1,0.168,0.158,,0.359,,,,,,0.094,,,,,0.146,0.072,0.367,0.633,0.036,0.101,0.485,0.301,0.493,0.071,0.176,0.129,,,0.197,,,0.09,0.072,0.159,,0.047,0.193,,,,,,,,0.26,,0.09,0.759,,,0.025,,0.093,,0.104,0.171,0.093,0.158,0.158,0.364,0.533,0.345,0.188,0.153,0.134,,0.607,,,,,,,,0.181,0.212,0.116,0.143,0.393,,,,,0.115,0.36,0.586,,,0.521,0.605,,0.141,0.159,0.195,0.64,0.638,0.16,0.139,0.621,0.191,,,0.236,,,,,0.158,,,,0.164,,0.104,,0.229,0.111,0.116,0.096,,,,0.428,0.088,,,0.127,0.117
162,14042580,,0.569,0.57,,,,0.211,,,,,0.132,0.26,,0.219,0.148,,0.155,,,,,,,,0.53,,0.427,0.201,,,0.093,,0.386,0.277,,,,0.103,0.125,0.168,,,,0.08,0.484,0.514,0.484,,,,0.241,,0.093,,,,,,0.222,0.17,,,,0.203,0.172,0.054,0.125,,,,0.101,0.167,0.157,,0.359,,,,,,0.094,,,,,0.148,0.072,0.391,0.653,0.037,0.101,0.474,0.305,0.498,0.071,0.179,0.127,,,0.197,,,0.09,0.027,0.015,,0.054,0.193,,,,,,,,0.262,,0.091,0.757,,,0.025,,0.092,,0.104,0.171,0.094,0.158,0.158,0.364,0.556,0.36,0.182,0.153,0.134,,0.607,,,,,,,,0.18,0.211,0.116,0.143,0.393,,,,,0.115,0.36,0.587,,,0.521,0.605,,0.142,0.16,0.195,0.64,0.638,0.16,0.139,0.616,0.19,,,0.236,,,,,0.157,,,,0.165,,0.104,,0.236,0.112,0.116,0.097,,,,0.428,0.087,,,0.127,0.117
162,14042640,,0.569,0.57,,,,0.213,,,,,0.129,0.243,,0.219,0.144,,0.154,,,,,,,,0.532,,0.429,0.2,,,0.093,,0.386,0.277,,,,0.103,0.125,0.167,,,,0.08,0.484,0.514,0.484,,,,0.241,,0.093,,,,,,0.23,0.17,,,,0.203,0.171,0.054,0.126,,,,0.101,0.167,0.157,,0.359,,,,,,0.094,,,,,0.149,0.071,0.447,0.642,0.037,0.101,0.483,0.31,0.502,0.071,0.178,0.128,,,0.197,,,0.091,0.043,0.075,,0.06,0.194,,,,,,,,0.257,,0.093,0.759,,,0.025,,0.094,,0.105,0.17,0.093,0.158,0.158,0.364,0.56,0.35,0.181,0.152,0.134,,0.609,,,,,,,,0.179,0.215,0.116,0.143,0.393,,,,,0.115,0.36,0.587,,,0.521,0.605,,0.142,0.16,0.195,0.64,0.638,0.16,0.139,0.612,0.187,,,0.23,,,,,0.158,,,,0.165,,0.105,,0.187,0.113,0.116,0.102,,,,0.428,0.088,,,0.127,0.117
162,14042700,,0.569,0.57,,,,0.145,,,,,0.13,0.231,,0.219,0.142,,0.155,,,,,,,,0.53,,0.439,0.2,,,0.094,,0.386,0.274,,,,0.103,0.126,0.168,,,,0.079,0.486,0.514,0.486,,,,0.241,,0.094,,,,,,0.223,0.17,,,,0.203,0.171,0.054,0.125,,,,0.099,0.168,0.158,,0.36,,,,,,0.093,,,,,0.151,0.071,0.414,0.644,0.037,0.101,0.477,0.308,0.51,0.071,0.181,0.129,,,0.197,,,0.091,0.028,0.015,,0.072,0.194,,,,,,,,0.26,,0.092,0.761,,,0.025,,0.092,,0.105,0.166,0.091,0.158,0.157,0.364,0.546,0.346,0.181,0.152,0.135,,0.609,,,,,,,,0.179,0.213,0.116,0.143,0.395,,,,,0.115,0.359,0.587,,,0.521,0.605,,0.141,0.161,0.195,0.64,0.638,0.16,0.139,0.618,0.187,,,0.225,,,,,0.159,,,,0.165,,0.104,,0.201,0.113,0.117,0.1,,,,0.429,0.087,,,0.127,0.117
162,14042760,,0.569,0.57,,,,0.176,,,,,0.126,0.217,,0.22,0.147,,0.155,,,,,,,,0.531,,0.438,0.2,,,0.094,,0.387,0.273,,,,0.103,0.128,0.169,,,,0.08,0.486,0.514,0.486,,,,0.241,,0.101,,,,,,0.239,0.17,,,,0.203,0.172,0.054,0.125,,,,0.1,0.168,0.157,,0.36,,,,,,0.094,,,,,0.149,0.071,0.409,0.648,0.037,0.101,0.484,0.304,0.507,0.071,0.178,0.129,,,0.197,,,0.09,0.096,0.234,,0.056,0.194,,,,,,,,0.266,,0.091,0.756,,,0.025,,0.093,,0.103,0.168,0.092,0.158,0.158,0.364,0.576,0.35,0.181,0.153,0.135,,0.609,,,,,,,,0.178,0.213,0.116,0.143,0.395,,,,,0.115,0.359,0.587,,,0.522,0.605,,0.14,0.16,0.196,0.64,0.638,0.16,0.139,0.609,0.186,,,0.228,,,,,0.158,,,,0.165,,0.104,,0.21,0.111,0.115,0.113,,,,0.429,0.08,,,0.127,0.117
162,14042820,,0.569,0.57,,,,0.156,,,,,0.13,0.214,,0.22,0.159,,0.155,,,,,,,,0.532,,0.434,0.2,,,0.093,,0.387,0.272,,,,0.103,0.126,0.167,,,,0.08,0.486,0.514,0.486,,,,0.241,,0.103,,,,,,0.223,0.17,,,,0.203,0.171,0.054,0.126,,,,0.101,0.168,0.158,,0.364,,,,,,0.094,,,,,0.151,0.071,0.388,0.641,0.037,0.101,0.491,0.306,0.504,0.071,0.178,0.13,,,0.197,,,0.091,0.114,0.249,,0.044,0.194,,,,,,,,0.265,,0.092,0.753,,,0.024,,0.093,,0.105,0.168,0.093,0.159,0.157,0.364,0.562,0.355,0.181,0.154,0.135,,0.609,,,,,,,,0.178,0.217,0.116,0.143,0.392,,,,,0.115,0.359,0.587,,,0.521,0.606,,0.141,0.16,0.195,0.64,0.638,0.16,0.139,0.61,0.185,,,0.23,,,,,0.158,,,,0.164,,0.104,,0.209,0.112,0.116,0.113,,,,0.429,0.083,,,0.127,0.117
162,14042880,,0.568,0.57,,,,0.148,,,,,0.154,0.21,,0.22,0.159,,0.155,,,,,,,,0.531,,0.439,0.201,,,0.094,,0.387,0.273,,,,0.103,0.126,0.167,,,,0.08,0.486,0.513,0.486,,,,0.241,,0.109,,,,,,0.216,0.17,,,,0.203,0.171,0.054,0.126,,,,0.102,0.168,0.158,,0.363,,,,,,0.093,,,,,0.151,0.072,0.436,0.646,0.037,0.101,0.498,0.304,0.502,0.071,0.178,0.13,,,0.197,,,0.091,0.092,0.015,,0.06,0.194,,,,,,,,0.264,,0.092,0.757,,,0.024,,0.094,,0.105,0.169,0.093,0.158,0.158,0.364,0.579,0.352,0.179,0.152,0.135,,0.609,,,,,,,,0.176,0.214,0.116,0.143,0.393,,,,,0.115,0.359,0.587,,,0.521,0.605,,0.141,0.16,0.196,0.64,0.638,0.16,0.139,0.614,0.186,,,0.235,,,,,0.159,,,,0.165,,0.103,,0.248,0.113,0.117,0.109,,,,0.43,0.085,,,0.127,0.117
162,14042940,,0.568,0.57,,,,0.152,,,,,0.128,0.222,,0.22,0.151,,0.155,,,,,,,,0.531,,0.423,0.2,,,0.094,,0.387,0.272,,,,0.103,0.126,0.167,,,,0.08,0.486,0.514,0.486,,,,0.241,,0.111,,,,,,0.213,0.17,,,,0.203,0.171,0.054,0.126,,,,0.1,0.168,0.157,,0.363,,,,,,0.093,,,,,0.148,0.072,0.427,0.647,0.037,0.101,0.487,0.303,0.503,0.071,0.178,0.131,,,0.197,,,0.091,0.024,0.015,,0.04,0.194,,,,,,,,0.261,,0.091,0.764,,,0.025,,0.092,,0.105,0.168,0.093,0.157,0.158,0.364,0.574,0.361,0.18,0.153,0.135,,0.609,,,,,,,,0.174,0.212,0.116,0.143,0.394,,,,,0.115,0.358,0.587,,,0.522,0.605,,0.142,0.161,0.195,0.64,0.638,0.16,0.139,0.61,0.186,,,0.231,,,,,0.16,,,,0.165,,0.103,,0.241,0.113,0.117,0.1,,,,0.431,0.08,,,0.127,0.117
162,14043000,,0.568,0.57,,,,0.153,,,,,0.127,0.222,,0.22,0.137,,0.155,,,,,,,,0.531,,0.431,0.2,,,0.094,,0.387,0.271,,,,0.103,0.126,0.168,,,,0.08,0.485,0.514,0.486,,,,0.241,,0.085,,,,,,0.218,0.17,,,,0.203,0.171,0.054,0.126,,,,0.101,0.168,0.158,,0.363,,,,,,0.094,,,,,0.149,0.071,0.408,0.646,0.037,0.101,0.488,0.304,0.507,0.071,0.177,0.129,,,0.197,,,0.09,0.027,0.016,,0.041,0.194,,,,,,,,0.261,,0.092,0.76,,,0.024,,0.093,,0.104,0.169,0.093,0.157,0.159,0.364,0.579,0.355,0.18,0.153,0.135,,0.608,,,,,,,,0.174,0.212,0.116,0.143,0.394,,,,,0.115,0.358,0.586,,,0.522,0.605,,0.141,0.161,0.195,0.64,0.638,0.16,0.139,0.609,0.184,,,0.229,,,,,0.158,,,,0.165,,0.103,,0.237,0.112,0.116,0.097,,,,0.432,0.083,,,0.127,0.117
162,14043060,,0.568,0.571,,,,0.266,,,,,0.131,0.229,,0.221,0.119,,0.155,,,,,,,,0.531,,0.434,0.201,,,0.094,,0.388,0.271,,,,0.102,0.125,0.169,,,,0.079,0.485,0.514,0.486,,,,0.241,,0.087,,,,,,0.214,0.17,,,,0.203,0.172,0.054,0.125,,,,0.101,0.167,0.158,,0.366,,,,,,0.093,,,,,0.146,0.071,0.4,0.639,0.037,0.101,0.483,0.304,0.5,0.071,0.176,0.129,,,0.197,,,0.09,0.03,0.015,,0.041,0.194,,,,,,,,0.26,,0.091,0.771,,,0.025,,0.093,,0.105,0.168,0.094,0.158,0.16,0.364,0.572,0.346,0.178,0.153,0.136,,0.609,,,,,,,,0.172,0.209,0.116,0.143,0.392,,,,,0.115,0.358,0.586,,,0.522,0.605,,0.141,0.16,0.195,0.64,0.638,0.16,0.139,0.611,0.183,,,0.229,,,,,0.159,,,,0.165,,0.104,,0.227,0.112,0.116,0.096,,,,0.43,0.088,,,0.127,0.117
162,14043120,,0.568,0.571,,,,0.256,,,,,0.137,0.219,,0.22,0.13,,0.155,,,,,,,,0.531,,0.439,0.201,,,0.094,,0.388,0.272,,,,0.102,0.126,0.168,,,,0.079,0.485,0.514,0.486,,,,0.241,,0.091,,,,,,0.211,0.17,,,,0.203,0.172,0.055,0.125,,,,0.101,0.167,0.158,,0.364,,,,,,0.094,,,,,0.146,0.072,0.396,0.64,0.037,0.101,0.487,0.3,0.504,0.071,0.177,0.128,,,0.197,,,0.091,0.027,0.015,,0.058,0.193,,,,,,,,0.257,,0.092,0.77,,,0.025,,0.094,,0.105,0.168,0.094,0.158,0.159,0.364,0.587,0.346,0.181,0.153,0.135,,0.61,,,,,,,,0.171,0.212,0.116,0.143,0.392,,,,,0.114,0.358,0.586,,,0.522,0.605,,0.141,0.16,0.196,0.64,0.638,0.16,0.139,0.614,0.182,,,0.227,,,,,0.159,,,,0.165,,0.105,,0.222,0.112,0.117,0.096,,,,0.429,0.089,,,0.127,0.117
162,14043180,,0.568,0.571,,,,0.241,,,,,0.135,0.223,,0.22,0.101,,0.155,,,,,,,,0.531,,0.436,0.201,,,0.094,,0.388,0.277,,,,0.102,0.126,0.168,,,,0.079,0.485,0.514,0.486,,,,0.241,,0.087,,,,,,0.21,0.17,,,,0.203,0.172,0.054,0.125,,,,0.099,0.167,0.157,,0.36,,,,,,0.091,,,,,0.143,0.072,0.411,0.639,0.037,0.101,0.482,0.297,0.491,0.071,0.177,0.127,,,0.197,,,0.092,0.029,0.015,,0.044,0.193,,,,,,,,0.272,,0.092,0.76,,,0.025,,0.093,,0.106,0.169,0.093,0.158,0.157,0.364,0.581,0.343,0.183,0.153,0.135,,0.61,,,,,,,,0.169,0.207,0.116,0.143,0.39,,,,,0.114,0.358,0.586,,,0.523,0.605,,0.141,0.16,0.195,0.641,0.638,0.16,0.139,0.61,0.181,,,0.227,,,,,0.158,,,,0.165,,0.105,,0.215,0.112,0.118,0.095,,,,0.429,0.09,,,0.127,0.117
162,14043240,,0.569,0.571,,,,0.241,,,,,0.129,0.224,,0.22,0.109,,0.155,,,,,,,,0.531,,0.427,0.202,,,0.094,,0.388,0.276,,,,0.102,0.125,0.168,,,,0.079,0.485,0.514,0.486,,,,0.241,,0.088,,,,,,0.213,0.17,,,,0.203,0.172,0.054,0.126,,,,0.099,0.167,0.157,,0.359,,,,,,0.092,,,,,0.147,0.072,0.4,0.64,0.037,0.101,0.483,0.295,0.503,0.071,0.178,0.132,,,0.197,,,0.091,0.032,0.039,,0.045,0.193,,,,,,,,0.264,,0.092,0.758,,,0.025,,0.093,,0.104,0.168,0.093,0.159,0.162,0.364,0.585,0.346,0.182,0.153,0.135,,0.61,,,,,,,,0.168,0.214,0.116,0.143,0.392,,,,,0.114,0.358,0.586,,,0.522,0.605,,0.141,0.16,0.195,0.641,0.638,0.16,0.139,0.605,0.18,,,0.231,,,,,0.159,,,,0.165,,0.104,,0.206,0.111,0.116,0.095,,,,0.43,0.091,,,0.127,0.117
162,14043300,,0.569,0.57,,,,0.241,,,,,0.144,0.226,,0.22,0.106,,0.155,,,,,,,,0.532,,0.424,0.201,,,0.094,,0.389,0.275,,,,0.102,0.125,0.167,,,,0.08,0.484,0.515,0.486,,,,0.241,,0.087,,,,,,0.212,0.17,,,,0.203,0.172,0.054,0.126,,,,0.1,0.167,0.157,,0.358,,,,,,0.093,,,,,0.147,0.072,0.398,0.644,0.037,0.101,0.488,0.302,0.492,0.071,0.176,0.132,,,0.197,,,0.091,0.035,0.016,,0.053,0.193,,,,,,,,0.263,,0.092,0.764,,,0.025,,0.094,,0.105,0.168,0.094,0.159,0.162,0.364,0.577,0.333,0.188,0.152,0.135,,0.609,,,,,,,,0.135,0.214,0.116,0.143,0.39,,,,,0.114,0.357,0.586,,,0.522,0.605,,0.142,0.161,0.195,0.64,0.638,0.16,0.139,0.615,0.18,,,0.23,,,,,0.16,,,,0.165,,0.103,,0.198,0.111,0.116,0.095,,,,0.429,0.09,,,0.127,0.117
162,14043360,,0.569,0.571,,,,0.242,,,,,0.13,0.254,,0.221,0.113,,0.155,,,,,,,,0.531,,0.43,0.201,,,0.094,,0.389,0.273,,,,0.102,0.126,0.167,,,,0.08,0.484,0.515,0.486,,,,0.241,,0.091,,,,,,0.219,0.17,,,,0.203,0.172,0.055,0.126,,,,0.098,0.167,0.157,,0.358,,,,,,0.093,,,,,0.149,0.072,0.398,0.644,0.037,0.101,0.476,0.301,0.487,0.071,0.176,0.13,,,0.197,,,0.09,0.029,0.015,,0.122,0.193,,,,,,,,0.256,,0.091,0.756,,,0.025,,0.093,,0.106,0.168,0.093,0.158,0.162,0.364,0.58,0.344,0.19,0.153,0.135,,0.61,,,,,,,,0.139,0.209,0.116,0.143,0.393,,,,,0.114,0.357,0.587,,,0.522,0.605,,0.142,0.161,0.195,0.64,0.638,0.16,0.139,0.633,0.18,,,0.231,,,,,0.158,,,,0.164,,0.103,,0.192,0.112,0.117,0.096,,,,0.428,0.09,,,0.127,0.117
162,14043420,,0.569,0.571,,,,0.243,,,,,0.128,0.249,,0.22,0.116,,0.155,,,,,,,,0.531,,0.421,0.201,,,0.095,,0.389,0.274,,,,0.102,0.126,0.168,,,,0.08,0.484,0.515,0.486,,,,0.241,,0.092,,,,,,0.214,0.17,,,,0.203,0.172,0.055,0.125,,,,0.098,0.167,0.157,,0.358,,,,,,0.093,,,,,0.149,0.071,0.392,0.648,0.037,0.101,0.484,0.3,0.501,0.071,0.178,0.129,,,0.197,,,0.09,0.029,0.015,,0.046,0.193,,,,,,,,0.251,,0.092,0.763,,,0.025,,0.094,,0.104,0.169,0.093,0.157,0.169,0.364,0.58,0.343,0.181,0.152,0.135,,0.61,,,,,,,,0.142,0.208,0.115,0.143,0.393,,,,,0.114,0.357,0.587,,,0.522,0.605,,0.142,0.161,0.194,0.64,0.638,0.16,0.139,0.642,0.182,,,0.235,,,,,0.159,,,,0.164,,0.103,,0.182,0.113,0.117,0.095,,,,0.427,0.09,,,0.127,0.117
162,14043480,,0.569,0.571,,,,0.243,,,,,0.132,0.235,,0.22,0.12,,0.155,,,,,,,,0.531,,0.435,0.201,,,0.094,,0.389,0.273,,,,0.102,0.125,0.17,,,,0.08,0.485,0.515,0.486,,,,0.241,,0.088,,,,,,0.219,0.17,,,,0.203,0.172,0.055,0.126,,,,0.1,0.167,0.158,,0.356,,,,,,0.093,,,,,0.147,0.073,0.402,0.652,0.037,0.101,0.485,0.3,0.494,0.071,0.177,0.127,,,0.197,,,0.09,0.03,0.015,,0.046,0.193,,,,,,,,0.251,,0.092,0.764,,,0.025,,0.093,,0.105,0.168,0.093,0.158,0.169,0.364,0.587,0.346,0.186,0.153,0.135,,0.609,,,,,,,,0.148,0.212,0.115,0.143,0.39,,,,,0.114,0.357,0.587,,,0.522,0.605,,0.144,0.158,0.194,0.64,0.638,0.16,0.139,0.64,0.183,,,0.237,,,,,0.158,,,,0.164,,0.103,,0.178,0.112,0.117,0.095,,,,0.427,0.087,,,0.127,0.116
162,14043540,,0.569,0.57,,,,0.243,,,,,0.144,0.228,,0.22,0.101,,0.155,,,,,,,,0.531,,0.436,0.201,,,0.093,,0.389,0.271,,,,0.102,0.125,0.17,,,,0.079,0.485,0.515,0.486,,,,0.241,,0.088,,,,,,0.209,0.17,,,,0.203,0.173,0.055,0.126,,,,0.101,0.168,0.158,,0.355,,,,,,0.093,,,,,0.145,0.072,0.363,0.643,0.037,0.101,0.477,0.299,0.49,0.071,0.177,0.129,,,0.197,,,0.09,0.031,0.032,,0.046,0.193,,,,,,,,0.259,,0.094,0.763,,,0.025,,0.093,,0.105,0.168,0.094,0.157,0.17,0.364,0.573,0.349,0.184,0.153,0.136,,0.609,,,,,,,,0.163,0.214,0.115,0.143,0.389,,,,,0.115,0.357,0.587,,,0.523,0.605,,0.144,0.159,0.195,0.64,0.638,0.16,0.139,0.629,0.183,,,0.235,,,,,0.159,,,,0.165,,0.103,,0.191,0.112,0.116,0.095,,,,0.429,0.083,,,0.127,0.116
162,14043600,,,,,,,,,,,,,,,,,,,,,,,,,,,,,,,,,,,,,,,,,,,,,,,,,,,,,,,,,,,,,,,,,,,,,,,,,,,,,,,,,,,,,,,,,,,,,,,,,,,,,,,,,,,,,,,,,,,,,,,,,,,,,,,,,,,,,,,,,,,,,,,,,,,,,,,,,,,,,,,,,,,,,,,,,,,,,,,,,,,,,,,,,,,,,,,,,,,,,,,,
162,14043660,,,,,,,,,,,,,,,,,,,,,,,,,,,,,,,,,,,,,,,,,,,,,,,,,,,,,,,,,,,,,,,,,,,,,,,,,,,,,,,,,,,,,,,,,,,,,,,,,,,,,,,,,,,,,,,,,,,,,,,,,,,,,,,,,,,,,,,,,,,,,,,,,,,,,,,,,,,,,,,,,,,,,,,,,,,,,,,,,,,,,,,,,,,,,,,,,,,,,,,,
162,14043720,,,,,,,,,,,,,,,,0.162,,,,,,,,,,,,0.418,,,,,,,,,,,0.104,,,,,,,,0.515,0.473,,,,,,,,,,,,,0.17,,,,,,,,,,,,,,,,,,,,,,,,,,,,0.388,,0.037,,,0.311,,,,,,,,,,,,,,,,,,,,,,,0.241,,,,,,,,,,,,,,0.148,,,,,,,,,,,,,,,,,,,,,,,,,0.113,,,,,,,,,,,,,,,,,,,,,,,,,,,,,,,,0.249,,,,,,,,0.076,,,,
162,14043780,,0.568,0.57,,,,0.246,,,,,0.136,0.228,,0.218,0.171,,0.156,,,,,,,,0.415,,0.419,0.202,,,0.093,,0.391,0.266,,,,0.104,0.125,0.169,,,,0.082,0.487,0.515,0.473,,,,0.171,,0.09,,,,,,0.222,0.17,,,,0.202,0.161,0.054,0.126,,,,0.101,0.169,0.159,,0.378,,,,,,0.093,,,,,0.16,0.073,0.398,0.614,0.036,0.101,0.496,0.313,0.501,0.071,0.182,0.132,,,0.197,,,0.091,0.052,0.061,,0.113,0.196,,,,,,,,0.244,,0.093,0.772,,,0.024,,0.094,,0.105,0.168,0.094,0.158,0.148,0.364,0.595,0.394,0.185,0.153,0.135,,0.61,,,,,,,,0.265,0.218,0.115,0.143,0.401,,,,,0.112,0.356,0.587,,,0.524,0.605,,0.141,0.153,0.195,0.64,0.638,0.16,0.139,0.639,0.185,,,0.228,,,,,0.159,,,,0.166,,0.104,,0.259,0.112,0.115,0.096,,,,0.427,0.078,,,0.127,0.116
162,14043840,,0.568,0.57,,,,0.246,,,,,0.133,0.242,,0.218,0.175,,0.154,,,,,,,,0.415,,0.415,0.202,,,0.094,,0.391,0.266,,,,0.104,0.125,0.168,,,,0.081,0.487,0.515,0.486,,,,0.171,,0.091,,,,,,0.225,0.17,,,,0.202,0.16,0.054,0.125,,,,0.102,0.168,0.159,,0.374,,,,,,0.094,,,,,0.158,0.073,0.447,0.617,0.036,0.101,0.502,0.315,0.514,0.071,0.178,0.13,,,0.197,,,0.091,0.024,0.064,,0.047,0.195,,,,,,,,0.243,,0.092,0.769,,,0.025,,0.093,,0.107,0.168,0.093,0.158,0.148,0.364,0.59,0.379,0.185,0.153,0.135,,0.61,,,,,,,,0.263,0.217,0.115,0.143,0.402,,,,,0.112,0.355,0.586,,,0.524,0.605,,0.143,0.153,0.195,0.64,0.638,0.16,0.139,0.636,0.186,,,0.219,,,,,0.157,,,,0.164,,0.104,,0.254,0.113,0.115,0.095,,,,0.428,0.083,,,0.127,0.117
162,14043900,,0.568,0.571,,,,0.246,,,,,0.144,0.246,,0.218,0.176,,0.154,,,,,,,,0.415,,0.418,0.202,,,0.094,,0.392,0.271,,,,0.104,0.126,0.167,,,,0.081,0.485,0.515,0.486,,,,0.171,,0.088,,,,,,0.222,0.17,,,,0.202,0.161,0.054,0.126,,,,0.102,0.169,0.159,,0.371,,,,,,0.089,,,,,0.158,0.073,0.406,0.598,0.036,0.101,0.497,0.315,0.507,0.071,0.181,0.134,,,0.197,,,0.091,0.026,0.036,,0.128,0.195,,,,,,,,0.247,,0.091,0.771,,,0.024,,0.093,,0.105,0.168,0.092,0.158,0.148,0.364,0.602,0.372,0.186,0.154,0.135,,0.61,,,,,,,,0.265,0.217,0.115,0.143,0.402,,,,,0.112,0.355,0.587,,,0.524,0.605,,0.142,0.153,0.195,0.64,0.638,0.16,0.139,0.634,0.187,,,0.217,,,,,0.159,,,,0.164,,0.104,,0.249,0.113,0.116,0.099,,,,0.428,0.084,,,0.127,0.117
162,14043960,,0.568,0.571,,,,0.246,,,,,0.141,0.237,,0.219,0.18,,0.154,,,,,,,,0.415,,0.416,0.202,,,0.095,,0.392,0.272,,,,0.104,0.13,0.169,,,,0.081,0.486,0.515,0.486,,,,0.171,,0.089,,,,,,0.253,0.17,,,,0.202,0.161,0.054,0.126,,,,0.101,0.169,0.159,,0.373,,,,,,0.09,,,,,0.156,0.072,0.409,0.608,0.036,0.101,0.502,0.312,0.498,0.071,0.177,0.133,,,0.197,,,0.09,0.028,0.02,,0.047,0.195,,,,,,,,0.237,,0.091,0.772,,,0.025,,0.093,,0.105,0.168,0.093,0.159,0.148,0.364,0.599,0.352,0.187,0.153,0.136,,0.61,,,,,,,,0.266,0.219,0.115,0.143,0.399,,,,,0.112,0.354,0.587,,,0.525,0.605,,0.142,0.153,0.195,0.64,0.638,0.16,0.139,0.635,0.187,,,0.22,,,,,0.159,,,,0.163,,0.104,,0.247,0.112,0.116,0.121,,,,0.429,0.087,,,0.127,0.117
162,14044020,,0.568,0.571,,,,0.246,,,,,0.147,0.231,,0.219,0.179,,0.154,,,,,,,,0.415,,0.408,0.202,,,0.093,,0.392,0.272,,,,0.104,0.127,0.168,,,,0.08,0.486,0.515,0.486,,,,0.171,,0.09,,,,,,0.234,0.17,,,,0.202,0.161,0.054,0.126,,,,0.101,0.169,0.159,,0.374,,,,,,0.09,,,,,0.154,0.072,0.444,0.555,0.036,0.101,0.494,0.309,0.518,0.071,0.178,0.134,,,0.197,,,0.091,0.03,0.018,,0.047,0.194,,,,,,,,0.233,,0.092,0.769,,,0.025,,0.094,,0.106,0.168,0.092,0.158,0.149,0.364,0.592,0.355,0.181,0.152,0.136,,0.61,,,,,,,,0.266,0.22,0.115,0.143,0.4,,,,,0.112,0.354,0.587,,,0.524,0.606,,0.141,0.153,0.196,0.64,0.638,0.16,0.139,0.633,0.187,,,0.232,,,,,0.159,,,,0.163,,0.105,,0.242,0.112,0.115,0.119,,,,0.427,0.088,,,0.127,0.117
162,14044080,,0.568,0.571,,,,0.245,,,,,0.138,0.225,,0.219,0.176,,0.154,,,,,,,,0.415,,0.416,0.202,,,0.094,,0.392,0.271,,,,0.104,0.127,0.168,,,,0.079,0.486,0.515,0.487,,,,0.171,,0.091,,,,,,0.217,0.17,,,,0.202,0.161,0.054,0.127,,,,0.099,0.169,0.159,,0.376,,,,,,0.089,,,,,0.153,0.072,0.436,0.585,0.037,0.101,0.501,0.31,0.513,0.071,0.178,0.134,,,0.197,,,0.091,0.025,0.017,,0.047,0.194,,,,,,,,0.252,,0.093,0.768,,,0.025,,0.094,,0.106,0.168,0.091,0.159,0.147,0.364,0.594,0.346,0.191,0.153,0.136,,0.61,,,,,,,,0.269,0.223,0.115,0.143,0.401,,,,,0.112,0.353,0.587,,,0.524,0.606,,0.141,0.153,0.195,0.64,0.638,0.16,0.139,0.627,0.185,,,0.236,,,,,0.158,,,,0.163,,0.104,,0.262,0.112,0.115,0.117,,,,0.427,0.085,,,0.127,0.116
162,14044140,,0.568,0.571,,,,0.245,,,,,0.146,0.221,,0.219,0.177,,0.154,,,,,,,,0.415,,0.414,0.202,,,0.094,,0.393,0.272,,,,0.104,0.126,0.167,,,,0.079,0.486,0.515,0.487,,,,0.171,,0.09,,,,,,0.214,0.17,,,,0.202,0.161,0.054,0.126,,,,0.1,0.168,0.159,,0.373,,,,,,0.09,,,,,0.155,0.072,0.398,0.584,0.036,0.101,0.495,0.317,0.511,0.071,0.178,0.131,,,0.197,,,0.091,0.025,0.018,,0.053,0.194,,,,,,,,0.24,,0.092,0.767,,,0.025,,0.093,,0.105,0.169,0.092,0.16,0.147,0.364,0.597,0.353,0.187,0.152,0.136,,0.61,,,,,,,,0.27,0.22,0.114,0.143,0.4,,,,,0.112,0.353,0.587,,,0.524,0.606,,0.14,0.153,0.195,0.64,0.638,0.16,0.139,0.62,0.185,,,0.241,,,,,0.158,,,,0.164,,0.104,,0.247,0.111,0.116,0.105,,,,0.427,0.085,,,0.127,0.116
162,14044200,,0.568,0.571,,,,0.245,,,,,0.145,0.225,,0.219,0.18,,0.154,,,,,,,,0.415,,0.399,0.201,,,0.094,,0.393,0.276,,,,0.104,0.126,0.168,,,,0.083,0.486,0.515,0.487,,,,0.171,,0.09,,,,,,0.221,0.17,,,,0.202,0.161,0.054,0.126,,,,0.1,0.169,0.159,,0.373,,,,,,0.091,,,,,0.152,0.073,0.429,0.594,0.037,0.101,0.308,0.313,0.508,0.071,0.178,0.13,,,0.197,,,0.09,0.028,0.018,,0.06,0.195,,,,,,,,0.238,,0.093,0.773,,,0.025,,0.094,,0.105,0.168,0.093,0.158,0.147,0.364,0.601,0.346,0.181,0.152,0.136,,0.61,,,,,,,,0.28,0.22,0.114,0.143,0.398,,,,,0.112,0.352,0.586,,,0.524,0.606,,0.141,0.154,0.195,0.64,0.638,0.16,0.139,0.611,0.188,,,0.242,,,,,0.159,,,,0.164,,0.103,,0.236,0.112,0.115,0.102,,,,0.427,0.083,,,0.127,0.117
162,14044260,,0.568,0.571,,,,0.246,,,,,0.145,0.225,,0.221,0.175,,0.154,,,,,,,,0.415,,0.398,0.201,,,0.094,,0.394,0.276,,,,0.104,0.126,0.168,,,,0.082,0.486,0.515,0.488,,,,0.171,,0.091,,,,,,0.225,0.17,,,,0.202,0.161,0.054,0.127,,,,0.1,0.169,0.159,,0.375,,,,,,0.093,,,,,0.153,0.072,0.445,0.581,0.037,0.101,0.309,0.311,0.513,0.071,0.178,0.133,,,0.197,,,0.09,0.063,0.128,,0.13,0.195,,,,,,,,0.228,,0.092,0.775,,,0.025,,0.093,,0.106,0.168,0.093,0.158,0.148,0.364,0.588,0.365,0.191,0.152,0.136,,0.61,,,,,,,,0.356,0.246,0.114,0.143,0.398,,,,,0.112,0.352,0.586,,,0.525,0.606,,0.141,0.154,0.195,0.64,0.638,0.16,0.139,0.615,0.188,,,0.241,,,,,0.159,,,,0.163,,0.104,,0.222,0.111,0.115,0.098,,,,0.426,0.088,,,0.127,0.118
162,14044320,,0.569,0.571,,,,0.246,,,,,0.141,0.224,,0.219,0.179,,0.154,,,,,,,,0.416,,0.406,0.201,,,0.094,,0.394,0.277,,,,0.104,0.125,0.168,,,,0.081,0.486,0.516,0.488,,,,0.171,,0.093,,,,,,0.219,0.17,,,,0.202,0.161,0.054,0.128,,,,0.099,0.169,0.158,,0.372,,,,,,0.093,,,,,0.156,0.072,0.424,0.591,0.037,0.101,0.418,0.31,0.516,0.071,0.18,0.132,,,0.197,,,0.091,0.027,0.019,,0.1,0.194,,,,,,,,0.242,,0.092,0.771,,,0.025,,0.094,,0.106,0.169,0.091,0.158,0.148,0.364,0.603,0.36,0.186,0.152,0.136,,0.61,,,,,,,,0.374,0.241,0.114,0.143,0.4,,,,,0.112,0.351,0.586,,,0.525,0.606,,0.141,0.154,0.195,0.64,0.638,0.16,0.139,0.626,0.191,,,0.242,,,,,0.159,,,,0.163,,0.104,,0.157,0.112,0.115,0.098,,,,0.426,0.089,,,0.127,0.118
162,14044380,,0.569,0.571,,,,0.247,,,,,0.141,0.205,,0.219,0.17,,0.157,,,,,,,,0.416,,0.408,0.202,,,0.095,,0.394,0.276,,,,0.104,0.125,0.167,,,,0.079,0.485,0.516,0.488,,,,0.171,,0.09,,,,,,0.223,0.171,,,,0.202,0.162,0.054,0.127,,,,0.099,0.169,0.158,,0.369,,,,,,0.092,,,,,0.157,0.072,0.421,0.585,0.037,0.101,0.409,0.305,0.511,0.071,0.181,0.133,,,0.197,,,0.092,0.049,0.078,,0.048,0.194,,,,,,,,0.232,,0.092,0.77,,,0.025,,0.092,,0.105,0.168,0.092,0.16,0.147,0.364,0.607,0.355,0.183,0.152,0.137,,0.61,,,,,,,,0.362,0.238,0.114,0.143,0.401,,,,,0.112,0.351,0.586,,,0.525,0.606,,0.141,0.155,0.195,0.64,0.638,0.16,0.139,0.632,0.195,,,0.238,,,,,0.157,,,,0.163,,0.104,,0.168,0.112,0.115,0.096,,,,0.426,0.089,,,0.127,0.118
162,14044440,,0.569,0.571,,,,0.247,,,,,0.141,0.21,,0.219,0.157,,0.159,,,,,,,,0.415,,0.405,0.201,,,0.093,,0.394,0.274,,,,0.103,0.125,0.168,,,,0.08,0.485,0.516,0.488,,,,0.171,,0.09,,,,,,0.222,0.171,,,,0.202,0.162,0.054,0.127,,,,0.1,0.168,0.158,,0.367,,,,,,0.092,,,,,0.15,0.072,0.431,0.586,0.036,0.101,0.411,0.312,0.509,0.071,0.179,0.135,,,0.197,,,0.09,0.084,0.018,,0.049,0.194,,,,,,,,0.239,,0.092,0.773,,,0.025,,0.093,,0.105,0.169,0.093,0.159,0.146,0.364,0.61,0.346,0.18,0.152,0.136,,0.61,,,,,,,,0.351,0.221,0.114,0.143,0.399,,,,,0.112,0.351,0.586,,,0.525,0.607,,0.142,0.154,0.195,0.64,0.638,0.16,0.139,0.63,0.199,,,0.232,,,,,0.158,,,,0.164,,0.104,,0.169,0.111,0.115,0.095,,,,0.425,0.089,,,0.127,0.118
162,14044500,,0.569,0.571,,,,0.246,,,,,0.141,0.211,,0.218,0.148,,0.156,,,,,,,,0.416,,0.396,0.201,,,0.094,,0.394,0.27,,,,0.103,0.126,0.168,,,,0.079,0.487,0.516,0.488,,,,0.171,,0.09,,,,,,0.213,0.171,,,,0.202,0.162,0.054,0.127,,,,0.1,0.168,0.158,,0.363,,,,,,0.093,,,,,0.154,0.071,0.433,0.582,0.036,0.101,0.452,0.309,0.512,0.071,0.18,0.13,,,0.197,,,0.09,0.03,0.054,,0.063,0.194,,,,,,,,0.229,,0.093,0.773,,,0.025,,0.094,,0.106,0.169,0.093,0.158,0.147,0.364,0.604,0.372,0.182,0.152,0.136,,0.61,,,,,,,,0.329,0.21,0.114,0.143,0.398,,,,,0.112,0.35,0.586,,,0.525,0.607,,0.141,0.154,0.195,0.64,0.638,0.16,0.139,0.625,0.202,,,0.229,,,,,0.159,,,,0.165,,0.103,,0.164,0.112,0.116,0.095,,,,0.425,0.088,,,0.127,0.118
162,14044560,,0.569,0.571,,,,0.246,,,,,0.141,0.202,,0.218,0.133,,0.154,,,,,,,,0.416,,0.385,0.202,,,0.094,,0.395,0.271,,,,0.103,0.126,0.168,,,,0.079,0.488,0.516,0.488,,,,0.171,,0.092,,,,,,0.215,0.171,,,,0.202,0.162,0.053,0.126,,,,0.098,0.168,0.157,,0.361,,,,,,0.092,,,,,0.149,0.072,0.401,0.59,0.036,0.101,0.249,0.307,0.502,0.071,0.177,0.133,,,0.197,,,0.091,0.025,0.018,,0.078,0.194,,,,,,,,0.235,,0.092,0.775,,,0.025,,0.093,,0.105,0.169,0.091,0.159,0.147,0.364,0.601,0.365,0.184,0.153,0.136,,0.61,,,,,,,,0.325,0.213,0.114,0.143,0.398,,,,,0.112,0.35,0.586,,,0.525,0.607,,0.14,0.155,0.194,0.64,0.638,0.16,0.139,0.622,0.201,,,0.225,,,,,0.159,,,,0.163,,0.104,,0.177,0.112,0.115,0.095,,,,0.427,0.086,,,0.127,0.118
162,14044620,,0.569,0.571,,,,0.246,,,,,0.141,0.205,,0.218,0.132,,0.153,,,,,,,,0.416,,0.401,0.202,,,0.094,,0.395,0.274,,,,0.103,0.125,0.167,,,,0.079,0.488,0.516,0.488,,,,0.171,,0.091,,,,,,0.217,0.171,,,,0.202,0.162,0.053,0.127,,,,0.099,0.168,0.157,,0.36,,,,,,0.093,,,,,0.151,0.072,0.434,0.583,0.036,0.101,0.337,0.305,0.505,0.071,0.178,0.135,,,0.197,,,0.09,0.027,0.019,,0.065,0.194,,,,,,,,0.236,,0.092,0.771,,,0.025,,0.092,,0.105,0.168,0.092,0.158,0.147,0.364,0.612,0.349,0.186,0.152,0.136,,0.61,,,,,,,,0.325,0.221,0.114,0.143,0.398,,,,,0.112,0.349,0.587,,,0.525,0.607,,0.141,0.155,0.195,0.64,0.638,0.16,0.139,0.624,0.203,,,0.223,,,,,0.159,,,,0.162,,0.103,,0.182,0.112,0.116,0.093,,,,0.427,0.087,,,0.127,0.118
162,14044680,,0.568,0.571,,,,0.247,,,,,0.141,0.224,,0.219,0.126,,0.153,,,,,,,,0.415,,0.413,0.202,,,0.093,,0.395,0.277,,,,0.103,0.125,0.169,,,,0.079,0.488,0.516,0.489,,,,0.171,,0.092,,,,,,0.215,0.171,,,,0.202,0.162,0.053,0.126,,,,0.099,0.168,0.157,,0.36,,,,,,0.093,,,,,0.154,0.072,0.419,0.575,0.037,0.101,0.358,0.309,0.495,0.071,0.181,0.132,,,0.197,,,0.091,0.025,0.018,,0.048,0.194,,,,,,,,0.247,,0.093,0.777,,,0.025,,0.092,,0.106,0.168,0.093,0.158,0.147,0.364,0.604,0.354,0.182,0.153,0.136,,0.61,,,,,,,,0.325,0.22,0.114,0.143,0.395,,,,,0.112,0.349,0.587,,,0.525,0.607,,0.141,0.156,0.194,0.64,0.638,0.16,0.139,0.622,0.203,,,0.218,,,,,0.159,,,,0.164,,0.104,,0.181,0.111,0.116,0.093,,,,0.428,0.087,,,0.127,0.118
162,14044740,,0.568,0.571,,,,0.247,,,,,0.141,0.205,,0.219,0.133,,0.153,,,,,,,,0.415,,0.413,0.202,,,0.093,,0.395,0.275,,,,0.102,0.125,0.169,,,,0.078,0.488,0.516,0.489,,,,0.171,,0.091,,,,,,0.212,0.171,,,,0.202,0.162,0.053,0.126,,,,0.099,0.168,0.157,,0.363,,,,,,0.094,,,,,0.155,0.072,0.385,0.583,0.037,0.101,0.369,0.312,0.497,0.071,0.179,0.131,,,0.197,,,0.091,0.033,0.043,,0.06,0.194,,,,,,,,0.238,,0.094,0.775,,,0.025,,0.093,,0.106,0.167,0.093,0.158,0.147,0.364,0.595,0.341,0.185,0.152,0.137,,0.61,,,,,,,,0.325,0.223,0.114,0.143,0.394,,,,,0.112,0.349,0.587,,,0.525,0.607,,0.142,0.154,0.194,0.64,0.638,0.16,0.139,0.625,0.205,,,0.218,,,,,0.159,,,,0.164,,0.104,,0.179,0.113,0.117,0.093,,,,0.429,0.079,,,0.127,0.118
162,14044800,,0.568,0.571,,,,0.246,,,,,0.141,0.212,,0.218,0.128,,0.153,,,,,,,,0.416,,0.42,0.202,,,0.094,,0.396,0.274,,,,0.102,0.126,0.169,,,,0.079,0.486,0.516,0.488,,,,0.171,,0.091,,,,,,0.219,0.171,,,,0.202,0.162,0.054,0.126,,,,0.098,0.168,0.157,,0.365,,,,,,0.091,,,,,0.155,0.072,0.439,0.583,0.037,0.101,0.405,0.312,0.504,0.071,0.177,0.131,,,0.197,,,0.092,0.025,0.018,,0.141,0.193,,,,,,,,0.236,,0.091,0.775,,,0.025,,0.093,,0.105,0.168,0.092,0.159,0.148,0.364,0.61,0.339,0.186,0.153,0.136,,0.61,,,,,,,,0.326,0.227,0.114,0.143,0.395,,,,,0.112,0.349,0.587,,,0.525,0.607,,0.141,0.154,0.194,0.64,0.638,0.16,0.139,0.62,0.204,,,0.222,,,,,0.158,,,,0.164,,0.104,,0.183,0.112,0.115,0.093,,,,0.429,0.088,,,0.127,0.118
162,14044860,,0.569,0.57,,,,0.246,,,,,0.147,0.224,,0.218,0.103,,0.153,,,,,,,,0.415,,0.423,0.202,,,0.095,,0.396,0.274,,,,0.102,0.126,0.167,,,,0.078,0.486,0.516,0.488,,,,0.171,,0.091,,,,,,0.217,0.171,,,,0.202,0.162,0.054,0.127,,,,0.097,0.168,0.157,,0.364,,,,,,0.092,,,,,0.154,0.072,0.412,0.593,0.037,0.101,0.424,0.306,0.503,0.071,0.179,0.131,,,0.197,,,0.09,0.038,0.04,,0.05,0.193,,,,,,,,0.253,,0.093,0.773,,,0.025,,0.091,,0.105,0.168,0.092,0.158,0.148,0.364,0.607,0.341,0.184,0.152,0.136,,0.611,,,,,,,,0.326,0.227,0.114,0.143,0.395,,,,,0.112,0.348,0.587,,,0.525,0.607,,0.143,0.154,0.195,0.64,0.638,0.16,0.139,0.615,0.204,,,0.222,,,,,0.158,,,,0.164,,0.104,,0.142,0.112,0.116,0.094,,,,0.428,0.09,,,0.127,0.118
162,14044920,,0.569,0.571,,,,0.246,,,,,0.139,0.208,,0.219,0.088,,0.153,,,,,,,,0.415,,0.409,0.202,,,0.092,,0.396,0.274,,,,0.102,0.125,0.167,,,,0.078,0.486,0.516,0.488,,,,0.171,,0.09,,,,,,0.217,0.171,,,,0.203,0.162,0.054,0.127,,,,0.097,0.168,0.157,,0.362,,,,,,0.093,,,,,0.149,0.071,0.435,0.581,0.037,0.101,0.453,0.306,0.498,0.071,0.177,0.131,,,0.197,,,0.091,0.067,0.113,,0.05,0.193,,,,,,,,0.245,,0.093,0.772,,,0.025,,0.093,,0.106,0.167,0.093,0.158,0.148,0.364,0.592,0.341,0.183,0.152,0.137,,0.611,,,,,,,,0.327,0.225,0.114,0.143,0.393,,,,,0.112,0.348,0.587,,,0.525,0.608,,0.144,0.154,0.195,0.64,0.638,0.16,0.139,0.612,0.202,,,0.226,,,,,0.158,,,,0.163,,0.103,,0.161,0.113,0.116,0.095,,,,0.428,0.094,,,0.127,0.118
162,14044980,,0.569,0.571,,,,0.246,,,,,0.153,0.204,,0.218,0.085,,0.153,,,,,,,,0.415,,0.411,0.202,,,0.094,,0.396,0.273,,,,0.102,0.125,0.169,,,,0.077,0.486,0.516,0.489,,,,0.171,,0.091,,,,,,0.215,0.171,,,,0.203,0.161,0.054,0.127,,,,0.1,0.168,0.157,,0.36,,,,,,0.093,,,,,0.153,0.072,0.409,0.592,0.037,0.101,0.464,0.308,0.486,0.071,0.177,0.133,,,0.197,,,0.091,0.062,0.103,,0.051,0.193,,,,,,,,0.243,,0.094,0.777,,,0.025,,0.093,,0.107,0.169,0.093,0.159,0.148,0.364,0.599,0.325,0.184,0.153,0.136,,0.612,,,,,,,,0.342,0.225,0.114,0.143,0.39,,,,,0.112,0.348,0.587,,,0.525,0.607,,0.144,0.154,0.195,0.64,0.638,0.16,0.139,0.608,0.201,,,0.228,,,,,0.158,,,,0.165,,0.104,,0.175,0.113,0.117,0.095,,,,0.428,0.093,,,0.127,0.118
162,14045040,,0.569,0.571,,,,0.246,,,,,0.122,0.224,,0.218,0.087,,0.153,,,,,,,,0.415,,0.417,0.202,,,0.094,,0.396,0.272,,,,0.102,0.125,0.168,,,,0.077,0.486,0.516,0.489,,,,0.171,,0.091,,,,,,0.223,0.171,,,,0.203,0.16,0.054,0.127,,,,0.098,0.167,0.157,,0.358,,,,,,0.091,,,,,0.15,0.071,0.413,0.588,0.036,0.101,0.458,0.306,0.49,0.071,0.178,0.13,,,0.197,,,0.092,0.037,0.042,,0.075,0.193,,,,,,,,0.242,,0.092,0.774,,,0.025,,0.092,,0.105,0.168,0.093,0.159,0.146,0.364,0.608,0.349,0.189,0.153,0.136,,0.612,,,,,,,,0.342,0.231,0.114,0.143,0.389,,,,,0.112,0.347,0.587,,,0.525,0.607,,0.143,0.154,0.196,0.641,0.638,0.16,0.139,0.605,0.201,,,0.226,,,,,0.159,,,,0.165,,0.104,,0.114,0.112,0.116,0.096,,,,0.429,0.093,,,0.127,0.118
162,14045100,,0.569,0.571,,,,0.246,,,,,0.12,0.219,,0.218,0.107,,0.153,,,,,,,,0.415,,0.417,0.203,,,0.095,,0.396,0.27,,,,0.102,0.126,0.169,,,,0.077,0.486,0.516,0.491,,,,0.171,,0.091,,,,,,0.221,0.171,,,,0.203,0.161,0.054,0.128,,,,0.098,0.167,0.157,,0.361,,,,,,0.092,,,,,0.152,0.071,0.43,0.593,0.037,0.101,0.467,0.307,0.508,0.071,0.18,0.133,,,0.197,,,0.091,0.038,0.018,,0.078,0.193,,,,,,,,0.237,,0.093,0.773,,,0.025,,0.092,,0.106,0.168,0.093,0.159,0.146,0.364,0.607,0.351,0.181,0.153,0.137,,0.612,,,,,,,,0.348,0.233,0.114,0.143,0.392,,,,,0.112,0.347,0.587,,,0.525,0.607,,0.144,0.154,0.195,0.64,0.638,0.16,0.139,0.62,0.2,,,0.226,,,,,0.159,,,,0.164,,0.103,,0.173,0.113,0.115,0.102,,,,0.429,0.093,,,0.127,0.118
162,14045160,,0.569,0.571,,,,0.246,,,,,0.114,0.207,,0.219,0.086,,0.153,,,,,,,,0.415,,0.422,0.203,,,0.094,,0.396,0.267,,,,0.102,0.128,0.167,,,,0.076,0.486,0.516,0.492,,,,0.171,,0.092,,,,,,0.244,0.171,,,,0.203,0.161,0.054,0.127,,,,0.1,0.167,0.157,,0.36,,,,,,0.094,,,,,0.15,0.071,0.432,0.599,0.037,0.101,0.474,0.3,0.488,0.071,0.178,0.13,,,0.197,,,0.09,0.024,0.018,,0.074,0.193,,,,,,,,0.25,,0.093,0.775,,,0.025,,0.094,,0.107,0.168,0.093,0.158,0.146,0.364,0.62,0.354,0.181,0.153,0.138,,0.612,,,,,,,,0.349,0.233,0.114,0.143,0.39,,,,,0.112,0.346,0.587,,,0.525,0.608,,0.141,0.154,0.196,0.641,0.638,0.16,0.139,0.624,0.2,,,0.227,,,,,0.159,,,,0.164,,0.103,,0.179,0.113,0.116,0.11,,,,0.429,0.093,,,0.127,0.118
162,14045220,,0.569,0.571,,,,0.246,,,,,0.165,0.209,,0.219,0.082,,0.153,,,,,,,,0.415,,0.425,0.202,,,0.095,,0.396,0.266,,,,0.102,0.126,0.168,,,,0.076,0.486,0.516,0.492,,,,0.171,,0.09,,,,,,0.235,0.171,,,,0.203,0.161,0.054,0.126,,,,0.098,0.167,0.156,,0.355,,,,,,0.094,,,,,0.151,0.071,0.42,0.604,0.037,0.101,0.473,0.306,0.505,0.071,0.18,0.13,,,0.197,,,0.091,0.024,0.018,,0.073,0.193,,,,,,,,0.26,,0.094,0.778,,,0.025,,0.093,,0.107,0.169,0.093,0.159,0.147,0.364,0.604,0.357,0.181,0.154,0.137,,0.611,,,,,,,,0.343,0.238,0.114,0.143,0.388,,,,,0.112,0.346,0.587,,,0.525,0.608,,0.141,0.154,0.196,0.64,0.638,0.16,0.139,0.621,0.2,,,0.226,,,,,0.159,,,,0.163,,0.103,,0.179,0.113,0.117,0.11,,,,0.427,0.093,,,0.127,0.118
162,14045280,,0.569,0.571,,,,0.246,,,,,0.162,0.209,,0.219,0.076,,0.153,,,,,,,,0.415,,0.423,0.203,,,0.094,,0.397,0.27,,,,0.102,0.125,0.169,,,,0.076,0.486,0.516,0.492,,,,0.171,,0.09,,,,,,0.231,0.171,,,,0.203,0.161,0.054,0.127,,,,0.096,0.168,0.156,,0.35,,,,,,0.092,,,,,0.152,0.072,0.432,0.594,0.037,0.101,0.472,0.3,0.485,0.071,0.179,0.13,,,0.197,,,0.091,0.048,0.095,,0.051,0.193,,,,,,,,0.243,,0.094,0.78,,,0.025,,0.093,,0.106,0.169,0.092,0.159,0.145,0.364,0.609,0.34,0.185,0.152,0.138,,0.612,,,,,,,,0.344,0.241,0.113,0.143,0.388,,,,,0.112,0.346,0.586,,,0.526,0.608,,0.142,0.154,0.195,0.64,0.638,0.16,0.139,0.615,0.2,,,0.224,,,,,0.159,,,,0.163,,0.103,,0.203,0.112,0.117,0.106,,,,0.427,0.092,,,0.127,0.118
162,14045340,,0.569,0.571,,,,0.246,,,,,0.163,0.209,,0.218,0.09,,0.153,,,,,,,,0.415,,0.437,0.203,,,0.093,,0.397,0.27,,,,0.102,0.125,0.167,,,,0.076,0.486,0.516,0.492,,,,0.171,,0.091,,,,,,0.219,0.171,,,,0.203,0.161,0.054,0.128,,,,0.098,0.167,0.156,,0.353,,,,,,0.092,,,,,0.15,0.072,0.432,0.601,0.036,0.101,0.471,0.301,0.492,0.071,0.178,0.128,,,0.197,,,0.09,0.104,0.12,,0.052,0.193,,,,,,,,0.255,,0.093,0.782,,,0.025,,0.093,,0.106,0.169,0.093,0.157,0.145,0.364,0.613,0.336,0.187,0.153,0.137,,0.612,,,,,,,,0.35,0.243,0.113,0.143,0.392,,,,,0.112,0.346,0.587,,,0.526,0.608,,0.141,0.154,0.196,0.64,0.638,0.16,0.14,0.619,0.197,,,0.222,,,,,0.158,,,,0.163,,0.103,,0.216,0.112,0.116,0.099,,,,0.427,0.093,,,0.127,0.118
162,14045400,,0.569,0.571,,,,0.246,,,,,0.161,0.203,,0.219,0.099,,0.153,,,,,,,,0.415,,0.435,0.203,,,0.093,,0.397,0.268,,,,0.102,0.125,0.167,,,,0.076,0.488,0.516,0.492,,,,0.171,,0.091,,,,,,0.212,0.172,,,,0.203,0.161,0.054,0.127,,,,0.099,0.168,0.159,,0.363,,,,,,0.093,,,,,0.153,0.071,0.406,0.602,0.037,0.101,0.479,0.301,0.489,0.071,0.177,0.133,,,0.197,,,0.091,0.058,0.189,,0.068,0.193,,,,,,,,0.24,,0.093,0.788,,,0.025,,0.094,,0.106,0.169,0.094,0.158,0.144,0.364,0.604,0.338,0.189,0.153,0.136,,0.612,,,,,,,,0.36,0.252,0.113,0.143,0.392,,,,,0.113,0.345,0.586,,,0.526,0.608,,0.141,0.154,0.197,0.64,0.638,0.16,0.14,0.615,0.194,,,0.219,,,,,0.158,,,,0.166,,0.102,,0.218,0.113,0.116,0.095,,,,0.429,0.093,,,0.127,0.118
162,14045460,,0.569,0.571,,,,0.246,,,,,0.166,0.207,,0.219,0.101,,0.153,,,,,,,,0.415,,0.427,0.203,,,0.094,,0.397,0.267,,,,0.101,0.125,0.169,,,,0.076,0.489,0.516,0.492,,,,0.171,,0.091,,,,,,0.213,0.172,,,,0.203,0.161,0.054,0.127,,,,0.099,0.167,0.156,,0.36,,,,,,0.092,,,,,0.159,0.071,0.446,0.604,0.037,0.101,0.478,0.297,0.487,0.071,0.179,0.133,,,0.197,,,0.091,0.024,0.016,,0.074,0.193,,,,,,,,0.232,,0.093,0.784,,,0.025,,0.093,,0.106,0.169,0.093,0.159,0.145,0.364,0.613,0.331,0.188,0.153,0.137,,0.612,,,,,,,,0.358,0.245,0.113,0.143,0.392,,,,,0.113,0.345,0.587,,,0.526,0.608,,0.141,0.154,0.195,0.64,0.638,0.16,0.14,0.61,0.194,,,0.213,,,,,0.158,,,,0.163,,0.104,,0.213,0.114,0.116,0.095,,,,0.43,0.092,,,0.127,0.118
162,14045520,,0.569,0.571,,,,0.246,,,,,0.161,0.207,,0.22,0.107,,0.153,,,,,,,,0.415,,0.426,0.203,,,0.094,,0.398,0.266,,,,0.101,0.125,0.168,,,,0.075,0.489,0.516,0.492,,,,0.171,,0.092,,,,,,0.219,0.172,,,,0.203,0.161,0.054,0.127,,,,0.098,0.167,0.156,,0.358,,,,,,0.092,,,,,0.154,0.072,0.431,0.613,0.036,0.101,0.47,0.296,0.501,0.071,0.178,0.134,,,0.197,,,0.091,0.024,0.017,,0.209,0.193,,,,,,,,0.236,,0.093,0.768,,,0.025,,0.104,,0.105,0.169,0.092,0.158,0.145,0.364,0.609,0.327,0.189,0.153,0.137,,0.612,,,,,,,,0.347,0.249,0.112,0.143,0.392,,,,,0.113,0.344,0.586,,,0.526,0.608,,0.142,0.154,0.195,0.64,0.638,0.16,0.14,0.606,0.193,,,0.216,,,,,0.159,,,,0.163,,0.103,,0.211,0.113,0.117,0.095,,,,0.427,0.092,,,0.127,0.118
162,14045580,,0.569,0.571,,,,0.246,,,,,0.16,0.215,,0.22,0.112,,0.153,,,,,,,,0.415,,0.429,0.203,,,0.095,,0.398,0.266,,,,0.101,0.125,0.167,,,,0.075,0.489,0.516,0.492,,,,0.171,,0.092,,,,,,0.211,0.172,,,,0.203,0.161,0.054,0.128,,,,0.098,0.168,0.157,,0.357,,,,,,0.093,,,,,0.156,0.071,0.414,0.616,0.037,0.101,0.481,0.295,0.491,0.071,0.179,0.133,,,0.197,,,0.091,0.023,0.017,,0.051,0.193,,,,,,,,0.241,,0.093,0.766,,,0.025,,0.105,,0.106,0.168,0.093,0.158,0.145,0.364,0.614,0.335,0.186,0.154,0.137,,0.612,,,,,,,,0.343,0.249,0.112,0.143,0.396,,,,,0.113,0.344,0.586,,,0.526,0.608,,0.142,0.154,0.195,0.64,0.638,0.16,0.14,0.606,0.19,,,0.225,,,,,0.158,,,,0.163,,0.103,,0.209,0.113,0.114,0.094,,,,0.428,0.093,,,0.127,0.118
162,14045640,,0.569,0.571,,,,0.246,,,,,0.16,0.224,,0.22,0.112,,0.153,,,,,,,,0.415,,0.429,0.203,,,0.093,,0.398,0.265,,,,0.101,0.125,0.168,,,,0.075,0.489,0.516,0.492,,,,0.171,,0.092,,,,,,0.212,0.172,,,,0.203,0.161,0.054,0.127,,,,0.099,0.168,0.157,,0.358,,,,,,0.094,,,,,0.156,0.071,0.448,0.615,0.037,0.101,0.475,0.296,0.501,0.071,0.179,0.127,,,0.197,,,0.091,0.031,0.03,,0.107,0.193,,,,,,,,0.234,,0.093,0.766,,,0.025,,0.104,,0.107,0.183,0.093,0.159,0.145,0.364,0.616,0.336,0.184,0.154,0.138,,0.612,,,,,,,,0.345,0.249,0.112,0.143,0.395,,,,,0.113,0.344,0.586,,,0.526,0.608,,0.142,0.155,0.195,0.64,0.638,0.16,0.14,0.609,0.192,,,0.224,,,,,0.158,,,,0.163,,0.103,,0.204,0.113,0.115,0.094,,,,0.43,0.093,,,0.127,0.118
162,14045700,,0.569,0.571,,,,0.246,,,,,0.161,0.223,,0.22,0.106,,0.153,,,,,,,,0.415,,0.436,0.203,,,0.095,,0.398,0.272,,,,0.102,0.125,0.167,,,,0.075,0.487,0.516,0.492,,,,0.171,,0.092,,,,,,0.211,0.172,,,,0.203,0.161,0.054,0.126,,,,0.098,0.168,0.157,,0.361,,,,,,0.095,,,,,0.156,0.072,0.432,0.608,0.036,0.101,0.476,0.295,0.513,0.071,0.177,0.128,,,0.197,,,0.091,0.036,0.047,,0.053,0.193,,,,,,,,0.237,,0.093,0.763,,,0.026,,0.105,,0.105,0.186,0.094,0.159,0.145,0.364,0.615,0.339,0.187,0.153,0.139,,0.612,,,,,,,,0.341,0.256,0.112,0.143,0.392,,,,,0.113,0.343,0.587,,,0.527,0.608,,0.142,0.154,0.195,0.64,0.638,0.16,0.14,0.61,0.19,,,0.223,,,,,0.158,,,,0.163,,0.104,,0.161,0.114,0.115,0.094,,,,0.429,0.093,,,0.127,0.118
162,14045760,,0.569,0.571,,,,0.247,,,,,0.164,0.226,,0.22,0.1,,0.153,,,,,,,,0.415,,0.432,0.203,,,0.094,,0.399,0.273,,,,0.102,0.125,0.168,,,,0.075,0.487,0.516,0.492,,,,0.171,,0.089,,,,,,0.213,0.172,,,,0.203,0.162,0.054,0.127,,,,0.099,0.168,0.157,,0.362,,,,,,0.094,,,,,0.156,0.072,0.437,0.615,0.037,0.101,0.47,0.298,0.498,0.071,0.179,0.13,,,0.197,,,0.091,0.028,0.031,,0.05,0.193,,,,,,,,0.241,,0.092,0.766,,,0.026,,0.106,,0.106,0.187,0.093,0.159,0.145,0.364,0.614,0.341,0.19,0.153,0.137,,0.612,,,,,,,,0.338,0.253,0.112,0.143,0.393,,,,,0.113,0.343,0.586,,,0.526,0.608,,0.141,0.155,0.195,0.64,0.638,0.16,0.14,0.611,0.19,,,0.225,,,,,0.159,,,,0.164,,0.104,,0.152,0.113,0.115,0.094,,,,0.43,0.088,,,0.127,0.118
162,14045820,,0.569,0.571,,,,0.247,,,,,0.161,0.247,,0.22,0.119,,0.153,,,,,,,,0.416,,0.428,0.203,,,0.094,,0.398,0.272,,,,0.102,0.125,0.171,,,,0.076,0.487,0.516,0.492,,,,0.171,,0.09,,,,,,0.211,0.172,,,,0.203,0.162,0.054,0.127,,,,0.1,0.168,0.157,,0.362,,,,,,0.093,,,,,0.154,0.072,0.425,0.616,0.037,0.101,0.482,0.3,0.493,0.071,0.18,0.13,,,0.197,,,0.091,0.03,0.015,,0.051,0.193,,,,,,,,0.239,,0.092,0.767,,,0.026,,0.108,,0.107,0.168,0.093,0.158,0.146,0.364,0.603,0.334,0.186,0.152,0.137,,0.611,,,,,,,,0.33,0.255,0.112,0.143,0.393,,,,,0.113,0.342,0.587,,,0.526,0.608,,0.141,0.154,0.195,0.64,0.638,0.16,0.14,0.604,0.191,,,0.223,,,,,0.157,,,,0.163,,0.104,,0.163,0.113,0.116,0.095,,,,0.43,0.092,,,0.127,0.118
162,14045880,,0.569,0.571,,,,0.247,,,,,0.161,0.251,,0.219,0.133,,0.153,,,,,,,,0.415,,0.435,0.203,,,0.094,,0.399,0.27,,,,0.102,0.125,0.168,,,,0.075,0.487,0.516,0.493,,,,0.171,,0.089,,,,,,0.221,0.172,,,,0.203,0.162,0.054,0.128,,,,0.1,0.168,0.157,,0.36,,,,,,0.094,,,,,0.154,0.072,0.454,0.608,0.037,0.101,0.471,0.295,0.498,0.071,0.18,0.128,,,0.197,,,0.091,0.031,0.04,,0.05,0.193,,,,,,,,0.238,,0.092,0.765,,,0.026,,0.109,,0.107,0.168,0.093,0.159,0.146,0.364,0.612,0.333,0.184,0.153,0.138,,0.611,,,,,,,,0.317,0.256,0.112,0.143,0.394,,,,,0.112,0.342,0.587,,,0.526,0.608,,0.141,0.154,0.195,0.64,0.638,0.16,0.14,0.608,0.192,,,0.221,,,,,0.158,,,,0.163,,0.104,,0.165,0.113,0.117,0.095,,,,0.43,0.093,,,0.127,0.118
162,14045940,,0.569,0.571,,,,0.247,,,,,0.163,0.25,,0.219,0.132,,0.153,,,,,,,,0.415,,0.44,0.203,,,0.094,,0.399,0.269,,,,0.102,0.125,0.168,,,,0.075,0.487,0.516,0.493,,,,0.171,,0.092,,,,,,0.212,0.172,,,,0.203,0.162,0.054,0.128,,,,0.1,0.168,0.157,,0.359,,,,,,0.094,,,,,0.151,0.072,0.405,0.612,0.037,0.101,0.486,0.301,0.505,0.071,0.18,0.131,,,0.197,,,0.092,0.027,0.016,,0.058,0.193,,,,,,,,0.243,,0.094,0.77,,,0.026,,0.111,,0.107,0.168,0.094,0.159,0.146,0.364,0.602,0.347,0.186,0.154,0.137,,0.612,,,,,,,,0.316,0.257,0.112,0.143,0.396,,,,,0.112,0.341,0.587,,,0.526,0.608,,0.142,0.154,0.195,0.64,0.638,0.16,0.14,0.614,0.191,,,0.224,,,,,0.157,,,,0.163,,0.103,,0.175,0.114,0.117,0.095,,,,0.43,0.094,,,0.127,0.118
162,14046000,,0.569,0.571,,,,0.247,,,,,0.161,0.241,,0.219,0.129,,0.153,,,,,,,,0.415,,0.431,0.203,,,0.095,,0.399,0.269,,,,0.102,0.125,0.168,,,,0.075,0.489,0.516,0.493,,,,0.171,,0.089,,,,,,0.216,0.172,,,,0.203,0.161,0.054,0.128,,,,0.101,0.168,0.157,,0.358,,,,,,0.093,,,,,0.151,0.072,0.415,0.608,0.037,0.101,0.476,0.303,0.505,0.071,0.179,0.132,,,0.197,,,0.091,0.173,0.253,,0.058,0.193,,,,,,,,0.245,,0.092,0.768,,,0.026,,0.111,,0.105,0.169,0.093,0.159,0.146,0.364,0.604,0.341,0.184,0.154,0.138,,0.612,,,,,,,,0.311,0.262,0.112,0.143,0.397,,,,,0.112,0.341,0.587,,,0.526,0.608,,0.142,0.155,0.195,0.64,0.638,0.16,0.14,0.618,0.192,,,0.226,,,,,0.156,,,,0.164,,0.105,,0.175,0.113,0.114,0.096,,,,0.428,0.095,,,0.127,0.118
162,14046060,,0.569,0.571,,,,0.247,,,,,0.161,0.243,,0.22,0.113,,0.153,,,,,,,,0.415,,0.441,0.203,,,0.094,,0.399,0.269,,,,0.102,0.125,0.169,,,,0.076,0.489,0.516,0.493,,,,0.171,,0.09,,,,,,0.219,0.172,,,,0.203,0.161,0.054,0.134,,,,0.1,0.168,0.156,,0.356,,,,,,0.094,,,,,0.155,0.072,0.452,0.61,0.037,0.101,0.483,0.296,0.491,0.071,0.179,0.129,,,0.197,,,0.09,0.029,0.219,,0.049,0.193,,,,,,,,0.254,,0.092,0.771,,,0.026,,0.113,,0.107,0.171,0.093,0.159,0.147,0.364,0.609,0.321,0.183,0.153,0.139,,0.612,,,,,,,,0.305,0.261,0.112,0.143,0.394,,,,,0.112,0.341,0.587,,,0.526,0.608,,0.143,0.155,0.195,0.64,0.638,0.16,0.14,0.622,0.19,,,0.227,,,,,0.158,,,,0.165,,0.104,,0.178,0.113,0.116,0.096,,,,0.428,0.095,,,0.127,0.118
162,14046120,,0.569,0.571,,,,0.247,,,,,0.162,0.235,,0.219,0.099,,0.153,,,,,,,,0.415,,0.442,0.203,,,0.094,,0.399,0.271,,,,0.102,0.125,0.168,,,,0.076,0.489,0.516,0.493,,,,0.171,,0.089,,,,,,0.217,0.172,,,,0.203,0.161,0.054,0.129,,,,0.1,0.167,0.156,,0.352,,,,,,0.094,,,,,0.151,0.071,0.439,0.605,0.037,0.101,0.479,0.296,0.496,0.071,0.179,0.127,,,0.197,,,0.091,0.031,0.015,,0.118,0.193,,,,,,,,0.256,,0.092,0.769,,,0.025,,0.115,,0.107,0.173,0.094,0.159,0.147,0.364,0.613,0.329,0.186,0.154,0.137,,0.612,,,,,,,,0.302,0.258,0.112,0.143,0.39,,,,,0.112,0.34,0.587,,,0.527,0.608,,0.142,0.155,0.195,0.64,0.638,0.16,0.14,0.618,0.188,,,0.226,,,,,0.157,,,,0.165,,0.105,,0.175,0.113,0.116,0.096,,,,0.428,0.095,,,0.127,0.117
162,14046180,,0.569,0.571,,,,0.247,,,,,0.162,0.23,,0.219,0.093,,0.154,,,,,,,,0.416,,0.435,0.203,,,0.094,,0.399,0.272,,,,0.102,0.125,0.168,,,,0.075,0.489,0.516,0.493,,,,0.171,,0.092,,,,,,0.205,0.172,,,,0.203,0.161,0.054,0.126,,,,0.1,0.167,0.156,,0.352,,,,,,0.094,,,,,0.151,0.071,0.429,0.615,0.037,0.101,0.472,0.296,0.478,0.071,0.178,0.127,,,0.197,,,0.091,0.029,0.016,,0.086,0.193,,,,,,,,0.241,,0.093,0.77,,,0.025,,0.116,,0.105,0.174,0.094,0.16,0.147,0.364,0.61,0.329,0.186,0.153,0.138,,0.612,,,,,,,,0.302,0.254,0.112,0.143,0.386,,,,,0.112,0.34,0.546,,,0.527,0.608,,0.142,0.154,0.195,0.64,0.638,0.16,0.14,0.607,0.187,,,0.225,,,,,0.158,,,,0.164,,0.104,,0.176,0.114,0.116,0.096,,,,0.428,0.095,,,0.127,0.117
162,14046240,,0.568,0.571,,,,0.247,,,,,0.159,0.238,,0.22,0.092,,0.154,,,,,,,,0.416,,0.429,0.204,,,0.095,,0.399,0.271,,,,0.102,0.125,0.169,,,,0.075,0.489,0.516,0.493,,,,0.171,,0.091,,,,,,0.207,0.172,,,,0.203,0.161,0.054,0.128,,,,0.1,0.168,0.156,,0.35,,,,,,0.093,,,,,0.153,0.072,0.42,0.615,0.037,0.101,0.483,0.3,0.496,0.071,0.177,0.128,,,0.197,,,0.091,0.024,0.016,,0.085,0.193,,,,,,,,0.243,,0.092,0.765,,,0.026,,0.109,,0.106,0.162,0.093,0.159,0.147,0.364,0.609,0.336,0.182,0.153,0.137,,0.612,,,,,,,,0.292,0.255,0.112,0.143,0.388,,,,,0.112,0.34,0.547,,,0.527,0.608,,0.142,0.155,0.195,0.64,0.638,0.161,0.14,0.6,0.186,,,0.222,,,,,0.158,,,,0.163,,0.104,,0.176,0.112,0.114,0.095,,,,0.429,0.095,,,0.127,0.117
162,14046300,,0.569,0.571,,,,0.247,,,,,0.16,0.261,,0.22,0.101,,0.153,,,,,,,,0.416,,0.428,0.204,,,0.095,,0.4,0.269,,,,0.102,0.125,0.168,,,,0.075,0.491,0.516,0.493,,,,0.171,,0.092,,,,,,0.216,0.172,,,,0.203,0.161,0.054,0.127,,,,0.1,0.168,0.157,,0.351,,,,,,0.093,,,,,0.151,0.072,0.419,0.614,0.037,0.101,0.481,0.296,0.49,0.071,0.177,0.128,,,0.197,,,0.09,0.024,0.017,,0.092,0.193,,,,,,,,0.248,,0.093,0.771,,,0.025,,0.109,,0.107,0.162,0.094,0.159,0.147,0.364,0.594,0.336,0.184,0.153,0.137,,0.612,,,,,,,,0.293,0.256,0.112,0.143,0.389,,,,,0.112,0.34,0.551,,,0.527,0.608,,0.142,0.154,0.195,0.64,0.638,0.161,0.14,0.606,0.187,,,0.22,,,,,0.158,,,,0.163,,0.104,,0.174,0.113,0.116,0.094,,,,0.43,0.095,,,0.127,0.117
162,14046360,,0.569,0.571,,,,0.247,,,,,0.16,0.263,,0.22,0.084,,0.153,,,,,,,,0.416,,0.434,0.203,,,0.095,,0.4,0.269,,,,0.102,0.126,0.168,,,,0.075,0.491,0.516,0.493,,,,0.171,,0.09,,,,,,0.237,0.173,,,,0.203,0.161,0.054,0.128,,,,0.1,0.167,0.156,,0.349,,,,,,0.093,,,,,0.147,0.073,0.426,0.615,0.036,0.101,0.485,0.296,0.488,0.071,0.178,0.127,,,0.197,,,0.09,0.027,0.017,,0.061,0.193,,,,,,,,0.233,,0.093,0.771,,,0.025,,0.109,,0.107,0.162,0.094,0.159,0.147,0.364,0.589,0.334,0.181,0.154,0.137,,0.612,,,,,,,,0.29,0.259,0.112,0.143,0.388,,,,,0.112,0.339,0.551,,,0.527,0.608,,0.142,0.155,0.196,0.64,0.638,0.16,0.14,0.618,0.186,,,0.224,,,,,0.159,,,,0.164,,0.104,,0.172,0.114,0.116,0.109,,,,0.428,0.095,,,0.127,0.117
162,14046420,,0.569,0.571,,,,0.247,,,,,0.166,0.261,,0.221,0.095,,0.153,,,,,,,,0.416,,0.427,0.203,,,0.095,,0.4,0.269,,,,0.102,0.125,0.168,,,,0.075,0.492,0.516,0.493,,,,0.171,,0.092,,,,,,0.216,0.173,,,,0.203,0.161,0.054,0.127,,,,0.099,0.167,0.156,,0.351,,,,,,0.092,,,,,0.151,0.072,0.418,0.61,0.036,0.101,0.479,0.295,0.491,0.071,0.178,0.129,,,0.197,,,0.091,0.022,0.017,,0.187,0.193,,,,,,,,0.239,,0.093,0.768,,,0.025,,0.108,,0.106,0.162,0.093,0.158,0.147,0.364,0.587,0.334,0.183,0.154,0.138,,0.612,,,,,,,,0.288,0.262,0.112,0.143,0.389,,,,,0.112,0.339,0.551,,,0.527,0.609,,0.142,0.154,0.195,0.64,0.638,0.16,0.14,0.619,0.185,,,0.223,,,,,0.159,,,,0.163,,0.103,,0.184,0.114,0.116,0.108,,,,0.428,0.095,,,0.127,0.117
162,14046480,,0.569,0.571,,,,0.247,,,,,0.159,0.259,,0.22,0.081,,0.153,,,,,,,,0.416,,0.425,0.204,,,0.095,,0.4,0.268,,,,0.102,0.125,0.169,,,,0.075,0.492,0.516,0.493,,,,0.171,,0.092,,,,,,0.207,0.173,,,,0.203,0.161,0.054,0.127,,,,0.1,0.167,0.157,,0.351,,,,,,0.093,,,,,0.147,0.072,0.418,0.612,0.036,0.101,0.475,0.292,0.479,0.071,0.177,0.129,,,0.197,,,0.091,0.022,0.017,,0.093,0.193,,,,,,,,0.239,,0.092,0.775,,,0.026,,0.109,,0.107,0.161,0.092,0.159,0.145,0.364,0.59,0.337,0.181,0.154,0.137,,0.612,,,,,,,,0.288,0.259,0.112,0.143,0.389,,,,,0.112,0.338,0.532,,,0.527,0.609,,0.142,0.155,0.195,0.64,0.638,0.16,0.14,0.614,0.182,,,0.22,,,,,0.159,,,,0.163,,0.104,,0.185,0.112,0.115,0.105,,,,0.427,0.095,,,0.127,0.117
162,14046540,,0.569,0.571,,,,0.247,,,,,0.162,0.253,,0.22,0.088,,0.153,,,,,,,,0.416,,0.433,0.203,,,0.095,,0.4,0.268,,,,0.102,0.125,0.169,,,,0.075,0.492,0.516,0.493,,,,0.171,,0.091,,,,,,0.221,0.173,,,,0.203,0.161,0.054,0.128,,,,0.101,0.167,0.156,,0.35,,,,,,0.094,,,,,0.151,0.072,0.417,0.605,0.037,0.101,0.484,0.292,0.461,0.071,0.177,0.131,,,0.197,,,0.09,0.023,0.018,,0.194,0.193,,,,,,,,0.235,,0.093,0.776,,,0.025,,0.109,,0.107,0.162,0.094,0.158,0.139,0.364,0.565,0.321,0.181,0.154,0.138,,0.612,,,,,,,,0.281,0.259,0.112,0.143,0.387,,,,,0.112,0.338,0.532,,,0.527,0.609,,0.144,0.155,0.195,0.64,0.638,0.16,0.14,0.604,0.181,,,0.215,,,,,0.158,,,,0.163,,0.103,,0.184,0.113,0.116,0.1,,,,0.427,0.095,,,0.127,0.118
162,14046600,,0.569,0.571,,,,0.247,,,,,0.16,0.247,,0.22,0.101,,0.153,,,,,,,,0.416,,0.439,0.204,,,0.094,,0.4,0.268,,,,0.102,0.126,0.168,,,,0.076,0.49,0.516,0.493,,,,0.171,,0.09,,,,,,0.22,0.173,,,,0.203,0.161,0.054,0.127,,,,0.1,0.167,0.157,,0.35,,,,,,0.095,,,,,0.15,0.072,0.428,0.613,0.037,0.101,0.484,0.29,0.493,0.071,0.177,0.131,,,0.197,,,0.09,0.024,0.017,,0.046,0.193,,,,,,,,0.239,,0.093,0.775,,,0.026,,0.111,,0.108,0.162,0.094,0.159,0.144,0.364,0.569,0.331,0.184,0.148,0.138,,0.612,,,,,,,,0.279,0.262,0.112,0.143,0.391,,,,,0.112,0.338,0.533,,,0.527,0.609,,0.146,0.155,0.195,0.64,0.638,0.16,0.14,0.597,0.181,,,0.213,,,,,0.158,,,,0.163,,0.104,,0.187,0.114,0.115,0.1,,,,0.429,0.096,,,0.127,0.118
162,14046660,,0.569,0.571,,,,0.247,,,,,0.16,0.252,,0.22,0.085,,0.153,,,,,,,,0.416,,0.44,0.204,,,0.096,,0.4,0.266,,,,0.103,0.126,0.169,,,,0.076,0.49,0.516,0.493,,,,0.171,,0.09,,,,,,0.216,0.173,,,,0.203,0.162,0.054,0.127,,,,0.099,0.167,0.157,,0.349,,,,,,0.094,,,,,0.152,0.072,0.442,0.609,0.037,0.101,0.483,0.291,0.488,0.071,0.177,0.133,,,0.197,,,0.091,0.024,0.017,,0.138,0.193,,,,,,,,0.24,,0.094,0.777,,,0.026,,0.111,,0.096,0.163,0.093,0.159,0.143,0.364,0.575,0.324,0.187,0.151,0.137,,0.612,,,,,,,,0.277,0.257,0.112,0.143,0.391,,,,,0.112,0.338,0.533,,,0.527,0.609,,0.146,0.149,0.195,0.641,0.638,0.16,0.14,0.592,0.182,,,0.212,,,,,0.158,,,,0.164,,0.103,,0.179,0.114,0.117,0.098,,,,0.43,0.095,,,0.127,0.118
162,14046720,,0.568,0.571,,,,0.247,,,,,0.16,0.238,,0.22,0.085,,0.153,,,,,,,,0.416,,0.443,0.204,,,0.095,,0.4,0.271,,,,0.103,0.125,0.169,,,,0.076,0.49,0.516,0.493,,,,0.171,,0.093,,,,,,0.209,0.173,,,,0.203,0.162,0.054,0.129,,,,0.101,0.167,0.156,,0.353,,,,,,0.094,,,,,0.154,0.072,0.438,0.616,0.037,0.101,0.489,0.286,0.488,0.071,0.176,0.13,,,0.197,,,0.091,0.024,0.018,,0.053,0.193,,,,,,,,0.239,,0.093,0.776,,,0.026,,0.112,,0.098,0.163,0.094,0.159,0.143,0.364,0.58,0.334,0.186,0.153,0.138,,0.612,,,,,,,,0.271,0.26,0.112,0.143,0.389,,,,,0.112,0.338,0.533,,,0.528,0.609,,0.147,0.148,0.196,0.641,0.638,0.16,0.14,0.596,0.182,,,0.212,,,,,0.16,,,,0.163,,0.104,,0.18,0.113,0.114,0.096,,,,0.429,0.095,,,0.127,0.118
162,14046780,,0.568,0.571,,,,0.247,,,,,0.17,0.238,,0.22,0.096,,0.153,,,,,,,,0.416,,0.447,0.204,,,0.095,,0.4,0.27,,,,0.103,0.126,0.169,,,,0.076,0.49,0.516,0.493,,,,0.171,,0.091,,,,,,0.217,0.173,,,,0.203,0.162,0.054,0.127,,,,0.101,0.167,0.156,,0.349,,,,,,0.095,,,,,0.147,0.072,0.438,0.608,0.037,0.101,0.47,0.291,0.493,0.071,0.177,0.129,,,0.197,,,0.09,0.032,0.017,,0.076,0.193,,,,,,,,0.241,,0.095,0.778,,,0.026,,0.115,,0.098,0.162,0.095,0.159,0.142,0.364,0.565,0.328,0.183,0.153,0.139,,0.612,,,,,,,,0.268,0.257,0.112,0.143,0.388,,,,,0.112,0.338,0.533,,,0.527,0.609,,0.147,0.149,0.195,0.641,0.638,0.16,0.14,0.606,0.183,,,0.216,,,,,0.16,,,,0.163,,0.103,,0.181,0.114,0.115,0.093,,,,0.429,0.095,,,0.127,0.118
162,14046840,,0.569,0.571,,,,0.247,,,,,0.166,0.252,,0.22,0.089,,0.153,,,,,,,,0.415,,0.445,0.204,,,0.095,,0.4,0.269,,,,0.103,0.126,0.169,,,,0.076,0.49,0.516,0.493,,,,0.171,,0.091,,,,,,0.211,0.173,,,,0.203,0.162,0.054,0.124,,,,0.101,0.167,0.156,,0.349,,,,,,0.095,,,,,0.15,0.072,0.423,0.604,0.037,0.101,0.477,0.287,0.5,0.071,0.176,0.127,,,0.197,,,0.091,0.023,0.017,,0.057,0.193,,,,,,,,0.243,,0.094,0.778,,,0.026,,0.116,,0.099,0.162,0.095,0.159,0.139,0.364,0.56,0.318,0.181,0.154,0.138,,0.612,,,,,,,,0.267,0.258,0.112,0.143,0.388,,,,,0.112,0.337,0.533,,,0.527,0.609,,0.149,0.149,0.195,0.64,0.638,0.16,0.14,0.605,0.183,,,0.216,,,,,0.157,,,,0.164,,0.104,,0.18,0.114,0.114,0.093,,,,0.428,0.095,,,0.127,0.118
162,14046900,,0.569,0.571,,,,0.247,,,,,0.165,0.246,,0.22,0.103,,0.153,,,,,,,,0.416,,0.442,0.203,,,0.095,,0.4,0.268,,,,0.104,0.126,0.169,,,,0.076,0.49,0.516,0.493,,,,0.171,,0.091,,,,,,0.21,0.173,,,,0.203,0.162,0.054,0.125,,,,0.101,0.167,0.157,,0.348,,,,,,0.094,,,,,0.153,0.073,0.468,0.465,0.037,0.101,0.308,0.29,0.359,0.071,0.178,0.129,,,0.197,,,0.09,0.026,0.017,,0.061,0.194,,,,,,,,0.243,,0.093,0.782,,,0.026,,0.112,,0.098,0.161,0.094,0.158,0.14,0.364,0.573,0.325,0.179,0.153,0.144,,0.612,,,,,,,,0.267,0.261,0.112,0.143,0.393,,,,,0.112,0.337,0.534,,,0.527,0.609,,0.15,0.149,0.196,0.64,0.638,0.16,0.14,0.603,0.183,,,0.22,,,,,0.159,,,,0.166,,0.104,,0.135,0.114,0.114,0.093,,,,0.427,0.095,,,0.127,0.118
162,14046960,,0.569,0.571,,,,0.247,,,,,0.157,0.258,,0.22,0.079,,0.153,,,,,,,,0.415,,0.435,0.204,,,0.095,,0.401,0.268,,,,0.104,0.125,0.169,,,,0.076,0.49,0.516,0.493,,,,0.171,,0.093,,,,,,0.221,0.173,,,,0.203,0.163,0.055,0.125,,,,0.101,0.167,0.157,,0.345,,,,,,0.094,,,,,0.147,0.073,0.408,0.469,0.037,0.101,0.375,0.286,0.419,0.071,0.179,0.127,,,0.197,,,0.089,0.051,0.067,,0.067,0.194,,,,,,,,0.228,,0.094,0.776,,,0.026,,0.111,,0.098,0.163,0.094,0.158,0.14,0.364,0.569,0.33,0.179,0.154,0.143,,0.612,,,,,,,,0.263,0.264,0.112,0.143,0.391,,,,,0.112,0.337,0.534,,,0.527,0.609,,0.149,0.149,0.195,0.641,0.638,0.16,0.14,0.604,0.184,,,0.22,,,,,0.158,,,,0.165,,0.104,,0.172,0.113,0.115,0.093,,,,0.427,0.089,,,0.127,0.118
162,14047020,,0.569,0.57,,,,0.247,,,,,0.16,0.238,,0.22,0.071,,0.153,,,,,,,,0.415,,0.433,0.204,,,0.095,,0.401,0.268,,,,0.104,0.126,0.169,,,,0.075,0.49,0.516,0.493,,,,0.171,,0.094,,,,,,0.206,0.173,,,,0.203,0.162,0.055,0.125,,,,0.101,0.167,0.156,,0.348,,,,,,0.094,,,,,0.149,0.072,0.403,0.451,0.037,0.101,0.358,0.286,0.419,0.071,0.178,0.127,,,0.197,,,0.09,0.027,0.025,,0.058,0.194,,,,,,,,0.238,,0.095,0.781,,,0.025,,0.09,,0.099,0.163,0.095,0.158,0.14,0.364,0.572,0.33,0.182,0.154,0.142,,0.612,,,,,,,,0.258,0.259,0.112,0.143,0.389,,,,,0.112,0.336,0.534,,,0.527,0.609,,0.149,0.15,0.195,0.641,0.638,0.16,0.14,0.611,0.185,,,0.217,,,,,0.157,,,,0.164,,0.103,,0.18,0.114,0.115,0.093,,,,0.429,0.09,,,0.127,0.117
162,14047080,,0.569,0.57,,,,0.247,,,,,0.157,0.219,,0.22,0.074,,0.153,,,,,,,,0.415,,0.43,0.204,,,0.096,,0.401,0.268,,,,0.104,0.126,0.169,,,,0.075,0.49,0.516,0.493,,,,0.171,,0.09,,,,,,0.211,0.173,,,,0.203,0.163,0.055,0.125,,,,0.101,0.167,0.157,,0.348,,,,,,0.096,,,,,0.147,0.072,0.43,0.445,0.037,0.101,0.336,0.288,0.403,0.071,0.176,0.13,,,0.197,,,0.091,0.025,0.017,,0.057,0.193,,,,,,,,0.231,,0.094,0.785,,,0.025,,0.091,,0.099,0.163,0.095,0.158,0.141,0.364,0.568,0.344,0.184,0.154,0.142,,0.612,,,,,,,,0.257,0.265,0.112,0.143,0.39,,,,,0.112,0.335,0.537,,,0.527,0.609,,0.146,0.149,0.195,0.641,0.638,0.16,0.14,0.613,0.186,,,0.221,,,,,0.158,,,,0.164,,0.104,,0.183,0.114,0.115,0.093,,,,0.429,0.092,,,0.127,0.117
162,14047140,,0.569,0.571,,,,0.247,,,,,0.165,0.227,,0.22,0.079,,0.153,,,,,,,,0.415,,0.434,0.203,,,0.096,,0.401,0.271,,,,0.104,0.125,0.169,,,,0.076,0.49,0.516,0.493,,,,0.171,,0.092,,,,,,0.212,0.173,,,,0.203,0.163,0.054,0.125,,,,0.101,0.168,0.157,,0.347,,,,,,0.093,,,,,0.147,0.072,0.437,0.435,0.037,0.101,0.327,0.285,0.384,0.071,0.176,0.129,,,0.197,,,0.091,0.026,0.018,,0.055,0.193,,,,,,,,0.225,,0.094,0.782,,,0.026,,0.089,,0.097,0.163,0.094,0.158,0.141,0.364,0.583,0.337,0.18,0.154,0.138,,0.612,,,,,,,,0.254,0.261,0.112,0.143,0.388,,,,,0.112,0.336,0.537,,,0.528,0.609,,0.147,0.149,0.195,0.641,0.638,0.16,0.14,0.617,0.188,,,0.225,,,,,0.16,,,,0.165,,0.104,,0.206,0.115,0.115,0.093,,,,0.429,0.094,,,0.127,0.117
162,14047200,,0.568,0.571,,,,0.247,,,,,0.156,0.233,,0.22,0.107,,0.154,,,,,,,,0.416,,0.441,0.204,,,0.097,,0.401,0.27,,,,0.104,0.125,0.168,,,,0.076,0.492,0.516,0.493,,,,0.171,,0.092,,,,,,0.214,0.173,,,,0.203,0.162,0.055,0.125,,,,0.102,0.17,0.161,,0.365,,,,,,0.094,,,,,0.154,0.072,0.437,0.442,0.037,0.101,0.32,0.289,0.361,0.071,0.178,0.131,,,0.197,,,0.089,0.025,0.017,,0.055,0.195,,,,,,,,0.232,,0.094,0.784,,,0.025,,0.09,,0.098,0.163,0.095,0.159,0.141,0.364,0.595,0.346,0.192,0.154,0.139,,0.612,,,,,,,,0.265,0.272,0.112,0.143,0.396,,,,,0.113,0.335,0.537,,,0.528,0.609,,0.148,0.149,0.195,0.641,0.638,0.16,0.14,0.62,0.189,,,0.232,,,,,0.159,,,,0.17,,0.104,,0.217,0.113,0.116,0.092,,,,0.432,0.094,,,0.127,0.118
162,14047260,,0.569,0.571,,,,0.248,,,,,0.157,0.231,,0.22,0.112,,0.154,,,,,,,,0.415,,0.448,0.203,,,0.095,,0.401,0.27,,,,0.103,0.125,0.169,,,,0.076,0.492,0.516,0.493,,,,0.178,,0.092,,,,,,0.209,0.174,,,,0.203,0.163,0.054,0.124,,,,0.102,0.168,0.157,,0.365,,,,,,0.094,,,,,0.152,0.072,0.437,0.439,0.037,0.101,0.323,0.295,0.36,0.071,0.178,0.131,,,0.197,,,0.09,0.056,0.067,,0.104,0.195,,,,,,,,0.231,,0.095,0.785,,,0.025,,0.091,,0.099,0.163,0.095,0.159,0.142,0.364,0.596,0.34,0.189,0.154,0.139,,0.612,,,,,,,,0.265,0.265,0.112,0.143,0.396,,,,,0.113,0.335,0.538,,,0.528,0.609,,0.148,0.149,0.195,0.64,0.638,0.16,0.139,0.621,0.19,,,0.229,,,,,0.158,,,,0.166,,0.104,,0.217,0.113,0.116,0.092,,,,0.431,0.096,,,0.127,0.118
162,14047320,,0.568,0.571,,,,0.247,,,,,0.156,0.244,,0.22,0.115,,0.154,,,,,,,,0.415,,0.436,0.203,,,0.094,,0.401,0.266,,,,0.103,0.125,0.169,,,,0.076,0.492,0.516,0.493,,,,0.178,,0.092,,,,,,0.209,0.174,,,,0.203,0.162,0.054,0.124,,,,0.101,0.168,0.158,,0.362,,,,,,0.095,,,,,0.153,0.072,0.461,0.42,0.037,0.101,0.322,0.292,0.352,0.071,0.178,0.129,,,0.197,,,0.091,0.029,0.017,,0.141,0.195,,,,,,,,0.233,,0.093,0.785,,,0.025,,0.091,,0.098,0.164,0.096,0.159,0.142,0.364,0.553,0.345,0.184,0.154,0.139,,0.612,,,,,,,,0.259,0.261,0.111,0.143,0.395,,,,,0.112,0.334,0.538,,,0.528,0.609,,0.147,0.149,0.195,0.64,0.638,0.16,0.139,0.621,0.189,,,0.232,,,,,0.159,,,,0.165,,0.104,,0.212,0.114,0.116,0.093,,,,0.43,0.09,,,0.127,0.118
162,14047380,,0.569,0.571,,,,0.247,,,,,0.156,0.252,,0.221,0.111,,0.154,,,,,,,,0.415,,0.438,0.203,,,0.095,,0.401,0.264,,,,0.103,0.125,0.17,,,,0.076,0.492,0.516,0.493,,,,0.178,,0.093,,,,,,0.202,0.174,,,,0.203,0.162,0.054,0.124,,,,0.101,0.168,0.157,,0.356,,,,,,0.093,,,,,0.154,0.072,0.451,0.427,0.037,0.101,0.313,0.29,0.36,0.071,0.177,0.129,,,0.197,,,0.091,0.115,0.242,,0.081,0.194,,,,,,,,0.223,,0.094,0.785,,,0.025,,0.09,,0.098,0.163,0.093,0.158,0.142,0.364,0.586,0.342,0.183,0.154,0.139,,0.612,,,,,,,,0.26,0.263,0.111,0.143,0.393,,,,,0.111,0.333,0.538,,,0.528,0.609,,0.147,0.15,0.195,0.64,0.638,0.16,0.139,0.609,0.189,,,0.229,,,,,0.159,,,,0.166,,0.103,,0.21,0.113,0.116,0.093,,,,0.429,0.093,,,0.127,0.118
162,14047440,,0.569,0.571,,,,0.247,,,,,0.179,0.259,,0.221,0.129,,0.153,,,,,,,,0.415,,0.428,0.203,,,0.095,,0.401,0.266,,,,0.103,0.125,0.17,,,,0.076,0.444,0.516,0.493,,,,0.178,,0.094,,,,,,0.203,0.174,,,,0.203,0.163,0.054,0.124,,,,0.101,0.168,0.157,,0.354,,,,,,0.093,,,,,0.157,0.072,0.431,0.427,0.037,0.101,0.304,0.296,0.374,0.071,0.177,0.127,,,0.197,,,0.091,0.109,0.253,,0.094,0.194,,,,,,,,0.221,,0.094,0.787,,,0.025,,0.091,,0.098,0.163,0.093,0.159,0.144,0.364,0.589,0.333,0.182,0.154,0.14,,0.612,,,,,,,,0.261,0.265,0.111,0.143,0.393,,,,,0.111,0.333,0.538,,,0.528,0.609,,0.148,0.149,0.194,0.64,0.638,0.16,0.139,0.602,0.188,,,0.224,,,,,0.158,,,,0.161,,0.103,,0.206,0.114,0.116,0.093,,,,0.429,0.095,,,0.127,0.118
162,14047500,,0.569,0.57,,,,0.248,,,,,0.16,0.268,,0.22,0.14,,0.153,,,,,,,,0.42,,0.43,0.203,,,0.096,,0.401,0.267,,,,0.102,0.127,0.169,,,,0.075,0.448,0.516,0.493,,,,0.178,,0.093,,,,,,0.221,0.174,,,,0.203,0.163,0.054,0.125,,,,0.102,0.168,0.157,,0.357,,,,,,0.094,,,,,0.156,0.072,0.449,0.435,0.037,0.101,0.294,0.294,0.389,0.071,0.178,0.129,,,0.197,,,0.09,0.023,0.018,,0.078,0.194,,,,,,,,0.234,,0.095,0.785,,,0.025,,0.094,,0.099,0.163,0.094,0.159,0.144,0.364,0.582,0.345,0.185,0.154,0.14,,0.613,,,,,,,,0.26,0.264,0.111,0.143,0.395,,,,,0.111,0.332,0.538,,,0.528,0.609,,0.148,0.149,0.195,0.64,0.638,0.16,0.139,0.604,0.187,,,0.222,,,,,0.159,,,,0.161,,0.103,,0.202,0.115,0.116,0.099,,,,0.43,0.096,,,0.127,0.118
162,14047560,,0.569,0.571,,,,0.248,,,,,0.16,0.249,,0.22,0.134,,0.152,,,,,,,,0.416,,0.441,0.203,,,0.094,,0.401,0.269,,,,0.102,0.128,0.169,,,,0.076,0.449,0.516,0.493,,,,0.178,,0.093,,,,,,0.237,0.174,,,,0.203,0.163,0.054,0.125,,,,0.099,0.169,0.157,,0.358,,,,,,0.093,,,,,0.152,0.072,0.485,0.426,0.037,0.101,0.297,0.293,0.394,0.071,0.18,0.129,,,0.197,,,0.091,0.024,0.018,,0.048,0.194,,,,,,,,0.245,,0.094,0.783,,,0.025,,0.094,,0.099,0.163,0.093,0.158,0.144,0.364,0.584,0.347,0.182,0.154,0.139,,0.613,,,,,,,,0.261,0.267,0.111,0.143,0.397,,,,,0.111,0.332,0.538,,,0.528,0.609,,0.147,0.15,0.195,0.64,0.638,0.16,0.139,0.608,0.185,,,0.225,,,,,0.159,,,,0.161,,0.103,,0.198,0.115,0.116,0.109,,,,0.43,0.088,,,0.127,0.118
162,14047620,,0.569,0.571,,,,0.247,,,,,0.163,0.237,,0.22,0.137,,0.152,,,,,,,,0.415,,0.443,0.203,,,0.095,,0.401,0.27,,,,0.103,0.127,0.17,,,,0.075,0.45,0.516,0.493,,,,0.241,,0.093,,,,,,0.223,0.174,,,,0.203,0.163,0.054,0.125,,,,0.1,0.168,0.157,,0.356,,,,,,0.094,,,,,0.15,0.072,0.441,0.441,0.037,0.101,0.316,0.295,0.412,0.071,0.176,0.128,,,0.197,,,0.091,0.025,0.017,,0.141,0.195,,,,,,,,0.243,,0.094,0.783,,,0.025,,0.089,,0.098,0.163,0.093,0.159,0.146,0.364,0.578,0.361,0.183,0.154,0.139,,0.614,,,,,,,,0.261,0.264,0.111,0.143,0.395,,,,,0.11,0.331,0.538,,,0.528,0.609,,0.147,0.151,0.195,0.64,0.638,0.16,0.139,0.622,0.184,,,0.23,,,,,0.159,,,,0.161,,0.103,,0.193,0.114,0.116,0.107,,,,0.43,0.089,,,0.127,0.118
162,14047680,,0.569,0.571,,,,0.247,,,,,0.164,0.239,,0.22,0.138,,0.152,,,,,,,,0.415,,0.442,0.204,,,0.095,,0.401,0.27,,,,0.103,0.126,0.17,,,,0.075,0.454,0.517,0.493,,,,0.241,,0.094,,,,,,0.211,0.174,,,,0.203,0.161,0.054,0.125,,,,0.101,0.168,0.157,,0.355,,,,,,0.094,,,,,0.152,0.072,0.451,0.494,0.037,0.101,0.428,0.288,0.47,0.071,0.179,0.128,,,0.197,,,0.091,0.027,0.066,,0.054,0.194,,,,,,,,0.255,,0.095,0.784,,,0.025,,0.091,,0.098,0.164,0.095,0.159,0.146,0.364,0.57,0.37,0.18,0.154,0.14,,0.614,,,,,,,,0.262,0.263,0.111,0.143,0.394,,,,,0.11,0.33,0.538,,,0.528,0.609,,0.148,0.15,0.195,0.64,0.638,0.16,0.139,0.623,0.183,,,0.231,,,,,0.159,,,,0.162,,0.103,,0.192,0.114,0.115,0.102,,,,0.43,0.094,,,0.127,0.118
162,14047740,,0.569,0.571,,,,0.248,,,,,0.19,0.22,,0.221,0.129,,0.152,,,,,,,,0.415,,0.443,0.203,,,0.095,,0.401,0.269,,,,0.103,0.126,0.17,,,,0.076,0.456,0.517,0.493,,,,0.241,,0.093,,,,,,0.208,0.174,,,,0.203,0.161,0.054,0.126,,,,0.101,0.168,0.157,,0.354,,,,,,0.095,,,,,0.15,0.072,0.407,0.514,0.037,0.101,0.427,0.284,0.464,0.071,0.178,0.129,,,0.197,,,0.09,0.023,0.016,,0.07,0.194,,,,,,,,0.241,,0.095,0.787,,,0.025,,0.091,,0.099,0.163,0.095,0.159,0.144,0.364,0.569,0.355,0.182,0.154,0.139,,0.614,,,,,,,,0.263,0.264,0.111,0.143,0.393,,,,,0.11,0.33,0.538,,,0.528,0.61,,0.147,0.15,0.195,0.64,0.638,0.16,0.139,0.624,0.184,,,0.231,,,,,0.16,,,,0.162,,0.103,,0.185,0.115,0.116,0.096,,,,0.43,0.096,,,0.127,0.118
162,14047800,,0.569,0.57,,,,0.248,,,,,0.17,0.214,,0.221,0.124,,0.152,,,,,,,,0.414,,0.439,0.203,,,0.096,,0.402,0.268,,,,0.103,0.126,0.17,,,,0.076,0.458,0.516,0.494,,,,0.241,,0.092,,,,,,0.218,0.174,,,,0.203,0.161,0.054,0.125,,,,0.1,0.168,0.157,,0.353,,,,,,0.094,,,,,0.15,0.072,0.423,0.515,0.037,0.101,0.444,0.28,0.464,0.071,0.178,0.128,,,0.197,,,0.091,0.024,0.028,,0.053,0.194,,,,,,,,0.244,,0.094,0.786,,,0.025,,0.09,,0.097,0.164,0.093,0.159,0.145,0.364,0.571,0.37,0.184,0.154,0.139,,0.614,,,,,,,,0.26,0.268,0.111,0.143,0.394,,,,,0.111,0.329,0.539,,,0.528,0.61,,0.147,0.15,0.195,0.64,0.638,0.16,0.139,0.624,0.186,,,0.234,,,,,0.158,,,,0.163,,0.104,,0.178,0.116,0.116,0.096,,,,0.431,0.096,,,0.127,0.118
162,14047860,,0.569,0.57,,,,0.248,,,,,0.166,0.201,,0.222,0.118,,0.153,,,,,,,,0.415,,0.436,0.204,,,0.096,,0.402,0.273,,,,0.102,0.126,0.17,,,,0.076,0.458,0.516,0.494,,,,0.241,,0.093,,,,,,0.22,0.174,,,,0.203,0.161,0.054,0.125,,,,0.099,0.168,0.157,,0.354,,,,,,0.094,,,,,0.147,0.072,0.42,0.511,0.038,0.101,0.443,0.282,0.46,0.071,0.176,0.128,,,0.197,,,0.091,0.071,0.168,,0.052,0.195,,,,,,,,0.24,,0.095,0.778,,,0.025,,0.091,,0.099,0.163,0.094,0.159,0.145,0.364,0.577,0.388,0.179,0.154,0.139,,0.614,,,,,,,,0.257,0.266,0.111,0.143,0.395,,,,,0.111,0.329,0.54,,,0.528,0.61,,0.154,0.15,0.195,0.64,0.638,0.16,0.139,0.623,0.188,,,0.241,,,,,0.158,,,,0.163,,0.104,,0.172,0.114,0.115,0.1,,,,0.432,0.098,,,0.127,0.118
162,14047920,,0.569,0.571,,,,0.248,,,,,0.166,0.208,,0.221,0.1,,0.153,,,,,,,,0.414,,0.443,0.204,,,0.096,,0.402,0.277,,,,0.102,0.125,0.169,,,,0.076,0.461,0.517,0.494,,,,0.241,,0.093,,,,,,0.222,0.174,,,,0.203,0.161,0.054,0.125,,,,0.1,0.168,0.157,,0.353,,,,,,0.095,,,,,0.147,0.072,0.418,0.52,0.038,0.101,0.449,0.281,0.463,0.071,0.178,0.128,,,0.197,,,0.091,0.024,0.017,,0.056,0.195,,,,,,,,0.242,,0.096,0.788,,,0.025,,0.091,,0.098,0.163,0.094,0.159,0.145,0.364,0.592,0.401,0.185,0.154,0.14,,0.613,,,,,,,,0.256,0.266,0.111,0.143,0.394,,,,,0.11,0.328,0.54,,,0.528,0.61,,0.156,0.149,0.195,0.64,0.638,0.16,0.139,0.617,0.19,,,0.24,,,,,0.159,,,,0.163,,0.104,,0.125,0.114,0.116,0.103,,,,0.432,0.097,,,0.127,0.118
162,14047980,,0.568,0.571,,,,0.248,,,,,0.172,0.208,,0.221,0.123,,0.152,,,,,,,,0.415,,0.452,0.204,,,0.095,,0.402,0.277,,,,0.102,0.125,0.17,,,,0.076,0.461,0.517,0.494,,,,0.241,,0.091,,,,,,0.222,0.174,,,,0.203,0.161,0.054,0.125,,,,0.101,0.168,0.157,,0.348,,,,,,0.096,,,,,0.148,0.073,0.41,0.529,0.038,0.101,0.456,0.28,0.471,0.071,0.176,0.129,,,0.197,,,0.091,0.065,0.016,,0.084,0.195,,,,,,,,0.25,,0.096,0.784,,,0.025,,0.092,,0.099,0.163,0.095,0.158,0.145,0.364,0.594,0.418,0.178,0.155,0.139,,0.613,,,,,,,,0.252,0.265,0.111,0.143,0.389,,,,,0.11,0.328,0.54,,,0.528,0.611,,0.153,0.149,0.195,0.64,0.638,0.16,0.139,0.606,0.189,,,0.238,,,,,0.159,,,,0.163,,0.104,,0.149,0.116,0.116,0.1,,,,0.431,0.098,,,0.127,0.118
162,14048040,,0.568,0.571,,,,0.248,,,,,0.172,0.223,,0.221,0.152,,0.152,,,,,,,,0.414,,0.443,0.204,,,0.096,,0.402,0.277,,,,0.101,0.125,0.17,,,,0.076,0.462,0.517,0.494,,,,0.241,,0.091,,,,,,0.218,0.174,,,,0.203,0.16,0.055,0.125,,,,0.1,0.168,0.157,,0.354,,,,,,0.095,,,,,0.15,0.072,0.405,0.53,0.038,0.101,0.454,0.29,0.467,0.071,0.177,0.129,,,0.197,,,0.091,0.081,0.185,,0.055,0.195,,,,,,,,0.248,,0.094,0.788,,,0.025,,0.09,,0.098,0.163,0.093,0.159,0.144,0.364,0.593,0.404,0.178,0.154,0.14,,0.614,,,,,,,,0.249,0.27,0.111,0.143,0.393,,,,,0.11,0.327,0.54,,,0.529,0.611,,0.154,0.15,0.194,0.64,0.638,0.16,0.139,0.606,0.187,,,0.235,,,,,0.159,,,,0.162,,0.105,,0.151,0.115,0.118,0.097,,,,0.432,0.099,,,0.127,0.118
162,14048100,,0.569,0.571,,,,0.248,,,,,0.174,0.221,,0.22,0.136,,0.152,,,,,,,,0.415,,0.447,0.204,,,0.096,,0.402,0.275,,,,0.102,0.126,0.169,,,,0.075,0.469,0.517,0.494,,,,0.241,,0.092,,,,,,0.213,0.174,,,,0.203,0.16,0.055,0.125,,,,0.099,0.168,0.157,,0.356,,,,,,0.093,,,,,0.153,0.072,0.406,0.538,0.038,0.101,0.458,0.29,0.467,0.071,0.178,0.127,,,0.197,,,0.091,0.083,0.201,,0.08,0.194,,,,,,,,0.246,,0.095,0.789,,,0.025,,0.092,,0.098,0.163,0.095,0.158,0.144,0.364,0.6,0.409,0.184,0.155,0.14,,0.614,,,,,,,,0.248,0.268,0.111,0.143,0.394,,,,,0.111,0.327,0.541,,,0.528,0.61,,0.153,0.15,0.195,0.64,0.638,0.16,0.139,0.613,0.186,,,0.231,,,,,0.16,,,,0.163,,0.104,,0.173,0.114,0.116,0.095,,,,0.431,0.084,,,0.127,0.118
162,14048160,,0.569,0.571,,,,0.248,,,,,0.17,0.226,,0.22,0.089,,0.152,,,,,,,,0.415,,0.45,0.204,,,0.095,,0.402,0.273,,,,0.102,0.125,0.165,,,,0.075,0.469,0.517,0.494,,,,0.241,,0.094,,,,,,0.216,0.174,,,,0.203,0.158,0.055,0.129,,,,0.1,0.168,0.156,,0.351,,,,,,0.094,,,,,0.147,0.072,0.403,0.524,0.037,0.101,0.462,0.285,0.473,0.071,0.177,0.131,,,0.197,,,0.09,0.024,0.017,,0.059,0.194,,,,,,,,0.253,,0.095,0.79,,,0.025,,0.094,,0.098,0.163,0.095,0.159,0.144,0.364,0.596,0.379,0.18,0.154,0.139,,0.614,,,,,,,,0.241,0.266,0.111,0.143,0.391,,,,,0.111,0.326,0.541,,,0.528,0.61,,0.147,0.15,0.195,0.641,0.638,0.16,0.139,0.614,0.186,,,0.233,,,,,0.159,,,,0.162,,0.103,,0.18,0.114,0.117,0.095,,,,0.43,0.084,,,0.127,0.118
162,14048220,,0.569,0.571,,,,0.248,,,,,0.172,0.232,,0.222,0.078,,0.153,,,,,,,,0.415,,0.436,0.204,,,0.095,,0.402,0.273,,,,0.102,0.125,0.172,,,,0.075,0.47,0.517,0.494,,,,0.241,,0.093,,,,,,0.202,0.174,,,,0.203,0.158,0.055,0.124,,,,0.1,0.167,0.157,,0.348,,,,,,0.094,,,,,0.146,0.071,0.384,0.531,0.037,0.101,0.462,0.279,0.465,0.071,0.177,0.13,,,0.197,,,0.09,0.025,0.016,,0.056,0.194,,,,,,,,0.248,,0.096,0.792,,,0.025,,0.094,,0.097,0.163,0.095,0.158,0.144,0.364,0.597,0.412,0.184,0.155,0.14,,0.614,,,,,,,,0.237,0.265,0.111,0.143,0.386,,,,,0.11,0.326,0.54,,,0.528,0.61,,0.147,0.149,0.195,0.641,0.638,0.16,0.139,0.616,0.184,,,0.235,,,,,0.159,,,,0.163,,0.105,,0.186,0.115,0.117,0.095,,,,0.43,0.088,,,0.127,0.118
162,14048280,,0.569,0.571,,,,0.248,,,,,0.17,0.236,,0.221,0.077,,0.153,,,,,,,,0.414,,0.425,0.204,,,0.095,,0.402,0.274,,,,0.102,0.125,0.165,,,,0.075,0.47,0.516,0.494,,,,0.241,,0.092,,,,,,0.206,0.174,,,,0.203,0.157,0.055,0.126,,,,0.101,0.168,0.156,,0.343,,,,,,0.095,,,,,0.146,0.071,0.422,0.533,0.037,0.101,0.454,0.279,0.461,0.071,0.175,0.127,,,0.197,,,0.091,0.028,0.017,,0.056,0.194,,,,,,,,0.258,,0.095,0.789,,,0.025,,0.092,,0.097,0.163,0.094,0.159,0.144,0.364,0.589,0.394,0.175,0.155,0.14,,0.614,,,,,,,,0.236,0.265,0.111,0.143,0.383,,,,,0.11,0.326,0.54,,,0.529,0.61,,0.147,0.148,0.195,0.641,0.638,0.16,0.139,0.616,0.183,,,0.236,,,,,0.159,,,,0.163,,0.104,,0.192,0.115,0.115,0.095,,,,0.429,0.089,,,0.127,0.118
162,14048340,,0.569,0.57,,,,0.248,,,,,0.17,0.245,,0.22,0.096,,0.152,,,,,,,,0.415,,0.429,0.204,,,0.097,,0.402,0.273,,,,0.102,0.125,0.165,,,,0.075,0.47,0.517,0.494,,,,0.241,,0.093,,,,,,0.212,0.174,,,,0.203,0.157,0.055,0.126,,,,0.101,0.168,0.156,,0.343,,,,,,0.094,,,,,0.147,0.072,0.378,0.539,0.037,0.101,0.464,0.283,0.459,0.071,0.175,0.126,,,0.197,,,0.09,0.038,0.055,,0.056,0.194,,,,,,,,0.256,,0.095,0.793,,,0.025,,0.093,,0.098,0.162,0.095,0.159,0.144,0.364,0.597,0.359,0.182,0.154,0.141,,0.614,,,,,,,,0.235,0.267,0.111,0.143,0.385,,,,,0.11,0.326,0.54,,,0.529,0.61,,0.148,0.148,0.195,0.641,0.638,0.16,0.139,0.615,0.181,,,0.232,,,,,0.161,,,,0.165,,0.104,,0.195,0.113,0.117,0.095,,,,0.43,0.095,,,0.127,0.118
162,14048400,,0.568,0.571,,,,0.248,,,,,0.169,0.248,,0.22,0.095,,0.153,,,,,,,,0.415,,0.445,0.204,,,0.096,,0.402,0.272,,,,0.102,0.125,0.164,,,,0.075,0.47,0.517,0.494,,,,0.241,,0.093,,,,,,0.216,0.174,,,,0.203,0.156,0.055,0.126,,,,0.101,0.168,0.157,,0.346,,,,,,0.095,,,,,0.147,0.072,0.42,0.548,0.037,0.101,0.464,0.282,0.478,0.071,0.175,0.128,,,0.197,,,0.09,0.029,0.024,,0.055,0.194,,,,,,,,0.254,,0.095,0.795,,,0.025,,0.094,,0.099,0.163,0.095,0.159,0.144,0.364,0.599,0.39,0.186,0.155,0.158,,0.614,,,,,,,,0.233,0.268,0.111,0.143,0.387,,,,,0.11,0.326,0.541,,,0.529,0.61,,0.147,0.148,0.194,0.641,0.638,0.16,0.139,0.621,0.182,,,0.226,,,,,0.159,,,,0.164,,0.104,,0.219,0.114,0.117,0.096,,,,0.43,0.093,,,0.127,0.118
162,14048460,,0.568,0.571,,,,0.248,,,,,0.171,0.233,,0.22,0.079,,0.153,,,,,,,,0.415,,0.405,0.204,,,0.094,,0.402,0.271,,,,0.102,0.125,0.164,,,,0.075,0.469,0.517,0.494,,,,0.241,,0.093,,,,,,0.21,0.174,,,,0.203,0.156,0.055,0.125,,,,0.102,0.168,0.156,,0.345,,,,,,0.096,,,,,0.143,0.072,0.379,0.547,0.037,0.101,0.457,0.281,0.467,0.071,0.175,0.13,,,0.197,,,0.092,0.028,0.031,,0.077,0.194,,,,,,,,0.245,,0.094,0.791,,,0.025,,0.093,,0.098,0.163,0.096,0.158,0.144,0.364,0.594,0.381,0.18,0.154,0.159,,0.614,,,,,,,,0.229,0.264,0.111,0.143,0.386,,,,,0.11,0.326,0.541,,,0.529,0.61,,0.148,0.149,0.195,0.641,0.638,0.16,0.139,0.616,0.181,,,0.226,,,,,0.159,,,,0.163,,0.103,,0.227,0.115,0.118,0.096,,,,0.43,0.094,,,0.127,0.118
162,14048520,,0.568,0.571,,,,0.248,,,,,0.17,0.24,,0.22,0.092,,0.153,,,,,,,,0.415,,0.425,0.204,,,0.095,,0.402,0.271,,,,0.102,0.125,0.165,,,,0.075,0.47,0.517,0.494,,,,0.241,,0.094,,,,,,0.216,0.174,,,,0.203,0.157,0.055,0.126,,,,0.101,0.168,0.156,,0.346,,,,,,0.094,,,,,0.146,0.072,0.411,0.55,0.037,0.101,0.463,0.283,0.471,0.071,0.176,0.13,,,0.197,,,0.091,0.028,0.016,,0.071,0.195,,,,,,,,0.263,,0.095,0.79,,,0.025,,0.092,,0.098,0.163,0.094,0.159,0.144,0.364,0.595,0.364,0.181,0.154,0.161,,0.614,,,,,,,,0.226,0.263,0.111,0.143,0.389,,,,,0.11,0.326,0.541,,,0.529,0.61,,0.148,0.149,0.195,0.641,0.638,0.16,0.139,0.615,0.183,,,0.223,,,,,0.16,,,,0.164,,0.103,,0.301,0.116,0.117,0.096,,,,0.43,0.094,,,0.127,0.118
162,14048580,,0.568,0.571,,,,0.248,,,,,0.173,0.233,,0.225,0.078,,0.153,,,,,,,,0.415,,0.416,0.204,,,0.096,,0.402,0.271,,,,0.102,0.125,0.165,,,,0.075,0.47,0.517,0.494,,,,0.241,,0.094,,,,,,0.208,0.174,,,,0.203,0.157,0.055,0.125,,,,0.102,0.168,0.156,,0.342,,,,,,0.094,,,,,0.148,0.072,0.407,0.54,0.037,0.101,0.453,0.278,0.471,0.071,0.175,0.127,,,0.197,,,0.09,0.025,0.016,,0.071,0.194,,,,,,,,0.271,,0.096,0.792,,,0.025,,0.093,,0.099,0.164,0.094,0.159,0.143,0.364,0.604,0.361,0.18,0.155,0.164,,0.614,,,,,,,,0.222,0.266,0.111,0.143,0.387,,,,,0.109,0.325,0.541,,,0.529,0.61,,0.148,0.149,0.195,0.641,0.638,0.16,0.139,0.618,0.182,,,0.221,,,,,0.159,,,,0.163,,0.104,,0.305,0.113,0.117,0.094,,,,0.431,0.095,,,0.127,0.118
162,14048640,,0.568,0.571,,,,0.248,,,,,0.171,0.244,,0.225,0.076,,0.152,,,,,,,,0.415,,0.419,0.204,,,0.097,,0.402,0.274,,,,0.102,0.125,0.164,,,,0.075,0.47,0.517,0.494,,,,0.241,,0.094,,,,,,0.214,0.174,,,,0.203,0.157,0.055,0.122,,,,0.101,0.167,0.156,,0.34,,,,,,0.094,,,,,0.144,0.072,0.392,0.546,0.037,0.101,0.456,0.281,0.467,0.071,0.176,0.126,,,0.197,,,0.09,0.026,0.015,,0.116,0.194,,,,,,,,0.244,,0.097,0.792,,,0.025,,0.093,,0.099,0.163,0.096,0.16,0.144,0.364,0.604,0.367,0.183,0.155,0.139,,0.614,,,,,,,,0.221,0.267,0.111,0.143,0.388,,,,,0.109,0.325,0.542,,,0.529,0.61,,0.148,0.15,0.196,0.641,0.638,0.16,0.139,0.615,0.188,,,0.213,,,,,0.158,,,,0.163,,0.104,,0.309,0.115,0.117,0.096,,,,0.431,0.095,,,0.127,0.118
162,14048700,,0.569,0.571,,,,0.248,,,,,0.171,0.26,,0.227,0.078,,0.152,,,,,,,,0.415,,0.427,0.204,,,0.096,,0.402,0.273,,,,0.102,0.126,0.165,,,,0.075,0.47,0.517,0.494,,,,0.241,,0.093,,,,,,0.21,0.174,,,,0.203,0.157,0.055,0.122,,,,0.101,0.167,0.156,,0.344,,,,,,0.094,,,,,0.144,0.071,0.375,0.55,0.037,0.101,0.462,0.277,0.48,0.071,0.177,0.127,,,0.197,,,0.091,0.032,0.069,,0.08,0.194,,,,,,,,0.257,,0.095,0.79,,,0.024,,0.094,,0.099,0.162,0.096,0.159,0.144,0.364,0.606,0.385,0.185,0.155,0.139,,0.614,,,,,,,,0.22,0.265,0.111,0.143,0.387,,,,,0.109,0.325,0.542,,,0.529,0.61,,0.148,0.151,0.195,0.641,0.638,0.16,0.139,0.61,0.187,,,0.212,,,,,0.158,,,,0.162,,0.104,,0.307,0.114,0.119,0.095,,,,0.429,0.096,,,0.127,0.118
162,14048760,,0.569,0.571,,,,0.248,,,,,0.169,0.26,,0.227,0.136,,0.153,,,,,,,,0.414,,0.422,0.204,,,0.096,,0.402,0.273,,,,0.101,0.127,0.166,,,,0.075,0.47,0.517,0.494,,,,0.241,,0.092,,,,,,0.238,0.174,,,,0.203,0.157,0.055,0.123,,,,0.101,0.168,0.157,,0.348,,,,,,0.094,,,,,0.146,0.072,0.409,0.548,0.037,0.101,0.461,0.283,0.48,0.071,0.178,0.129,,,0.197,,,0.091,0.039,0.03,,0.102,0.195,,,,,,,,0.256,,0.094,0.792,,,0.024,,0.092,,0.099,0.163,0.095,0.159,0.146,0.364,0.599,0.389,0.185,0.156,0.14,,0.614,,,,,,,,0.216,0.266,0.111,0.143,0.39,,,,,0.109,0.324,0.542,,,0.529,0.61,,0.148,0.151,0.195,0.641,0.638,0.16,0.139,0.617,0.189,,,0.211,,,,,0.16,,,,0.163,,0.105,,0.297,0.114,0.116,0.109,,,,0.43,0.097,,,0.127,0.118
162,14048820,,0.569,0.571,,,,0.248,,,,,0.176,0.255,,0.226,0.153,,0.153,,,,,,,,0.415,,0.432,0.204,,,0.096,,0.403,0.272,,,,0.101,0.125,0.165,,,,0.075,0.471,0.517,0.494,,,,0.241,,0.092,,,,,,0.222,0.174,,,,0.203,0.157,0.055,0.123,,,,0.102,0.168,0.157,,0.353,,,,,,0.094,,,,,0.148,0.072,0.417,0.553,0.037,0.101,0.456,0.281,0.478,0.071,0.176,0.131,,,0.197,,,0.09,0.027,0.017,,0.272,0.195,,,,,,,,0.261,,0.096,0.788,,,0.025,,0.093,,0.099,0.163,0.095,0.16,0.143,0.364,0.607,0.403,0.188,0.155,0.14,,0.614,,,,,,,,0.212,0.268,0.111,0.143,0.396,,,,,0.109,0.324,0.542,,,0.529,0.61,,0.148,0.151,0.195,0.641,0.638,0.16,0.139,0.61,0.191,,,0.214,,,,,0.16,,,,0.163,,0.105,,0.289,0.115,0.117,0.107,,,,0.431,0.092,,,0.127,0.118
162,14048880,,0.569,0.571,,,,0.248,,,,,0.199,0.247,,0.227,0.134,,0.152,,,,,,,,0.416,,0.431,0.204,,,0.095,,0.403,0.273,,,,0.101,0.126,0.165,,,,0.075,0.471,0.517,0.494,,,,0.241,,0.092,,,,,,0.213,0.174,,,,0.203,0.157,0.054,0.123,,,,0.102,0.168,0.156,,0.351,,,,,,0.096,,,,,0.147,0.072,0.401,0.538,0.037,0.101,0.467,0.28,0.468,0.071,0.177,0.128,,,0.197,,,0.091,0.026,0.016,,0.056,0.195,,,,,,,,0.256,,0.096,0.79,,,0.025,,0.095,,0.099,0.162,0.096,0.16,0.144,0.364,0.6,0.396,0.19,0.154,0.139,,0.614,,,,,,,,0.211,0.265,0.111,0.143,0.397,,,,,0.109,0.324,0.543,,,0.529,0.61,,0.149,0.151,0.196,0.641,0.638,0.16,0.139,0.608,0.189,,,0.216,,,,,0.16,,,,0.162,,0.104,,0.272,0.115,0.117,0.103,,,,0.433,0.094,,,0.127,0.118
162,14048940,,0.569,0.571,,,,0.248,,,,,0.124,0.233,,0.226,0.138,,0.153,,,,,,,,0.414,,0.403,0.204,,,0.096,,0.403,0.273,,,,0.101,0.125,0.164,,,,0.075,0.471,0.517,0.494,,,,0.241,,0.094,,,,,,0.213,0.174,,,,0.203,0.157,0.055,0.122,,,,0.103,0.169,0.157,,0.352,,,,,,0.096,,,,,0.148,0.073,0.403,0.547,0.037,0.101,0.459,0.285,0.475,0.071,0.178,0.13,,,0.197,,,0.091,0.028,0.016,,0.047,0.195,,,,,,,,0.244,,0.097,0.791,,,0.025,,0.094,,0.099,0.162,0.096,0.158,0.143,0.364,0.606,0.38,0.186,0.154,0.14,,0.614,,,,,,,,0.209,0.266,0.111,0.143,0.395,,,,,0.109,0.324,0.543,,,0.529,0.61,,0.148,0.152,0.195,0.64,0.638,0.16,0.14,0.605,0.19,,,0.218,,,,,0.159,,,,0.162,,0.104,,0.264,0.116,0.118,0.098,,,,0.432,0.096,,,0.127,0.118
162,14049000,,0.569,0.571,,,,0.248,,,,,0.126,0.23,,0.226,0.127,,0.153,,,,,,,,0.413,,0.426,0.204,,,0.097,,0.403,0.272,,,,0.102,0.126,0.164,,,,0.075,0.473,0.517,0.494,,,,0.241,,0.092,,,,,,0.215,0.174,,,,0.203,0.157,0.055,0.123,,,,0.103,0.169,0.159,,0.361,,,,,,0.096,,,,,0.146,0.072,0.457,0.55,0.037,0.101,0.473,0.282,0.477,0.071,0.176,0.13,,,0.197,,,0.092,0.027,0.016,,0.047,0.195,,,,,,,,0.243,,0.095,0.786,,,0.025,,0.093,,0.099,0.162,0.096,0.16,0.144,0.364,0.607,0.389,0.181,0.154,0.139,,0.614,,,,,,,,0.213,0.272,0.111,0.143,0.396,,,,,0.11,0.323,0.543,,,0.529,0.61,,0.148,0.151,0.195,0.641,0.638,0.16,0.14,0.61,0.189,,,0.22,,,,,0.159,,,,0.164,,0.105,,0.251,0.115,0.117,0.095,,,,0.433,0.097,,,0.127,0.118
162,14049060,,0.569,0.571,,,,0.248,,,,,0.126,0.238,,0.226,0.144,,0.153,,,,,,,,0.415,,0.437,0.204,,,0.097,,0.403,0.27,,,,0.102,0.126,0.164,,,,0.075,0.473,0.517,0.494,,,,0.241,,0.093,,,,,,0.218,0.174,,,,0.203,0.158,0.055,0.123,,,,0.104,0.169,0.157,,0.363,,,,,,0.096,,,,,0.147,0.072,0.419,0.556,0.037,0.101,0.464,0.29,0.476,0.071,0.178,0.13,,,0.197,,,0.091,0.028,0.016,,0.078,0.195,,,,,,,,0.244,,0.096,0.783,,,0.024,,0.094,,0.098,0.162,0.096,0.16,0.144,0.364,0.608,0.414,0.186,0.154,0.14,,0.614,,,,,,,,0.211,0.265,0.111,0.143,0.395,,,,,0.11,0.323,0.543,,,0.529,0.61,,0.148,0.151,0.195,0.641,0.638,0.16,0.14,0.616,0.189,,,0.219,,,,,0.158,,,,0.164,,0.105,,0.179,0.115,0.118,0.096,,,,0.433,0.097,,,0.127,0.118
162,14049120,,0.568,0.571,,,,0.248,,,,,0.126,0.248,,0.226,0.131,,0.153,,,,,,,,0.414,,0.439,0.204,,,0.095,,0.403,0.268,,,,0.102,0.126,0.164,,,,0.075,0.473,0.517,0.494,,,,0.241,,0.091,,,,,,0.208,0.174,,,,0.203,0.158,0.055,0.122,,,,0.102,0.168,0.157,,0.359,,,,,,0.097,,,,,0.147,0.073,0.404,0.543,0.037,0.101,0.465,0.285,0.484,0.071,0.175,0.128,,,0.197,,,0.09,0.029,0.029,,0.052,0.195,,,,,,,,0.241,,0.096,0.787,,,0.024,,0.093,,0.098,0.163,0.096,0.16,0.144,0.364,0.604,0.391,0.19,0.155,0.141,,0.614,,,,,,,,0.205,0.264,0.11,0.143,0.393,,,,,0.109,0.323,0.543,,,0.529,0.611,,0.148,0.151,0.194,0.64,0.638,0.16,0.14,0.623,0.189,,,0.222,,,,,0.159,,,,0.163,,0.105,,0.196,0.116,0.118,0.096,,,,0.433,0.088,,,0.127,0.117
162,14049180,,0.568,0.571,,,,0.248,,,,,0.099,0.246,,0.226,0.106,,0.153,,,,,,,,0.414,,0.438,0.205,,,0.096,,0.403,0.268,,,,0.103,0.125,0.164,,,,0.075,0.473,0.517,0.495,,,,0.241,,0.092,,,,,,0.208,0.174,,,,0.203,0.157,0.055,0.123,,,,0.102,0.168,0.157,,0.353,,,,,,0.095,,,,,0.144,0.073,0.44,0.549,0.037,0.101,0.453,0.282,0.481,0.071,0.176,0.125,,,0.197,,,0.091,0.027,0.015,,0.062,0.195,,,,,,,,0.244,,0.097,0.785,,,0.024,,0.093,,0.098,0.163,0.095,0.16,0.139,0.364,0.603,0.379,0.186,0.155,0.141,,0.614,,,,,,,,0.199,0.258,0.11,0.143,0.393,,,,,0.108,0.322,0.543,,,0.529,0.611,,0.148,0.151,0.194,0.64,0.638,0.16,0.14,0.621,0.186,,,0.225,,,,,0.16,,,,0.163,,0.104,,0.208,0.116,0.119,0.096,,,,0.432,0.081,,,0.127,0.117
162,14049240,,0.568,0.571,,,,0.248,,,,,0.1,0.241,,0.226,0.08,,0.153,,,,,,,,0.414,,0.422,0.204,,,0.096,,0.403,0.269,,,,0.103,0.125,0.165,,,,0.075,0.473,0.517,0.495,,,,0.241,,0.094,,,,,,0.218,0.174,,,,0.203,0.156,0.055,0.123,,,,0.102,0.168,0.156,,0.348,,,,,,0.096,,,,,0.141,0.072,0.401,0.545,0.037,0.101,0.466,0.285,0.482,0.071,0.174,0.128,,,0.197,,,0.092,0.044,0.045,,0.082,0.195,,,,,,,,0.247,,0.096,0.782,,,0.024,,0.094,,0.098,0.163,0.096,0.16,0.145,0.364,0.604,0.37,0.184,0.155,0.14,,0.614,,,,,,,,0.198,0.253,0.11,0.143,0.39,,,,,0.108,0.322,0.543,,,0.529,0.611,,0.148,0.151,0.194,0.64,0.638,0.16,0.14,0.613,0.185,,,0.232,,,,,0.158,,,,0.164,,0.104,,0.218,0.115,0.116,0.101,,,,0.432,0.089,,,0.127,0.117
162,14049300,,0.568,0.571,,,,0.249,,,,,0.103,0.241,,0.228,0.115,,0.153,,,,,,,,0.413,,0.433,0.205,,,0.097,,0.403,0.271,,,,0.103,0.125,0.166,,,,0.075,0.472,0.517,0.495,,,,0.241,,0.093,,,,,,0.216,0.174,,,,0.203,0.157,0.055,0.123,,,,0.101,0.168,0.157,,0.342,,,,,,0.096,,,,,0.141,0.072,0.393,0.542,0.037,0.101,0.456,0.277,0.471,0.071,0.174,0.128,,,0.197,,,0.09,0.027,0.016,,0.055,0.195,,,,,,,,0.247,,0.096,0.788,,,0.024,,0.095,,0.099,0.164,0.097,0.16,0.142,0.364,0.611,0.385,0.185,0.155,0.14,,0.614,,,,,,,,0.196,0.255,0.11,0.143,0.391,,,,,0.108,0.321,0.543,,,0.529,0.611,,0.149,0.151,0.194,0.64,0.638,0.16,0.14,0.619,0.185,,,0.236,,,,,0.159,,,,0.164,,0.105,,0.224,0.115,0.116,0.099,,,,0.431,0.093,,,0.127,0.117
162,14049360,,0.568,0.571,,,,0.249,,,,,0.101,0.257,,0.225,0.121,,0.153,,,,,,,,0.413,,0.446,0.205,,,0.096,,0.403,0.272,,,,0.103,0.125,0.164,,,,0.075,0.472,0.517,0.495,,,,0.241,,0.092,,,,,,0.214,0.174,,,,0.203,0.158,0.055,0.122,,,,0.102,0.168,0.157,,0.347,,,,,,0.097,,,,,0.144,0.072,0.416,0.548,0.037,0.101,0.471,0.276,0.473,0.071,0.176,0.126,,,0.197,,,0.091,0.026,0.021,,0.053,0.195,,,,,,,,0.236,,0.097,0.786,,,0.024,,0.094,,0.099,0.163,0.097,0.16,0.143,0.364,0.607,0.346,0.181,0.155,0.14,,0.614,,,,,,,,0.192,0.256,0.11,0.143,0.395,,,,,0.108,0.32,0.543,,,0.529,0.611,,0.149,0.151,0.194,0.64,0.638,0.16,0.14,0.615,0.185,,,0.238,,,,,0.159,,,,0.164,,0.105,,0.148,0.116,0.117,0.096,,,,0.432,0.095,,,0.127,0.117
162,14049420,,0.568,0.571,,,,0.249,,,,,0.107,0.257,,0.225,0.093,,0.153,,,,,,,,0.413,,0.439,0.205,,,0.096,,0.403,0.271,,,,0.103,0.125,0.164,,,,0.075,0.473,0.517,0.495,,,,0.241,,0.092,,,,,,0.204,0.174,,,,0.203,0.159,0.054,0.122,,,,0.101,0.168,0.157,,0.347,,,,,,0.096,,,,,0.144,0.072,0.432,0.547,0.037,0.101,0.454,0.278,0.48,0.071,0.175,0.126,,,0.197,,,0.092,0.025,0.016,,0.053,0.195,,,,,,,,0.248,,0.097,0.783,,,0.024,,0.094,,0.099,0.163,0.095,0.159,0.143,0.364,0.609,0.356,0.182,0.155,0.139,,0.614,,,,,,,,0.191,0.252,0.11,0.143,0.392,,,,,0.108,0.32,0.543,,,0.529,0.611,,0.149,0.152,0.194,0.64,0.638,0.16,0.14,0.619,0.184,,,0.238,,,,,0.159,,,,0.163,,0.105,,0.161,0.117,0.117,0.095,,,,0.431,0.085,,,0.127,0.117
162,14049480,,0.568,0.571,,,,0.249,,,,,0.106,0.242,,0.225,0.093,,0.153,,,,,,,,0.414,,0.427,0.205,,,0.096,,0.403,0.271,,,,0.102,0.125,0.165,,,,0.075,0.473,0.517,0.495,,,,0.241,,0.095,,,,,,0.202,0.175,,,,0.203,0.159,0.055,0.122,,,,0.102,0.168,0.157,,0.347,,,,,,0.096,,,,,0.143,0.072,0.414,0.545,0.037,0.101,0.46,0.28,0.476,0.071,0.175,0.127,,,0.197,,,0.092,0.028,0.016,,0.053,0.195,,,,,,,,0.25,,0.096,0.784,,,0.025,,0.094,,0.099,0.163,0.096,0.159,0.143,0.364,0.598,0.349,0.181,0.155,0.141,,0.614,,,,,,,,0.188,0.251,0.11,0.143,0.389,,,,,0.108,0.319,0.544,,,0.529,0.611,,0.148,0.151,0.194,0.64,0.638,0.16,0.14,0.617,0.184,,,0.235,,,,,0.16,,,,0.164,,0.105,,0.171,0.115,0.117,0.095,,,,0.431,0.089,,,0.127,0.117
162,14049540,,0.568,0.571,,,,0.249,,,,,0.106,0.238,,0.225,0.092,,0.153,,,,,,,,0.413,,0.426,0.203,,,0.097,,0.403,0.271,,,,0.102,0.125,0.166,,,,0.075,0.472,0.517,0.495,,,,0.241,,0.095,,,,,,0.205,0.175,,,,0.203,0.16,0.055,0.122,,,,0.103,0.167,0.157,,0.345,,,,,,0.097,,,,,0.145,0.072,0.449,0.542,0.037,0.101,0.457,0.279,0.482,0.071,0.177,0.126,,,0.197,,,0.091,0.035,0.016,,0.054,0.196,,,,,,,,0.244,,0.096,0.79,,,0.024,,0.096,,0.099,0.163,0.096,0.159,0.144,0.364,0.599,0.376,0.185,0.155,0.141,,0.614,,,,,,,,0.186,0.245,0.11,0.143,0.388,,,,,0.108,0.319,0.544,,,0.529,0.611,,0.148,0.152,0.194,0.64,0.638,0.16,0.14,0.618,0.186,,,0.229,,,,,0.16,,,,0.163,,0.105,,0.202,0.115,0.117,0.095,,,,0.43,0.089,,,0.127,0.117
162,14049600,,0.568,0.571,,,,0.249,,,,,0.106,0.244,,0.225,0.093,,0.153,,,,,,,,0.413,,0.431,0.203,,,0.095,,0.404,0.271,,,,0.102,0.125,0.165,,,,0.075,0.472,0.516,0.495,,,,0.241,,0.094,,,,,,0.205,0.175,,,,0.203,0.16,0.055,0.121,,,,0.103,0.167,0.157,,0.34,,,,,,0.097,,,,,0.142,0.072,0.428,0.545,0.037,0.101,0.464,0.271,0.472,0.071,0.173,0.128,,,0.197,,,0.092,0.03,0.075,,0.054,0.196,,,,,,,,0.242,,0.096,0.778,,,0.024,,0.095,,0.098,0.163,0.097,0.159,0.144,0.364,0.596,0.353,0.18,0.155,0.141,,0.614,,,,,,,,0.185,0.247,0.11,0.143,0.387,,,,,0.109,0.319,0.544,,,0.53,0.611,,0.148,0.152,0.195,0.64,0.638,0.16,0.14,0.621,0.188,,,0.228,,,,,0.159,,,,0.164,,0.105,,0.191,0.116,0.118,0.094,,,,0.429,0.089,,,0.127,0.117
162,14049660,,0.568,0.57,,,,0.249,,,,,0.106,0.228,,0.225,0.091,,0.153,,,,,,,,0.414,,0.43,0.203,,,0.096,,0.403,0.272,,,,0.102,0.125,0.164,,,,0.075,0.472,0.516,0.494,,,,0.241,,0.093,,,,,,0.21,0.175,,,,0.203,0.159,0.055,0.122,,,,0.102,0.168,0.156,,0.338,,,,,,0.097,,,,,0.143,0.072,0.406,0.542,0.037,0.101,0.452,0.274,0.474,0.071,0.175,0.128,,,0.197,,,0.093,0.049,0.086,,0.054,0.196,,,,,,,,0.248,,0.096,0.78,,,0.024,,0.095,,0.098,0.164,0.096,0.159,0.144,0.364,0.605,0.355,0.182,0.156,0.142,,0.615,,,,,,,,0.181,0.246,0.11,0.143,0.389,,,,,0.109,0.319,0.544,,,0.53,0.611,,0.148,0.152,0.195,0.64,0.638,0.16,0.14,0.623,0.189,,,0.221,,,,,0.159,,,,0.164,,0.105,,0.192,0.131,0.118,0.095,,,,0.429,0.09,,,0.127,0.117
162,14049720,,0.568,0.571,,,,0.249,,,,,0.107,0.214,,0.227,0.084,,0.152,,,,,,,,0.413,,0.428,0.203,,,0.097,,0.403,0.269,,,,0.102,0.125,0.164,,,,0.075,0.473,0.517,0.494,,,,0.241,,0.095,,,,,,0.206,0.175,,,,0.203,0.16,0.055,0.123,,,,0.102,0.168,0.156,,0.339,,,,,,0.097,,,,,0.147,0.072,0.418,0.553,0.037,0.101,0.463,0.277,0.475,0.071,0.177,0.127,,,0.197,,,0.093,0.027,0.016,,0.063,0.196,,,,,,,,0.238,,0.097,0.778,,,0.024,,0.093,,0.099,0.164,0.096,0.16,0.145,0.364,0.602,0.378,0.182,0.156,0.14,,0.615,,,,,,,,0.178,0.244,0.11,0.143,0.389,,,,,0.109,0.318,0.544,,,0.53,0.611,,0.149,0.152,0.195,0.64,0.638,0.16,0.139,0.625,0.188,,,0.217,,,,,0.159,,,,0.163,,0.105,,0.196,0.129,0.117,0.096,,,,0.428,0.091,,,0.127,0.117
162,14049780,,0.568,0.571,,,,0.249,,,,,0.106,0.224,,0.226,0.077,,0.152,,,,,,,,0.413,,0.434,0.203,,,0.098,,0.403,0.268,,,,0.102,0.125,0.164,,,,0.075,0.473,0.517,0.494,,,,0.241,,0.095,,,,,,0.202,0.175,,,,0.203,0.16,0.055,0.123,,,,0.103,0.168,0.156,,0.338,,,,,,0.097,,,,,0.142,0.072,0.395,0.545,0.038,0.101,0.472,0.278,0.475,0.071,0.174,0.126,,,0.197,,,0.092,0.027,0.016,,0.067,0.195,,,,,,,,0.25,,0.096,0.777,,,0.024,,0.095,,0.1,0.164,0.097,0.16,0.143,0.364,0.602,0.357,0.19,0.155,0.141,,0.615,,,,,,,,0.177,0.245,0.11,0.143,0.388,,,,,0.108,0.318,0.547,,,0.53,0.611,,0.149,0.151,0.195,0.64,0.638,0.16,0.139,0.616,0.188,,,0.216,,,,,0.16,,,,0.163,,0.104,,0.197,0.13,0.117,0.096,,,,0.431,0.091,,,0.127,0.117
162,14049840,,0.568,0.571,,,,0.249,,,,,0.106,0.252,,0.226,0.077,,0.152,,,,,,,,0.414,,0.424,0.203,,,0.096,,0.403,0.267,,,,0.102,0.125,0.164,,,,0.075,0.473,0.517,0.494,,,,0.241,,0.094,,,,,,0.208,0.175,,,,0.203,0.16,0.055,0.123,,,,0.104,0.167,0.156,,0.337,,,,,,0.098,,,,,0.142,0.072,0.411,0.556,0.037,0.101,0.465,0.271,0.472,0.071,0.174,0.125,,,0.197,,,0.091,0.027,0.016,,0.122,0.195,,,,,,,,0.244,,0.096,0.777,,,0.024,,0.095,,0.099,0.164,0.097,0.16,0.143,0.364,0.603,0.347,0.18,0.156,0.141,,0.614,,,,,,,,0.175,0.242,0.11,0.143,0.387,,,,,0.108,0.317,0.548,,,0.53,0.611,,0.149,0.152,0.194,0.64,0.638,0.16,0.14,0.613,0.187,,,0.216,,,,,0.159,,,,0.163,,0.105,,0.191,0.131,0.118,0.096,,,,0.431,0.09,,,0.127,0.117
162,14049900,,0.568,0.57,,,,0.249,,,,,0.123,0.248,,0.227,0.101,,0.153,,,,,,,,0.413,,0.434,0.203,,,0.097,,0.403,0.27,,,,0.102,0.125,0.164,,,,0.075,0.474,0.517,0.494,,,,0.241,,0.095,,,,,,0.217,0.175,,,,0.203,0.16,0.055,0.123,,,,0.103,0.168,0.157,,0.337,,,,,,0.095,,,,,0.142,0.072,0.421,0.546,0.038,0.101,0.46,0.272,0.476,0.071,0.173,0.131,,,0.197,,,0.092,0.038,0.016,,0.057,0.195,,,,,,,,0.259,,0.096,0.777,,,0.024,,0.094,,0.098,0.163,0.096,0.159,0.144,0.364,0.596,0.351,0.182,0.155,0.141,,0.615,,,,,,,,0.173,0.241,0.11,0.143,0.389,,,,,0.108,0.317,0.548,,,0.53,0.611,,0.149,0.152,0.195,0.64,0.638,0.16,0.14,0.605,0.185,,,0.213,,,,,0.16,,,,0.163,,0.104,,0.189,0.115,0.119,0.101,,,,0.429,0.091,,,0.127,0.117
162,14049960,,0.568,0.57,,,,0.249,,,,,0.105,0.242,,0.226,0.082,,0.153,,,,,,,,0.413,,0.434,0.204,,,0.097,,0.404,0.272,,,,0.102,0.127,0.164,,,,0.075,0.474,0.516,0.494,,,,0.241,,0.096,,,,,,0.24,0.175,,,,0.203,0.16,0.055,0.124,,,,0.103,0.168,0.157,,0.337,,,,,,0.095,,,,,0.143,0.073,0.387,0.549,0.038,0.101,0.455,0.269,0.463,0.071,0.174,0.131,,,0.197,,,0.093,0.026,0.053,,0.169,0.195,,,,,,,,0.263,,0.096,0.777,,,0.024,,0.094,,0.098,0.164,0.097,0.159,0.144,0.364,0.601,0.356,0.186,0.155,0.14,,0.615,,,,,,,,0.171,0.236,0.11,0.143,0.388,,,,,0.108,0.316,0.547,,,0.53,0.611,,0.149,0.152,0.195,0.64,0.638,0.16,0.14,0.604,0.184,,,0.215,,,,,0.16,,,,0.162,,0.105,,0.186,0.114,0.118,0.11,,,,0.429,0.081,,,0.127,0.117
162,14050020,,0.569,0.57,,,,0.248,,,,,0.103,0.237,,0.226,0.089,,0.153,,,,,,,,0.413,,0.445,0.203,,,0.097,,0.404,0.273,,,,0.102,0.126,0.164,,,,0.075,0.474,0.516,0.494,,,,0.241,,0.096,,,,,,0.224,0.175,,,,0.203,0.161,0.055,0.123,,,,0.104,0.167,0.156,,0.341,,,,,,0.096,,,,,0.143,0.072,0.406,0.53,0.037,0.101,0.46,0.272,0.468,0.071,0.173,0.128,,,0.197,,,0.091,0.028,0.015,,0.05,0.195,,,,,,,,0.255,,0.095,0.781,,,0.024,,0.095,,0.099,0.164,0.096,0.16,0.144,0.364,0.601,0.341,0.182,0.156,0.141,,0.615,,,,,,,,0.168,0.233,0.11,0.143,0.388,,,,,0.108,0.316,0.548,,,0.53,0.611,,0.149,0.152,0.196,0.641,0.638,0.16,0.14,0.606,0.181,,,0.217,,,,,0.159,,,,0.162,,0.104,,0.184,0.114,0.118,0.109,,,,0.429,0.081,,,0.127,0.117
162,14050080,,0.569,0.571,,,,0.248,,,,,0.103,0.233,,0.227,0.092,,0.152,,,,,,,,0.413,,0.434,0.203,,,0.097,,0.404,0.273,,,,0.102,0.126,0.164,,,,0.075,0.477,0.517,0.494,,,,0.241,,0.095,,,,,,0.211,0.175,,,,0.203,0.16,0.056,0.122,,,,0.104,0.167,0.156,,0.341,,,,,,0.095,,,,,0.143,0.072,0.398,0.549,0.037,0.101,0.461,0.276,0.484,0.071,0.176,0.13,,,0.197,,,0.092,0.026,0.016,,0.048,0.195,,,,,,,,0.258,,0.097,0.781,,,0.024,,0.094,,0.1,0.164,0.097,0.159,0.144,0.364,0.59,0.339,0.176,0.155,0.141,,0.615,,,,,,,,0.166,0.229,0.11,0.143,0.386,,,,,0.108,0.316,0.548,,,0.53,0.611,,0.15,0.152,0.196,0.64,0.638,0.16,0.14,0.616,0.18,,,0.225,,,,,0.159,,,,0.162,,0.105,,0.185,0.116,0.119,0.105,,,,0.429,0.086,,,0.127,0.117
162,14050140,,0.568,0.571,,,,0.249,,,,,0.115,0.232,,0.227,0.094,,0.152,,,,,,,,0.413,,0.429,0.203,,,0.097,,0.404,0.273,,,,0.102,0.126,0.164,,,,0.075,0.478,0.516,0.494,,,,0.241,,0.096,,,,,,0.204,0.175,,,,0.203,0.161,0.055,0.122,,,,0.103,0.168,0.156,,0.339,,,,,,0.096,,,,,0.146,0.072,0.4,0.535,0.038,0.101,0.461,0.272,0.478,0.071,0.175,0.124,,,0.197,,,0.093,0.035,0.016,,0.048,0.195,,,,,,,,0.264,,0.097,0.781,,,0.024,,0.094,,0.098,0.163,0.096,0.16,0.144,0.364,0.585,0.342,0.179,0.155,0.14,,0.614,,,,,,,,0.165,0.224,0.11,0.143,0.387,,,,,0.108,0.315,0.548,,,0.53,0.611,,0.15,0.152,0.196,0.64,0.638,0.16,0.14,0.621,0.181,,,0.224,,,,,0.161,,,,0.163,,0.105,,0.185,0.115,0.119,0.099,,,,0.43,0.087,,,0.127,0.117
162,14050200,,0.568,0.571,,,,0.249,,,,,0.139,0.223,,0.229,0.105,,0.153,,,,,,,,0.413,,0.44,0.203,,,0.098,,0.404,0.27,,,,0.102,0.126,0.165,,,,0.075,0.477,0.516,0.494,,,,0.241,,0.096,,,,,,0.212,0.175,,,,0.203,0.161,0.055,0.122,,,,0.103,0.168,0.157,,0.339,,,,,,0.096,,,,,0.142,0.072,0.379,0.541,0.037,0.101,0.452,0.276,0.469,0.071,0.177,0.126,,,0.197,,,0.093,0.036,0.069,,0.048,0.195,,,,,,,,0.249,,0.097,0.784,,,0.024,,0.094,,0.099,0.163,0.097,0.16,0.144,0.364,0.611,0.347,0.18,0.155,0.141,,0.614,,,,,,,,0.163,0.222,0.11,0.143,0.389,,,,,0.109,0.315,0.548,,,0.53,0.611,,0.15,0.151,0.195,0.64,0.638,0.16,0.14,0.625,0.182,,,0.227,,,,,0.161,,,,0.163,,0.105,,0.184,0.115,0.118,0.099,,,,0.43,0.087,,,0.127,0.117
162,14050260,,0.568,0.571,,,,0.248,,,,,0.11,0.234,,0.227,0.114,,0.153,,,,,,,,0.413,,0.45,0.204,,,0.097,,0.404,0.27,,,,0.102,0.126,0.165,,,,0.075,0.477,0.517,0.494,,,,0.241,,0.096,,,,,,0.212,0.175,,,,0.203,0.161,0.055,0.123,,,,0.103,0.168,0.156,,0.344,,,,,,0.097,,,,,0.146,0.073,0.395,0.56,0.037,0.101,0.459,0.275,0.476,0.071,0.175,0.126,,,0.197,,,0.091,0.035,0.016,,0.055,0.195,,,,,,,,0.266,,0.096,0.782,,,0.024,,0.095,,0.1,0.158,0.097,0.16,0.145,0.364,0.594,0.335,0.179,0.155,0.141,,0.615,,,,,,,,0.162,0.216,0.11,0.143,0.391,,,,,0.109,0.315,0.548,,,0.53,0.611,,0.149,0.152,0.196,0.64,0.638,0.16,0.14,0.628,0.185,,,0.231,,,,,0.16,,,,0.163,,0.105,,0.182,0.115,0.117,0.099,,,,0.43,0.088,,,0.127,0.117
162,14050320,,0.569,0.571,,,,0.248,,,,,0.109,0.241,,0.226,0.11,,0.153,,,,,,,,0.413,,0.432,0.203,,,0.097,,0.404,0.269,,,,0.102,0.126,0.164,,,,0.075,0.478,0.517,0.494,,,,0.241,,0.095,,,,,,0.205,0.175,,,,0.203,0.161,0.055,0.123,,,,0.103,0.168,0.157,,0.346,,,,,,0.097,,,,,0.144,0.074,0.405,0.558,0.037,0.101,0.46,0.274,0.47,0.071,0.175,0.127,,,0.197,,,0.092,0.032,0.017,,0.055,0.195,,,,,,,,0.256,,0.097,0.779,,,0.024,,0.094,,0.098,0.159,0.097,0.16,0.145,0.364,0.605,0.352,0.179,0.156,0.141,,0.615,,,,,,,,0.161,0.213,0.11,0.143,0.39,,,,,0.108,0.314,0.548,,,0.53,0.611,,0.15,0.152,0.195,0.64,0.638,0.16,0.14,0.626,0.185,,,0.232,,,,,0.161,,,,0.162,,0.105,,0.178,0.116,0.118,0.098,,,,0.43,0.089,,,0.127,0.117
162,14050380,,0.569,0.571,,,,0.249,,,,,0.106,0.236,,0.225,0.111,,0.153,,,,,,,,0.413,,0.433,0.203,,,0.098,,0.404,0.27,,,,0.102,0.126,0.163,,,,0.075,0.478,0.517,0.494,,,,0.241,,0.095,,,,,,0.21,0.175,,,,0.203,0.161,0.055,0.123,,,,0.103,0.168,0.157,,0.341,,,,,,0.097,,,,,0.142,0.073,0.424,0.538,0.037,0.101,0.449,0.276,0.463,0.071,0.176,0.125,,,0.197,,,0.093,0.029,0.016,,0.056,0.195,,,,,,,,0.282,,0.097,0.78,,,0.024,,0.093,,0.099,0.16,0.097,0.159,0.144,0.364,0.602,0.348,0.182,0.155,0.141,,0.616,,,,,,,,0.159,0.213,0.11,0.143,0.39,,,,,0.108,0.314,0.548,,,0.53,0.611,,0.15,0.151,0.195,0.64,0.638,0.16,0.14,0.629,0.184,,,0.227,,,,,0.161,,,,0.162,,0.105,,0.176,0.116,0.119,0.095,,,,0.431,0.089,,,0.127,0.117
162,14050440,,0.569,0.571,,,,0.249,,,,,0.11,0.239,,0.225,0.102,,0.153,,,,,,,,0.412,,0.427,0.203,,,0.098,,0.404,0.271,,,,0.102,0.126,0.164,,,,0.076,0.479,0.517,0.494,,,,0.241,,0.096,,,,,,0.212,0.175,,,,0.203,0.161,0.055,0.123,,,,0.103,0.168,0.157,,0.339,,,,,,0.097,,,,,0.142,0.073,0.408,0.541,0.037,0.101,0.44,0.273,0.465,0.071,0.176,0.127,,,0.197,,,0.093,0.035,0.016,,0.055,0.195,,,,,,,,0.274,,0.098,0.785,,,0.024,,0.094,,0.099,0.159,0.098,0.16,0.144,0.364,0.616,0.347,0.178,0.155,0.14,,0.616,,,,,,,,0.158,0.209,0.11,0.143,0.391,,,,,0.108,0.313,0.548,,,0.53,0.611,,0.15,0.151,0.196,0.64,0.638,0.16,0.14,0.633,0.187,,,0.221,,,,,0.16,,,,0.163,,0.106,,0.175,0.115,0.117,0.095,,,,0.431,0.087,,,0.127,0.117
162,14050500,,0.569,0.57,,,,0.249,,,,,0.105,0.224,,0.226,0.112,,0.153,,,,,,,,0.412,,0.42,0.204,,,0.098,,0.404,0.271,,,,0.102,0.126,0.164,,,,0.076,0.479,0.517,0.494,,,,0.241,,0.096,,,,,,0.207,0.175,,,,0.203,0.161,0.055,0.123,,,,0.104,0.168,0.157,,0.339,,,,,,0.098,,,,,0.142,0.072,0.393,0.553,0.037,0.101,0.46,0.273,0.464,0.071,0.174,0.125,,,0.197,,,0.091,0.031,0.017,,0.053,0.195,,,,,,,,0.278,,0.097,0.783,,,0.024,,0.095,,0.099,0.16,0.097,0.159,0.144,0.364,0.603,0.346,0.18,0.155,0.142,,0.616,,,,,,,,0.16,0.21,0.11,0.143,0.39,,,,,0.108,0.313,0.548,,,0.53,0.611,,0.145,0.15,0.195,0.64,0.638,0.16,0.14,0.627,0.187,,,0.225,,,,,0.161,,,,0.162,,0.106,,0.174,0.116,0.118,0.094,,,,0.431,0.088,,,0.127,0.117
162,14050560,,0.569,0.571,,,,0.249,,,,,0.107,0.231,,0.226,0.102,,0.153,,,,,,,,0.412,,0.432,0.204,,,0.097,,0.404,0.27,,,,0.102,0.126,0.164,,,,0.076,0.479,0.517,0.494,,,,0.241,,0.095,,,,,,0.224,0.175,,,,0.203,0.161,0.055,0.124,,,,0.104,0.168,0.157,,0.337,,,,,,0.098,,,,,0.143,0.072,0.385,0.548,0.037,0.101,0.447,0.27,0.462,0.071,0.174,0.126,,,0.197,,,0.091,0.035,0.016,,0.053,0.195,,,,,,,,0.265,,0.096,0.779,,,0.024,,0.093,,0.098,0.16,0.095,0.16,0.144,0.364,0.587,0.36,0.178,0.155,0.142,,0.616,,,,,,,,0.159,0.205,0.11,0.143,0.387,,,,,0.108,0.312,0.549,,,0.531,0.611,,0.145,0.151,0.195,0.64,0.638,0.16,0.14,0.627,0.187,,,0.228,,,,,0.16,,,,0.162,,0.106,,0.181,0.114,0.119,0.099,,,,0.432,0.088,,,0.127,0.117
162,14050620,,0.569,0.571,,,,0.249,,,,,0.104,0.224,,0.227,0.111,,0.153,,,,,,,,0.412,,0.436,0.203,,,0.097,,0.404,0.269,,,,0.102,0.126,0.165,,,,0.076,0.479,0.517,0.495,,,,0.241,,0.096,,,,,,0.219,0.175,,,,0.203,0.161,0.055,0.123,,,,0.103,0.168,0.157,,0.337,,,,,,0.097,,,,,0.141,0.072,0.421,0.54,0.037,0.101,0.451,0.267,0.457,0.071,0.174,0.126,,,0.197,,,0.092,0.026,0.016,,0.058,0.195,,,,,,,,0.267,,0.097,0.783,,,0.024,,0.093,,0.099,0.159,0.097,0.16,0.144,0.364,0.595,0.363,0.179,0.155,0.142,,0.616,,,,,,,,0.156,0.206,0.11,0.143,0.387,,,,,0.108,0.312,0.548,,,0.531,0.611,,0.145,0.151,0.196,0.64,0.638,0.16,0.14,0.626,0.186,,,0.226,,,,,0.16,,,,0.163,,0.106,,0.179,0.115,0.117,0.1,,,,0.43,0.089,,,0.127,0.117
162,14050680,,0.569,0.571,,,,0.249,,,,,0.104,0.213,,0.227,0.092,,0.153,,,,,,,,0.412,,0.434,0.204,,,0.097,,0.404,0.27,,,,0.101,0.125,0.164,,,,0.076,0.479,0.517,0.495,,,,0.241,,0.097,,,,,,0.211,0.175,,,,0.203,0.161,0.055,0.123,,,,0.103,0.168,0.157,,0.333,,,,,,0.097,,,,,0.141,0.072,0.416,0.544,0.037,0.101,0.443,0.267,0.462,0.071,0.174,0.125,,,0.197,,,0.092,0.029,0.028,,0.061,0.195,,,,,,,,0.253,,0.098,0.784,,,0.024,,0.094,,0.1,0.16,0.097,0.16,0.144,0.364,0.605,0.38,0.18,0.156,0.142,,0.616,,,,,,,,0.155,0.208,0.11,0.143,0.386,,,,,0.108,0.312,0.549,,,0.531,0.611,,0.145,0.151,0.195,0.64,0.638,0.16,0.14,0.621,0.186,,,0.228,,,,,0.16,,,,0.163,,0.105,,0.177,0.115,0.118,0.098,,,,0.43,0.088,,,0.127,0.117
162,14050740,,0.568,0.571,,,,0.249,,,,,0.108,0.208,,0.227,0.084,,0.153,,,,,,,,0.412,,0.443,0.204,,,0.097,,0.404,0.268,,,,0.101,0.125,0.164,,,,0.076,0.479,0.517,0.495,,,,0.241,,0.096,,,,,,0.209,0.175,,,,0.203,0.161,0.055,0.123,,,,0.103,0.168,0.157,,0.335,,,,,,0.098,,,,,0.144,0.072,0.4,0.539,0.037,0.101,0.46,0.264,0.461,0.071,0.174,0.125,,,0.197,,,0.091,0.034,0.016,,0.276,0.195,,,,,,,,0.247,,0.098,0.786,,,0.024,,0.095,,0.099,0.16,0.098,0.159,0.144,0.364,0.608,0.368,0.176,0.157,0.142,,0.616,,,,,,,,0.159,0.206,0.11,0.143,0.387,,,,,0.108,0.312,0.549,,,0.531,0.611,,0.145,0.151,0.195,0.641,0.638,0.16,0.14,0.618,0.188,,,0.232,,,,,0.16,,,,0.162,,0.105,,0.175,0.114,0.119,0.098,,,,0.431,0.087,,,0.127,0.117
162,14050800,,0.569,0.571,,,,0.25,,,,,0.108,0.214,,0.226,0.115,,0.153,,,,,,,,0.413,,0.445,0.204,,,0.097,,0.405,0.266,,,,0.102,0.125,0.164,,,,0.076,0.481,0.517,0.494,,,,0.241,,0.096,,,,,,0.212,0.175,,,,0.203,0.161,0.055,0.123,,,,0.104,0.169,0.16,,0.361,,,,,,0.098,,,,,0.15,0.072,0.299,0.552,0.037,0.101,0.221,0.276,0.478,0.071,0.174,0.126,,,0.197,,,0.092,0.031,0.017,,0.084,0.195,,,,,,,,0.266,,0.097,0.791,,,0.024,,0.094,,0.098,0.159,0.096,0.16,0.145,0.364,0.614,0.365,0.18,0.156,0.141,,0.616,,,,,,,,0.197,0.225,0.109,0.143,0.4,,,,,0.111,0.306,0.549,,,0.531,0.611,,0.144,0.151,0.195,0.641,0.638,0.16,0.14,0.618,0.187,,,0.227,,,,,0.16,,,,0.17,,0.103,,0.167,0.116,0.117,0.095,,,,0.432,0.087,,,0.127,0.117
162,14050860,,0.569,0.571,,,,0.249,,,,,0.115,0.21,,0.225,0.106,,0.153,,,,,,,,0.413,,0.437,0.204,,,0.097,,0.405,0.265,,,,0.102,0.125,0.165,,,,0.076,0.481,0.517,0.494,,,,0.241,,0.096,,,,,,0.212,0.175,,,,0.203,0.161,0.055,0.123,,,,0.102,0.169,0.158,,0.361,,,,,,0.094,,,,,0.144,0.072,0.332,0.539,0.037,0.101,0.316,0.277,0.478,0.071,0.175,0.125,,,0.197,,,0.092,0.041,0.047,,0.053,0.195,,,,,,,,0.247,,0.098,0.784,,,0.024,,0.094,,0.099,0.159,0.097,0.16,0.145,0.364,0.615,0.365,0.181,0.156,0.142,,0.616,,,,,,,,0.198,0.211,0.109,0.143,0.399,,,,,0.112,0.301,0.549,,,0.531,0.611,,0.144,0.151,0.195,0.641,0.638,0.16,0.14,0.622,0.187,,,0.231,,,,,0.16,,,,0.167,,0.105,,0.132,0.116,0.117,0.096,,,,0.433,0.081,,,0.127,0.117
162,14050920,,0.569,0.571,,,,0.249,,,,,0.118,0.226,,0.225,0.082,,0.153,,,,,,,,0.413,,0.435,0.204,,,0.097,,0.405,0.263,,,,0.102,0.125,0.165,,,,0.076,0.482,0.517,0.494,,,,0.241,,0.097,,,,,,0.21,0.175,,,,0.203,0.161,0.055,0.123,,,,0.104,0.169,0.157,,0.356,,,,,,0.096,,,,,0.142,0.072,0.302,0.547,0.037,0.101,0.359,0.266,0.457,0.071,0.174,0.123,,,0.197,,,0.092,0.028,0.016,,0.128,0.195,,,,,,,,0.267,,0.098,0.788,,,0.024,,0.095,,0.1,0.16,0.097,0.16,0.146,0.364,0.599,0.347,0.183,0.156,0.142,,0.616,,,,,,,,0.196,0.204,0.109,0.143,0.394,,,,,0.11,0.3,0.549,,,0.531,0.611,,0.145,0.151,0.196,0.641,0.638,0.16,0.14,0.627,0.187,,,0.232,,,,,0.16,,,,0.166,,0.104,,0.15,0.115,0.117,0.096,,,,0.431,0.085,,,0.127,0.117
162,14050980,,0.569,0.57,,,,0.249,,,,,0.114,0.22,,0.227,0.09,,0.153,,,,,,,,0.413,,0.445,0.204,,,0.097,,0.405,0.264,,,,0.102,0.125,0.165,,,,0.076,0.483,0.517,0.495,,,,0.241,,0.095,,,,,,0.208,0.175,,,,0.203,0.161,0.055,0.123,,,,0.104,0.168,0.157,,0.349,,,,,,0.097,,,,,0.142,0.072,0.292,0.537,0.037,0.101,0.356,0.266,0.466,0.071,0.173,0.127,,,0.197,,,0.092,0.035,0.032,,0.06,0.195,,,,,,,,0.273,,0.098,0.79,,,0.024,,0.096,,0.099,0.158,0.098,0.159,0.146,0.364,0.601,0.338,0.181,0.156,0.142,,0.616,,,,,,,,0.2,0.205,0.109,0.143,0.391,,,,,0.11,0.299,0.549,,,0.531,0.611,,0.145,0.152,0.195,0.641,0.638,0.16,0.14,0.621,0.186,,,0.233,,,,,0.162,,,,0.165,,0.103,,0.164,0.116,0.119,0.095,,,,0.429,0.087,,,0.127,0.117
162,14051040,,0.569,0.57,,,,0.25,,,,,0.117,0.204,,0.226,0.097,,0.153,,,,,,,,0.412,,0.438,0.204,,,0.097,,0.405,0.264,,,,0.102,0.125,0.164,,,,0.076,0.483,0.517,0.495,,,,0.241,,0.095,,,,,,0.205,0.175,,,,0.203,0.161,0.056,0.123,,,,0.104,0.168,0.157,,0.346,,,,,,0.097,,,,,0.141,0.072,0.309,0.552,0.037,0.101,0.349,0.268,0.465,0.071,0.175,0.126,,,0.197,,,0.093,0.101,0.218,,0.054,0.195,,,,,,,,0.271,,0.097,0.789,,,0.024,,0.094,,0.099,0.158,0.095,0.159,0.144,0.364,0.605,0.346,0.183,0.156,0.142,,0.616,,,,,,,,0.203,0.209,0.109,0.143,0.391,,,,,0.11,0.299,0.549,,,0.531,0.611,,0.145,0.152,0.195,0.64,0.638,0.16,0.14,0.616,0.184,,,0.237,,,,,0.16,,,,0.164,,0.105,,0.17,0.116,0.118,0.095,,,,0.431,0.084,,,0.127,0.117
162,14051100,,0.569,0.57,,,,0.25,,,,,0.131,0.204,,0.226,0.109,,0.153,,,,,,,,0.424,,0.442,0.204,,,0.097,,0.405,0.27,,,,0.102,0.125,0.165,,,,0.076,0.48,0.517,0.495,,,,0.241,,0.095,,,,,,0.215,0.175,,,,0.203,0.161,0.055,0.123,,,,0.103,0.169,0.157,,0.347,,,,,,0.096,,,,,0.146,0.073,0.31,0.53,0.037,0.101,0.437,0.276,0.461,0.071,0.176,0.126,,,0.197,,,0.093,0.044,0.065,,0.054,0.195,,,,,,,,0.26,,0.098,0.782,,,0.024,,0.094,,0.099,0.159,0.096,0.159,0.144,0.364,0.611,0.36,0.184,0.155,0.141,,0.616,,,,,,,,0.206,0.209,0.109,0.143,0.398,,,,,0.109,0.298,0.511,,,0.531,0.612,,0.145,0.151,0.195,0.64,0.638,0.16,0.14,0.624,0.189,,,0.237,,,,,0.161,,,,0.164,,0.105,,0.147,0.115,0.119,0.101,,,,0.43,0.088,,,0.127,0.116
162,14051160,,0.569,0.571,,,,0.25,,,,,0.119,0.203,,0.226,0.132,,0.153,,,,,,,,0.413,,0.438,0.204,,,0.097,,0.406,0.274,,,,0.102,0.127,0.164,,,,0.076,0.48,0.517,0.495,,,,0.241,,0.096,,,,,,0.237,0.175,,,,0.203,0.161,0.055,0.123,,,,0.105,0.169,0.157,,0.35,,,,,,0.096,,,,,0.147,0.073,0.311,0.555,0.037,0.101,0.459,0.276,0.474,0.071,0.175,0.126,,,0.197,,,0.092,0.035,0.015,,0.053,0.195,,,,,,,,0.263,,0.097,0.786,,,0.024,,0.096,,0.1,0.157,0.097,0.16,0.145,0.364,0.602,0.362,0.181,0.156,0.143,,0.616,,,,,,,,0.208,0.209,0.109,0.143,0.401,,,,,0.109,0.297,0.512,,,0.531,0.612,,0.145,0.151,0.196,0.64,0.638,0.16,0.14,0.629,0.189,,,0.232,,,,,0.16,,,,0.163,,0.104,,0.18,0.116,0.119,0.11,,,,0.433,0.084,,,0.127,0.116
162,14051220,,0.569,0.571,,,,0.25,,,,,0.117,0.203,,0.226,0.12,,0.153,,,,,,,,0.412,,0.426,0.204,,,0.097,,0.405,0.274,,,,0.102,0.126,0.164,,,,0.076,0.48,0.517,0.495,,,,0.241,,0.095,,,,,,0.225,0.175,,,,0.203,0.162,0.055,0.124,,,,0.105,0.168,0.157,,0.349,,,,,,0.097,,,,,0.145,0.073,0.306,0.547,0.037,0.101,0.457,0.271,0.484,0.071,0.176,0.127,,,0.197,,,0.092,0.051,0.042,,0.053,0.195,,,,,,,,0.263,,0.096,0.789,,,0.024,,0.096,,0.099,0.159,0.098,0.159,0.144,0.364,0.6,0.351,0.183,0.156,0.142,,0.616,,,,,,,,0.206,0.21,0.109,0.143,0.396,,,,,0.109,0.296,0.512,,,0.531,0.612,,0.145,0.152,0.195,0.64,0.638,0.16,0.14,0.625,0.188,,,0.232,,,,,0.161,,,,0.163,,0.103,,0.203,0.116,0.12,0.109,,,,0.433,0.088,,,0.127,0.116
162,14051280,,0.569,0.571,,,,0.25,,,,,0.113,0.215,,0.226,0.086,,0.153,,,,,,,,0.413,,0.424,0.204,,,0.098,,0.405,0.273,,,,0.102,0.126,0.164,,,,0.076,0.481,0.517,0.495,,,,0.241,,0.094,,,,,,0.217,0.175,,,,0.203,0.161,0.055,0.123,,,,0.104,0.168,0.157,,0.345,,,,,,0.097,,,,,0.14,0.072,0.308,0.546,0.037,0.101,0.439,0.269,0.471,0.071,0.175,0.125,,,0.197,,,0.093,0.033,0.024,,0.071,0.195,,,,,,,,0.185,,0.097,0.79,,,0.024,,0.095,,0.098,0.16,0.097,0.16,0.144,0.364,0.607,0.333,0.18,0.17,0.142,,0.616,,,,,,,,0.204,0.21,0.109,0.143,0.39,,,,,0.109,0.296,0.516,,,0.531,0.612,,0.144,0.151,0.195,0.641,0.638,0.16,0.14,0.624,0.187,,,0.232,,,,,0.16,,,,0.164,,0.104,,0.21,0.118,0.119,0.104,,,,0.433,0.089,,,0.127,0.116
162,14051340,,0.569,0.571,,,,0.25,,,,,0.115,0.215,,0.227,0.08,,0.153,,,,,,,,0.412,,0.411,0.204,,,0.097,,0.405,0.271,,,,0.102,0.125,0.165,,,,0.077,0.482,0.517,0.495,,,,0.241,,0.095,,,,,,0.209,0.175,,,,0.203,0.161,0.055,0.123,,,,0.103,0.168,0.157,,0.342,,,,,,0.097,,,,,0.14,0.073,0.31,0.544,0.037,0.101,0.46,0.264,0.46,0.071,0.173,0.125,,,0.197,,,0.094,0.045,0.057,,0.082,0.195,,,,,,,,0.225,,0.098,0.788,,,0.024,,0.095,,0.099,0.159,0.097,0.16,0.143,0.364,0.609,0.338,0.19,0.171,0.142,,0.616,,,,,,,,0.202,0.208,0.109,0.143,0.387,,,,,0.109,0.295,0.516,,,0.531,0.612,,0.144,0.152,0.195,0.641,0.638,0.16,0.14,0.62,0.187,,,0.233,,,,,0.161,,,,0.163,,0.104,,0.243,0.115,0.12,0.097,,,,0.433,0.088,,,0.127,0.116
162,14051400,,0.568,0.571,,,,0.25,,,,,0.115,0.206,,0.226,0.103,,0.153,,,,,,,,0.412,,0.405,0.204,,,0.096,,0.405,0.27,,,,0.103,0.125,0.165,,,,0.077,0.482,0.517,0.495,,,,0.241,,0.096,,,,,,0.217,0.175,,,,0.203,0.161,0.055,0.123,,,,0.104,0.168,0.157,,0.341,,,,,,0.097,,,,,0.142,0.073,0.313,0.556,0.037,0.101,0.44,0.269,0.461,0.071,0.173,0.122,,,0.197,,,0.093,0.026,0.017,,0.057,0.196,,,,,,,,0.213,,0.098,0.791,,,0.024,,0.096,,0.099,0.159,0.097,0.159,0.143,0.364,0.608,0.341,0.176,0.172,0.142,,0.616,,,,,,,,0.201,0.209,0.109,0.143,0.391,,,,,0.11,0.295,0.549,,,0.531,0.612,,0.145,0.152,0.195,0.641,0.638,0.16,0.14,0.624,0.187,,,0.231,,,,,0.161,,,,0.163,,0.105,,0.25,0.116,0.12,0.096,,,,0.432,0.09,,,0.127,0.116
162,14051460,,0.568,0.57,,,,0.25,,,,,0.124,0.203,,0.227,0.096,,0.153,,,,,,,,0.413,,0.435,0.204,,,0.097,,0.405,0.269,,,,0.102,0.125,0.164,,,,0.077,0.482,0.517,0.495,,,,0.241,,0.095,,,,,,0.216,0.175,,,,0.203,0.162,0.055,0.123,,,,0.105,0.168,0.156,,0.342,,,,,,0.097,,,,,0.138,0.073,0.308,0.548,0.037,0.101,0.442,0.265,0.463,0.071,0.173,0.124,,,0.197,,,0.093,0.031,0.016,,0.053,0.195,,,,,,,,0.22,,0.097,0.796,,,0.024,,0.095,,0.098,0.16,0.098,0.16,0.144,0.364,0.609,0.334,0.178,0.175,0.142,,0.616,,,,,,,,0.197,0.202,0.109,0.143,0.389,,,,,0.11,0.294,0.549,,,0.531,0.612,,0.145,0.152,0.195,0.641,0.638,0.16,0.14,0.629,0.186,,,0.23,,,,,0.161,,,,0.163,,0.105,,0.25,0.117,0.12,0.097,,,,0.433,0.089,,,0.127,0.116
162,14051520,,0.568,0.57,,,,0.25,,,,,0.118,0.209,,0.228,0.11,,0.153,,,,,,,,0.413,,0.433,0.204,,,0.097,,0.405,0.269,,,,0.102,0.125,0.164,,,,0.077,0.482,0.517,0.495,,,,0.241,,0.095,,,,,,0.212,0.175,,,,0.203,0.162,0.055,0.123,,,,0.105,0.168,0.157,,0.338,,,,,,0.097,,,,,0.142,0.073,0.31,0.565,0.037,0.101,0.444,0.264,0.464,0.071,0.174,0.123,,,0.197,,,0.093,0.026,0.016,,0.053,0.195,,,,,,,,0.234,,0.097,0.794,,,0.024,,0.095,,0.099,0.158,0.097,0.16,0.144,0.364,0.606,0.341,0.176,0.175,0.142,,0.616,,,,,,,,0.194,0.204,0.109,0.143,0.388,,,,,0.11,0.294,0.549,,,0.531,0.612,,0.145,0.152,0.195,0.641,0.638,0.16,0.14,0.636,0.185,,,0.23,,,,,0.161,,,,0.163,,0.105,,0.242,0.116,0.12,0.096,,,,0.431,0.089,,,0.127,0.116
162,14051580,,0.568,0.57,,,,0.25,,,,,0.123,0.203,,0.226,0.096,,0.153,,,,,,,,0.412,,0.433,0.204,,,0.098,,0.406,0.269,,,,0.102,0.125,0.165,,,,0.077,0.481,0.517,0.495,,,,0.241,,0.096,,,,,,0.206,0.175,,,,0.203,0.162,0.055,0.123,,,,0.104,0.168,0.157,,0.337,,,,,,0.097,,,,,0.141,0.072,0.302,0.541,0.037,0.101,0.445,0.259,0.464,0.071,0.175,0.126,,,0.197,,,0.093,0.03,0.016,,0.072,0.195,,,,,,,,0.312,,0.098,0.787,,,0.024,,0.096,,0.099,0.159,0.098,0.16,0.142,0.364,0.598,0.333,0.181,0.175,0.143,,0.617,,,,,,,,0.193,0.206,0.109,0.143,0.388,,,,,0.11,0.294,0.549,,,0.531,0.612,,0.145,0.152,0.195,0.641,0.638,0.16,0.14,0.63,0.184,,,0.228,,,,,0.162,,,,0.163,,0.105,,0.233,0.115,0.121,0.094,,,,0.43,0.089,,,0.127,0.116
162,14051640,,0.568,0.571,,,,0.25,,,,,0.123,0.205,,0.225,0.095,,0.153,,,,,,,,0.411,,0.424,0.204,,,0.096,,0.406,0.268,,,,0.102,0.126,0.164,,,,0.076,0.482,0.517,0.495,,,,0.241,,0.096,,,,,,0.209,0.175,,,,0.203,0.161,0.055,0.124,,,,0.103,0.168,0.157,,0.338,,,,,,0.098,,,,,0.14,0.072,0.304,0.537,0.037,0.101,0.462,0.26,0.47,0.071,0.173,0.123,,,0.197,,,0.093,0.034,0.016,,0.151,0.195,,,,,,,,0.332,,0.098,0.792,,,0.024,,0.096,,0.098,0.16,0.098,0.159,0.141,0.364,0.599,0.331,0.181,0.175,0.142,,0.617,,,,,,,,0.189,0.202,0.109,0.143,0.385,,,,,0.11,0.293,0.549,,,0.531,0.612,,0.145,0.152,0.195,0.64,0.638,0.16,0.14,0.631,0.184,,,0.226,,,,,0.162,,,,0.163,,0.105,,0.23,0.116,0.12,0.094,,,,0.43,0.088,,,0.127,0.116
162,14051700,,0.569,0.57,,,,0.25,,,,,0.125,0.21,,0.225,0.107,,0.153,,,,,,,,0.411,,0.429,0.204,,,0.098,,0.406,0.267,,,,0.102,0.125,0.164,,,,0.076,0.485,0.517,0.495,,,,0.241,,0.095,,,,,,0.215,0.175,,,,0.203,0.162,0.055,0.124,,,,0.103,0.168,0.157,,0.338,,,,,,0.098,,,,,0.139,0.072,0.298,0.556,0.037,0.101,0.477,0.265,0.473,0.071,0.175,0.125,,,0.197,,,0.093,0.042,0.047,,0.178,0.195,,,,,,,,0.328,,0.098,0.793,,,0.024,,0.096,,0.099,0.159,0.098,0.16,0.141,0.364,0.601,0.326,0.182,0.155,0.143,,0.616,,,,,,,,0.19,0.205,0.109,0.143,0.386,,,,,0.108,0.292,0.549,,,0.531,0.612,,0.146,0.152,0.195,0.64,0.638,0.16,0.14,0.63,0.185,,,0.22,,,,,0.161,,,,0.163,,0.105,,0.237,0.117,0.119,0.095,,,,0.43,0.089,,,0.127,0.116
162,14051760,,0.569,0.57,,,,0.25,,,,,0.124,0.216,,0.226,0.12,,0.153,,,,,,,,0.411,,0.437,0.205,,,0.098,,0.406,0.267,,,,0.102,0.126,0.164,,,,0.076,0.486,0.517,0.495,,,,0.241,,0.096,,,,,,0.214,0.175,,,,0.203,0.162,0.055,0.123,,,,0.102,0.168,0.157,,0.339,,,,,,0.097,,,,,0.14,0.072,0.298,0.565,0.037,0.101,0.492,0.266,0.47,0.071,0.173,0.123,,,0.197,,,0.094,0.031,0.017,,0.074,0.195,,,,,,,,0.366,,0.098,0.792,,,0.024,,0.096,,0.1,0.159,0.097,0.16,0.142,0.364,0.603,0.334,0.177,0.157,0.142,,0.616,,,,,,,,0.186,0.207,0.109,0.143,0.389,,,,,0.108,0.292,0.549,,,0.531,0.612,,0.146,0.152,0.195,0.64,0.638,0.16,0.14,0.626,0.187,,,0.223,,,,,0.161,,,,0.163,,0.105,,0.232,0.118,0.118,0.095,,,,0.43,0.085,,,0.127,0.116
162,14051820,,0.569,0.57,,,,0.25,,,,,0.175,0.226,,0.226,0.099,,0.153,,,,,,,,0.41,,0.43,0.205,,,0.098,,0.406,0.269,,,,0.101,0.126,0.165,,,,0.076,0.486,0.517,0.495,,,,0.241,,0.096,,,,,,0.207,0.175,,,,0.203,0.162,0.055,0.123,,,,0.103,0.168,0.157,,0.34,,,,,,0.097,,,,,0.138,0.072,0.293,0.546,0.037,0.101,0.488,0.258,0.472,0.071,0.173,0.125,,,0.197,,,0.094,0.032,0.046,,0.108,0.195,,,,,,,,0.362,,0.098,0.788,,,0.024,,0.096,,0.099,0.16,0.097,0.16,0.142,0.364,0.608,0.343,0.179,0.157,0.143,,0.617,,,,,,,,0.182,0.203,0.109,0.143,0.389,,,,,0.108,0.291,0.549,,,0.531,0.612,,0.145,0.152,0.196,0.64,0.638,0.16,0.14,0.613,0.19,,,0.221,,,,,0.161,,,,0.163,,0.106,,0.22,0.116,0.12,0.095,,,,0.429,0.087,,,0.127,0.116
162,14051880,,0.569,0.57,,,,0.25,,,,,0.124,0.225,,0.226,0.091,,0.153,,,,,,,,0.41,,0.421,0.205,,,0.098,,0.406,0.27,,,,0.101,0.126,0.164,,,,0.076,0.486,0.517,0.495,,,,0.241,,0.097,,,,,,0.226,0.175,,,,0.203,0.162,0.055,0.123,,,,0.104,0.168,0.156,,0.341,,,,,,0.098,,,,,0.142,0.072,0.306,0.547,0.037,0.101,0.489,0.259,0.46,0.071,0.175,0.125,,,0.197,,,0.093,0.106,0.016,,0.051,0.195,,,,,,,,0.353,,0.098,0.782,,,0.024,,0.095,,0.098,0.159,0.098,0.16,0.141,0.364,0.598,0.338,0.178,0.156,0.143,,0.619,,,,,,,,0.18,0.199,0.109,0.143,0.386,,,,,0.108,0.291,0.549,,,0.531,0.612,,0.146,0.152,0.195,0.64,0.638,0.16,0.139,0.613,0.189,,,0.224,,,,,0.161,,,,0.163,,0.105,,0.225,0.116,0.119,0.098,,,,0.428,0.087,,,0.127,0.116
162,14051940,,0.569,0.57,,,,0.25,,,,,0.125,0.208,,0.226,0.097,,0.153,,,,,,,,0.41,,0.43,0.205,,,0.097,,0.406,0.269,,,,0.101,0.125,0.164,,,,0.076,0.486,0.517,0.495,,,,0.241,,0.096,,,,,,0.227,0.175,,,,0.203,0.162,0.055,0.123,,,,0.104,0.168,0.156,,0.337,,,,,,0.098,,,,,0.14,0.072,0.305,0.553,0.038,0.101,0.257,0.265,0.466,0.071,0.174,0.125,,,0.197,,,0.093,0.062,0.335,,0.101,0.195,,,,,,,,0.369,,0.096,0.786,,,0.024,,0.096,,0.098,0.16,0.098,0.16,0.141,0.364,0.607,0.333,0.182,0.156,0.143,,0.619,,,,,,,,0.178,0.202,0.109,0.143,0.387,,,,,0.108,0.29,0.549,,,0.531,0.612,,0.148,0.152,0.195,0.64,0.638,0.16,0.139,0.606,0.191,,,0.223,,,,,0.162,,,,0.163,,0.105,,0.223,0.116,0.119,0.098,,,,0.43,0.087,,,0.127,0.116
162,14052000,,0.569,0.571,,,,0.25,,,,,0.125,0.202,,0.226,0.105,,0.153,,,,,,,,0.41,,0.428,0.205,,,0.098,,0.406,0.268,,,,0.101,0.125,0.164,,,,0.076,0.484,0.517,0.495,,,,0.241,,0.096,,,,,,0.224,0.175,,,,0.203,0.162,0.055,0.123,,,,0.104,0.168,0.157,,0.341,,,,,,0.098,,,,,0.141,0.072,0.306,0.547,0.038,0.101,0.34,0.262,0.471,0.071,0.173,0.124,,,0.197,,,0.094,0.036,0.016,,0.04,0.195,,,,,,,,0.364,,0.098,0.791,,,0.024,,0.097,,0.099,0.16,0.097,0.161,0.141,0.364,0.602,0.326,0.177,0.156,0.143,,0.618,,,,,,,,0.176,0.203,0.109,0.143,0.388,,,,,0.108,0.29,0.549,,,0.531,0.612,,0.148,0.153,0.195,0.64,0.638,0.16,0.139,0.6,0.192,,,0.223,,,,,0.161,,,,0.163,,0.106,,0.223,0.118,0.119,0.098,,,,0.429,0.087,,,0.127,0.116
162,14052060,,0.569,0.571,,,,0.25,,,,,0.129,0.21,,0.226,0.095,,0.153,,,,,,,,0.41,,0.437,0.205,,,0.098,,0.406,0.267,,,,0.102,0.125,0.165,,,,0.076,0.484,0.517,0.495,,,,0.241,,0.097,,,,,,0.219,0.175,,,,0.203,0.162,0.055,0.124,,,,0.105,0.168,0.156,,0.344,,,,,,0.097,,,,,0.137,0.072,0.296,0.554,0.038,0.101,0.37,0.259,0.471,0.071,0.173,0.126,,,0.197,,,0.094,0.039,0.053,,0.157,0.195,,,,,,,,0.366,,0.097,0.79,,,0.024,,0.097,,0.099,0.159,0.097,0.16,0.141,0.364,0.604,0.322,0.185,0.157,0.143,,0.618,,,,,,,,0.173,0.2,0.109,0.143,0.387,,,,,0.109,0.289,0.549,,,0.532,0.612,,0.145,0.154,0.195,0.64,0.638,0.16,0.139,0.599,0.191,,,0.216,,,,,0.162,,,,0.163,,0.106,,0.213,0.117,0.12,0.095,,,,0.429,0.084,,,0.127,0.117
162,14052120,,0.569,0.571,,,,0.25,,,,,0.124,0.209,,0.225,0.093,,0.153,,,,,,,,0.41,,0.437,0.205,,,0.099,,0.406,0.267,,,,0.102,0.125,0.165,,,,0.077,0.484,0.517,0.495,,,,0.241,,0.096,,,,,,0.214,0.175,,,,0.203,0.162,0.055,0.124,,,,0.105,0.168,0.156,,0.34,,,,,,0.097,,,,,0.144,0.072,0.291,0.557,0.038,0.101,0.374,0.255,0.463,0.071,0.173,0.127,,,0.197,,,0.094,0.027,0.016,,0.046,0.195,,,,,,,,0.373,,0.098,0.791,,,0.025,,0.095,,0.098,0.159,0.098,0.161,0.141,0.364,0.599,0.329,0.177,0.153,0.142,,0.618,,,,,,,,0.17,0.202,0.109,0.143,0.385,,,,,0.109,0.289,0.549,,,0.532,0.612,,0.146,0.154,0.195,0.64,0.638,0.16,0.139,0.609,0.191,,,0.214,,,,,0.162,,,,0.162,,0.104,,0.202,0.117,0.119,0.095,,,,0.43,0.078,,,0.127,0.117
162,14052180,,0.568,0.57,,,,0.25,,,,,0.123,0.199,,0.225,0.105,,0.153,,,,,,,,0.41,,0.434,0.205,,,0.098,,0.406,0.272,,,,0.102,0.126,0.165,,,,0.077,0.484,0.517,0.495,,,,0.241,,0.096,,,,,,0.215,0.175,,,,0.203,0.162,0.055,0.123,,,,0.105,0.168,0.157,,0.339,,,,,,0.098,,,,,0.141,0.072,0.29,0.559,0.038,0.101,0.383,0.258,0.462,0.071,0.173,0.125,,,0.197,,,0.094,0.047,0.077,,0.05,0.195,,,,,,,,0.369,,0.096,0.787,,,0.025,,0.096,,0.099,0.16,0.099,0.161,0.141,0.364,0.607,0.327,0.177,0.155,0.142,,0.618,,,,,,,,0.169,0.204,0.109,0.143,0.384,,,,,0.109,0.289,0.549,,,0.532,0.612,,0.146,0.154,0.195,0.64,0.638,0.16,0.139,0.606,0.19,,,0.22,,,,,0.161,,,,0.163,,0.104,,0.195,0.117,0.118,0.096,,,,0.431,0.08,,,0.127,0.117
162,14052240,,0.568,0.571,,,,0.25,,,,,0.123,0.214,,0.225,0.091,,0.153,,,,,,,,0.409,,0.421,0.205,,,0.098,,0.406,0.273,,,,0.102,0.125,0.165,,,,0.076,0.485,0.517,0.495,,,,0.241,,0.097,,,,,,0.212,0.175,,,,0.203,0.162,0.055,0.122,,,,0.104,0.168,0.156,,0.34,,,,,,0.097,,,,,0.142,0.072,0.288,0.534,0.037,0.101,0.453,0.258,0.461,0.071,0.175,0.127,,,0.197,,,0.094,0.029,0.016,,0.057,0.195,,,,,,,,0.381,,0.097,0.783,,,0.025,,0.097,,0.099,0.159,0.097,0.161,0.141,0.364,0.595,0.33,0.179,0.157,0.143,,0.618,,,,,,,,0.168,0.201,0.109,0.143,0.387,,,,,0.109,0.289,0.549,,,0.532,0.612,,0.149,0.154,0.195,0.641,0.638,0.16,0.139,0.606,0.191,,,0.223,,,,,0.161,,,,0.163,,0.104,,0.193,0.117,0.119,0.096,,,,0.431,0.085,,,0.127,0.117
162,14052300,,0.568,0.571,,,,0.25,,,,,0.123,0.21,,0.225,0.107,,0.153,,,,,,,,0.409,,0.406,0.205,,,0.099,,0.407,0.272,,,,0.102,0.126,0.165,,,,0.077,0.485,0.517,0.495,,,,0.241,,0.097,,,,,,0.219,0.175,,,,0.203,0.16,0.055,0.122,,,,0.104,0.168,0.157,,0.339,,,,,,0.097,,,,,0.139,0.072,0.284,0.511,0.038,0.101,0.46,0.263,0.458,0.071,0.173,0.124,,,0.197,,,0.093,0.028,0.016,,0.09,0.195,,,,,,,,0.38,,0.098,0.788,,,0.025,,0.097,,0.099,0.159,0.098,0.16,0.141,0.364,0.609,0.332,0.176,0.157,0.143,,0.618,,,,,,,,0.168,0.203,0.109,0.143,0.389,,,,,0.109,0.288,0.55,,,0.532,0.612,,0.15,0.154,0.196,0.64,0.638,0.16,0.14,0.609,0.19,,,0.223,,,,,0.161,,,,0.162,,0.104,,0.185,0.117,0.12,0.101,,,,0.428,0.085,,,0.127,0.117
162,14052360,,0.568,0.571,,,,0.25,,,,,0.122,0.211,,0.225,0.124,,0.153,,,,,,,,0.41,,0.418,0.205,,,0.099,,0.407,0.271,,,,0.102,0.127,0.166,,,,0.077,0.485,0.517,0.495,,,,0.241,,0.097,,,,,,0.239,0.175,,,,0.203,0.16,0.055,0.123,,,,0.105,0.168,0.157,,0.34,,,,,,0.097,,,,,0.144,0.072,0.294,0.546,0.038,0.101,0.464,0.266,0.469,0.071,0.173,0.124,,,0.197,,,0.094,0.03,0.016,,0.051,0.195,,,,,,,,0.359,,0.098,0.788,,,0.025,,0.096,,0.098,0.16,0.099,0.161,0.142,0.364,0.599,0.336,0.178,0.157,0.143,,0.618,,,,,,,,0.167,0.206,0.109,0.143,0.393,,,,,0.109,0.288,0.55,,,0.532,0.612,,0.146,0.154,0.195,0.64,0.638,0.16,0.14,0.602,0.189,,,0.221,,,,,0.162,,,,0.163,,0.103,,0.175,0.117,0.12,0.109,,,,0.43,0.087,,,0.127,0.117
162,14052420,,0.568,0.57,,,,0.251,,,,,0.124,0.202,,0.227,0.113,,0.153,,,,,,,,0.41,,0.424,0.205,,,0.097,,0.407,0.272,,,,0.102,0.125,0.165,,,,0.077,0.485,0.517,0.495,,,,0.241,,0.096,,,,,,0.225,0.175,,,,0.203,0.16,0.055,0.123,,,,0.105,0.168,0.157,,0.34,,,,,,0.098,,,,,0.143,0.073,0.291,0.535,0.037,0.101,0.469,0.266,0.473,0.071,0.175,0.125,,,0.197,,,0.094,0.029,0.016,,0.067,0.195,,,,,,,,0.381,,0.098,0.794,,,0.025,,0.097,,0.098,0.159,0.099,0.161,0.142,0.364,0.602,0.335,0.183,0.157,0.144,,0.618,,,,,,,,0.164,0.204,0.109,0.143,0.391,,,,,0.109,0.287,0.55,,,0.532,0.612,,0.146,0.154,0.195,0.641,0.638,0.16,0.14,0.605,0.186,,,0.222,,,,,0.164,,,,0.163,,0.103,,0.173,0.118,0.119,0.107,,,,0.43,0.087,,,0.127,0.116
162,14052480,,0.568,0.57,,,,0.251,,,,,0.154,0.203,,0.227,0.105,,0.153,,,,,,,,0.409,,0.421,0.205,,,0.098,,0.407,0.273,,,,0.102,0.125,0.165,,,,0.077,0.485,0.517,0.495,,,,0.241,,0.096,,,,,,0.215,0.175,,,,0.203,0.16,0.055,0.122,,,,0.104,0.168,0.157,,0.342,,,,,,0.096,,,,,0.143,0.072,0.292,0.533,0.037,0.101,0.478,0.268,0.462,0.071,0.175,0.125,,,0.197,,,0.094,0.032,0.017,,0.051,0.195,,,,,,,,0.376,,0.098,0.793,,,0.025,,0.097,,0.099,0.16,0.097,0.16,0.141,0.364,0.617,0.331,0.179,0.157,0.142,,0.618,,,,,,,,0.162,0.201,0.109,0.143,0.39,,,,,0.109,0.286,0.55,,,0.532,0.612,,0.146,0.154,0.195,0.641,0.638,0.16,0.14,0.596,0.185,,,0.227,,,,,0.162,,,,0.163,,0.104,,0.169,0.117,0.119,0.104,,,,0.43,0.089,,,0.127,0.116
162,14052540,,0.568,0.57,,,,0.251,,,,,0.124,0.21,,0.226,0.082,,0.153,,,,,,,,0.41,,0.428,0.205,,,0.098,,0.407,0.275,,,,0.102,0.125,0.164,,,,0.077,0.485,0.518,0.495,,,,0.241,,0.097,,,,,,0.209,0.175,,,,0.203,0.16,0.055,0.123,,,,0.105,0.168,0.157,,0.338,,,,,,0.097,,,,,0.144,0.072,0.29,0.536,0.037,0.101,0.474,0.266,0.457,0.071,0.173,0.125,,,0.197,,,0.093,0.055,0.098,,0.091,0.195,,,,,,,,0.376,,0.099,0.799,,,0.025,,0.097,,0.099,0.16,0.098,0.161,0.141,0.364,0.615,0.338,0.187,0.158,0.142,,0.619,,,,,,,,0.161,0.201,0.109,0.143,0.387,,,,,0.109,0.286,0.55,,,0.532,0.612,,0.145,0.154,0.195,0.641,0.638,0.16,0.14,0.599,0.184,,,0.225,,,,,0.162,,,,0.163,,0.103,,0.161,0.116,0.12,0.098,,,,0.429,0.083,,,0.127,0.117
162,14052600,,0.569,0.571,,,,0.251,,,,,0.127,0.212,,0.227,0.1,,0.153,,,,,,,,0.409,,0.436,0.205,,,0.098,,0.407,0.274,,,,0.102,0.125,0.163,,,,0.077,0.487,0.517,0.495,,,,0.241,,0.097,,,,,,0.215,0.175,,,,0.203,0.16,0.055,0.123,,,,0.104,0.168,0.158,,0.344,,,,,,0.098,,,,,0.143,0.072,0.293,0.538,0.037,0.101,0.297,0.262,0.464,0.071,0.173,0.125,,,0.197,,,0.093,0.063,0.069,,0.112,0.195,,,,,,,,0.381,,0.1,0.797,,,0.025,,0.096,,0.098,0.159,0.098,0.162,0.141,0.364,0.6,0.334,0.18,0.157,0.143,,0.619,,,,,,,,0.183,0.208,0.109,0.143,0.388,,,,,0.11,0.285,0.55,,,0.532,0.612,,0.146,0.154,0.195,0.64,0.638,0.16,0.14,0.598,0.185,,,0.219,,,,,0.162,,,,0.165,,0.104,,0.129,0.117,0.121,0.097,,,,0.427,0.086,,,0.127,0.117
162,14052660,,0.569,0.571,,,,0.251,,,,,0.122,0.216,,0.227,0.1,,0.153,,,,,,,,0.409,,0.427,0.205,,,0.098,,0.407,0.271,,,,0.101,0.126,0.163,,,,0.078,0.487,0.518,0.495,,,,0.241,,0.096,,,,,,0.21,0.175,,,,0.203,0.161,0.055,0.123,,,,0.106,0.168,0.157,,0.347,,,,,,0.098,,,,,0.141,0.072,0.286,0.527,0.038,0.101,0.372,0.26,0.463,0.071,0.173,0.125,,,0.197,,,0.094,0.031,0.016,,0.09,0.195,,,,,,,,0.39,,0.099,0.796,,,0.025,,0.097,,0.098,0.159,0.097,0.161,0.142,0.364,0.609,0.325,0.179,0.158,0.143,,0.619,,,,,,,,0.182,0.204,0.109,0.143,0.387,,,,,0.11,0.285,0.55,,,0.532,0.612,,0.147,0.154,0.195,0.641,0.638,0.16,0.14,0.613,0.185,,,0.219,,,,,0.162,,,,0.164,,0.105,,0.18,0.118,0.119,0.097,,,,0.426,0.085,,,0.127,0.117
162,14052720,,0.569,0.571,,,,0.251,,,,,0.128,0.216,,0.227,0.093,,0.153,,,,,,,,0.409,,0.427,0.204,,,0.099,,0.407,0.27,,,,0.103,0.126,0.163,,,,0.078,0.487,0.518,0.495,,,,0.241,,0.096,,,,,,0.215,0.175,,,,0.203,0.161,0.055,0.123,,,,0.105,0.168,0.156,,0.345,,,,,,0.097,,,,,0.144,0.072,0.285,0.533,0.038,0.101,0.403,0.262,0.467,0.071,0.172,0.126,,,0.197,,,0.095,0.03,0.016,,0.044,0.195,,,,,,,,0.379,,0.099,0.8,,,0.025,,0.097,,0.099,0.16,0.098,0.161,0.142,0.364,0.606,0.357,0.179,0.158,0.143,,0.618,,,,,,,,0.179,0.201,0.109,0.143,0.388,,,,,0.109,0.284,0.55,,,0.532,0.613,,0.144,0.154,0.195,0.641,0.638,0.16,0.14,0.615,0.184,,,0.215,,,,,0.163,,,,0.163,,0.105,,0.191,0.118,0.12,0.096,,,,0.427,0.088,,,0.127,0.117
162,14052780,,0.568,0.57,,,,0.251,,,,,0.129,0.215,,0.226,0.087,,0.153,,,,,,,,0.409,,0.431,0.204,,,0.1,,0.407,0.269,,,,0.103,0.125,0.164,,,,0.078,0.487,0.517,0.496,,,,0.241,,0.096,,,,,,0.208,0.175,,,,0.203,0.161,0.055,0.123,,,,0.103,0.168,0.157,,0.34,,,,,,0.098,,,,,0.142,0.072,0.28,0.54,0.038,0.101,0.397,0.261,0.466,0.071,0.175,0.127,,,0.197,,,0.093,0.03,0.016,,0.045,0.195,,,,,,,,0.375,,0.099,0.799,,,0.025,,0.097,,0.098,0.159,0.098,0.161,0.141,0.364,0.608,0.336,0.179,0.158,0.144,,0.619,,,,,,,,0.179,0.202,0.109,0.143,0.387,,,,,0.108,0.284,0.549,,,0.532,0.613,,0.143,0.154,0.195,0.641,0.638,0.16,0.14,0.613,0.182,,,0.215,,,,,0.164,,,,0.163,,0.104,,0.197,0.117,0.12,0.096,,,,0.428,0.084,,,0.127,0.117
162,14052840,,0.568,0.571,,,,0.251,,,,,0.121,0.219,,0.225,0.097,,0.153,,,,,,,,0.409,,0.426,0.204,,,0.098,,0.407,0.265,,,,0.103,0.126,0.165,,,,0.078,0.488,0.517,0.496,,,,0.241,,0.096,,,,,,0.216,0.175,,,,0.203,0.161,0.055,0.123,,,,0.105,0.168,0.157,,0.341,,,,,,0.098,,,,,0.144,0.071,0.281,0.544,0.038,0.101,0.398,0.262,0.465,0.071,0.174,0.126,,,0.197,,,0.094,0.029,0.016,,0.053,0.195,,,,,,,,0.376,,0.098,0.792,,,0.025,,0.096,,0.098,0.16,0.098,0.162,0.141,0.364,0.608,0.329,0.179,0.158,0.143,,0.619,,,,,,,,0.179,0.2,0.109,0.143,0.387,,,,,0.108,0.284,0.549,,,0.532,0.613,,0.143,0.154,0.195,0.64,0.638,0.16,0.14,0.606,0.183,,,0.217,,,,,0.163,,,,0.163,,0.104,,0.203,0.118,0.121,0.097,,,,0.427,0.083,,,0.127,0.117
162,14052900,,0.568,0.571,,,,0.251,,,,,0.124,0.218,,0.226,0.121,,0.153,,,,,,,,0.409,,0.418,0.204,,,0.099,,0.407,0.27,,,,0.103,0.126,0.164,,,,0.078,0.485,0.517,0.496,,,,0.241,,0.095,,,,,,0.207,0.175,,,,0.203,0.161,0.055,0.123,,,,0.104,0.168,0.157,,0.338,,,,,,0.098,,,,,0.142,0.072,0.281,0.542,0.038,0.101,0.44,0.262,0.468,0.071,0.173,0.126,,,0.197,,,0.094,0.028,0.017,,0.047,0.195,,,,,,,,0.369,,0.098,0.787,,,0.025,,0.096,,0.098,0.161,0.098,0.161,0.142,0.364,0.587,0.35,0.175,0.158,0.139,,0.619,,,,,,,,0.178,0.2,0.109,0.143,0.389,,,,,0.108,0.283,0.55,,,0.532,0.613,,0.143,0.154,0.195,0.64,0.638,0.16,0.14,0.598,0.183,,,0.217,,,,,0.163,,,,0.163,,0.104,,0.217,0.119,0.119,0.098,,,,0.429,0.084,,,0.127,0.117
162,14052960,,0.568,0.571,,,,0.251,,,,,0.14,0.21,,0.225,0.102,,0.153,,,,,,,,0.41,,0.429,0.204,,,0.099,,0.407,0.271,,,,0.103,0.125,0.165,,,,0.078,0.485,0.517,0.496,,,,0.241,,0.096,,,,,,0.209,0.175,,,,0.203,0.161,0.055,0.123,,,,0.105,0.168,0.157,,0.338,,,,,,0.097,,,,,0.143,0.072,0.279,0.544,0.038,0.101,0.447,0.259,0.464,0.071,0.173,0.125,,,0.197,,,0.095,0.031,0.017,,0.047,0.195,,,,,,,,0.378,,0.099,0.788,,,0.025,,0.097,,0.099,0.16,0.099,0.161,0.142,0.364,0.613,0.347,0.18,0.158,0.139,,0.619,,,,,,,,0.178,0.2,0.109,0.143,0.388,,,,,0.108,0.283,0.55,,,0.532,0.613,,0.144,0.154,0.195,0.64,0.638,0.16,0.14,0.593,0.181,,,0.217,,,,,0.164,,,,0.163,,0.105,,0.222,0.117,0.12,0.098,,,,0.429,0.085,,,0.127,0.117
162,14053020,,0.568,0.57,,,,0.251,,,,,0.122,0.216,,0.225,0.101,,0.153,,,,,,,,0.41,,0.423,0.204,,,0.1,,0.407,0.271,,,,0.102,0.125,0.165,,,,0.077,0.485,0.517,0.496,,,,0.241,,0.097,,,,,,0.206,0.175,,,,0.203,0.161,0.055,0.123,,,,0.105,0.168,0.157,,0.337,,,,,,0.098,,,,,0.14,0.071,0.27,0.541,0.038,0.101,0.464,0.258,0.464,0.071,0.172,0.123,,,0.197,,,0.092,0.036,0.037,,0.049,0.195,,,,,,,,0.372,,0.098,0.79,,,0.025,,0.097,,0.098,0.16,0.099,0.162,0.142,0.364,0.602,0.33,0.176,0.158,0.139,,0.619,,,,,,,,0.176,0.2,0.109,0.143,0.386,,,,,0.108,0.282,0.55,,,0.532,0.613,,0.144,0.154,0.195,0.64,0.638,0.16,0.14,0.589,0.18,,,0.215,,,,,0.162,,,,0.163,,0.104,,0.23,0.118,0.12,0.098,,,,0.428,0.085,,,0.127,0.117
162,14053080,,0.568,0.57,,,,0.251,,,,,0.134,0.22,,0.225,0.093,,0.153,,,,,,,,0.41,,0.407,0.205,,,0.098,,0.407,0.267,,,,0.103,0.126,0.166,,,,0.077,0.485,0.518,0.495,,,,0.241,,0.097,,,,,,0.206,0.175,,,,0.203,0.162,0.055,0.123,,,,0.105,0.168,0.157,,0.333,,,,,,0.099,,,,,0.141,0.072,0.268,0.552,0.038,0.101,0.484,0.261,0.472,0.071,0.173,0.124,,,0.197,,,0.094,0.028,0.016,,0.203,0.195,,,,,,,,0.385,,0.099,0.791,,,0.025,,0.097,,0.098,0.161,0.1,0.162,0.141,0.364,0.603,0.343,0.177,0.158,0.138,,0.619,,,,,,,,0.174,0.2,0.109,0.143,0.387,,,,,0.109,0.282,0.549,,,0.533,0.613,,0.144,0.154,0.195,0.64,0.638,0.16,0.14,0.609,0.179,,,0.212,,,,,0.163,,,,0.163,,0.104,,0.231,0.118,0.12,0.098,,,,0.427,0.085,,,0.127,0.117
162,14053140,,0.568,0.57,,,,0.251,,,,,0.125,0.237,,0.226,0.108,,0.153,,,,,,,,0.41,,0.428,0.205,,,0.099,,0.408,0.267,,,,0.103,0.125,0.165,,,,0.077,0.485,0.518,0.495,,,,0.241,,0.096,,,,,,0.214,0.175,,,,0.203,0.161,0.055,0.123,,,,0.106,0.168,0.157,,0.338,,,,,,0.099,,,,,0.142,0.072,0.265,0.538,0.038,0.101,0.486,0.26,0.461,0.071,0.172,0.127,,,0.197,,,0.094,0.03,0.016,,0.037,0.195,,,,,,,,0.382,,0.098,0.795,,,0.025,,0.097,,0.099,0.161,0.098,0.162,0.141,0.364,0.599,0.33,0.175,0.159,0.138,,0.619,,,,,,,,0.172,0.202,0.109,0.143,0.387,,,,,0.108,0.282,0.55,,,0.533,0.613,,0.144,0.154,0.196,0.64,0.638,0.16,0.14,0.615,0.179,,,0.213,,,,,0.162,,,,0.163,,0.104,,0.23,0.119,0.12,0.097,,,,0.428,0.085,,,0.127,0.118
162,14053200,,0.568,0.57,,,,0.251,,,,,0.134,0.216,,0.226,0.113,,0.153,,,,,,,,0.41,,0.428,0.205,,,0.099,,0.408,0.268,,,,0.103,0.125,0.166,,,,0.077,0.485,0.518,0.495,,,,0.241,,0.097,,,,,,0.216,0.175,,,,0.203,0.162,0.055,0.123,,,,0.104,0.168,0.157,,0.34,,,,,,0.098,,,,,0.142,0.073,0.265,0.544,0.037,0.101,0.489,0.264,0.469,0.071,0.173,0.126,,,0.197,,,0.094,0.032,0.016,,0.042,0.195,,,,,,,,0.387,,0.099,0.793,,,0.025,,0.099,,0.099,0.161,0.099,0.162,0.142,0.364,0.614,0.348,0.177,0.158,0.139,,0.618,,,,,,,,0.17,0.203,0.109,0.143,0.389,,,,,0.109,0.281,0.55,,,0.533,0.613,,0.143,0.154,0.195,0.64,0.638,0.16,0.14,0.623,0.181,,,0.215,,,,,0.163,,,,0.163,,0.104,,0.227,0.117,0.12,0.101,,,,0.429,0.086,,,0.127,0.118
162,14053260,,0.568,0.57,,,,0.251,,,,,0.129,0.214,,0.226,0.103,,0.153,,,,,,,,0.41,,0.428,0.205,,,0.1,,0.408,0.27,,,,0.103,0.125,0.165,,,,0.077,0.485,0.518,0.495,,,,0.241,,0.098,,,,,,0.213,0.175,,,,0.203,0.162,0.055,0.124,,,,0.105,0.168,0.157,,0.34,,,,,,0.098,,,,,0.141,0.072,0.264,0.55,0.037,0.101,0.487,0.26,0.47,0.071,0.172,0.124,,,0.197,,,0.093,0.03,0.018,,0.042,0.195,,,,,,,,0.385,,0.099,0.793,,,0.025,,0.097,,0.098,0.161,0.1,0.162,0.142,0.364,0.609,0.35,0.182,0.158,0.133,,0.619,,,,,,,,0.168,0.203,0.109,0.143,0.386,,,,,0.109,0.281,0.55,,,0.533,0.613,,0.143,0.154,0.196,0.641,0.638,0.16,0.139,0.626,0.182,,,0.219,,,,,0.161,,,,0.163,,0.104,,0.225,0.117,0.12,0.1,,,,0.428,0.086,,,0.127,0.118
162,14053320,,0.568,0.57,,,,0.251,,,,,0.127,0.202,,0.226,0.104,,0.153,,,,,,,,0.41,,0.432,0.204,,,0.099,,0.408,0.27,,,,0.104,0.125,0.166,,,,0.076,0.485,0.518,0.495,,,,0.241,,0.096,,,,,,0.215,0.175,,,,0.203,0.162,0.055,0.124,,,,0.106,0.168,0.157,,0.338,,,,,,0.098,,,,,0.138,0.072,0.263,0.541,0.037,0.101,0.487,0.264,0.467,0.071,0.174,0.123,,,0.197,,,0.094,0.03,0.016,,0.043,0.195,,,,,,,,0.375,,0.1,0.795,,,0.025,,0.098,,0.099,0.16,0.099,0.162,0.142,0.364,0.614,0.341,0.178,0.158,0.134,,0.619,,,,,,,,0.166,0.204,0.109,0.143,0.386,,,,,0.109,0.281,0.55,,,0.533,0.613,,0.144,0.155,0.195,0.641,0.638,0.16,0.14,0.626,0.181,,,0.225,,,,,0.162,,,,0.163,,0.104,,0.222,0.119,0.12,0.098,,,,0.429,0.086,,,0.127,0.118
162,14053380,,0.568,0.57,,,,0.251,,,,,0.126,0.2,,0.226,0.135,,0.153,,,,,,,,0.41,,0.435,0.203,,,0.099,,0.408,0.27,,,,0.104,0.125,0.165,,,,0.076,0.485,0.518,0.495,,,,0.241,,0.098,,,,,,0.212,0.175,,,,0.203,0.162,0.055,0.123,,,,0.106,0.168,0.157,,0.343,,,,,,0.099,,,,,0.144,0.072,0.267,0.542,0.037,0.101,0.497,0.264,0.466,0.071,0.174,0.125,,,0.197,,,0.095,0.036,0.04,,0.047,0.195,,,,,,,,0.387,,0.098,0.798,,,0.026,,0.098,,0.099,0.16,0.098,0.161,0.142,0.364,0.587,0.343,0.179,0.159,0.134,,0.619,,,,,,,,0.164,0.205,0.109,0.143,0.387,,,,,0.109,0.28,0.55,,,0.533,0.613,,0.145,0.155,0.195,0.641,0.638,0.16,0.139,0.623,0.18,,,0.231,,,,,0.163,,,,0.163,,0.104,,0.211,0.119,0.12,0.097,,,,0.428,0.086,,,0.127,0.118
162,14053440,,0.568,0.57,,,,0.251,,,,,0.143,0.2,,0.225,0.131,,0.153,,,,,,,,0.411,,0.431,0.204,,,0.1,,0.408,0.269,,,,0.104,0.125,0.165,,,,0.076,0.485,0.518,0.495,,,,0.241,,0.097,,,,,,0.212,0.175,,,,0.203,0.162,0.055,0.124,,,,0.105,0.169,0.157,,0.343,,,,,,0.098,,,,,0.138,0.072,0.261,0.547,0.037,0.101,0.495,0.264,0.471,0.071,0.173,0.124,,,0.197,,,0.094,0.039,0.016,,0.047,0.195,,,,,,,,0.393,,0.098,0.797,,,0.026,,0.099,,0.1,0.159,0.099,0.162,0.142,0.364,0.607,0.333,0.18,0.158,0.133,,0.619,,,,,,,,0.163,0.206,0.109,0.143,0.388,,,,,0.108,0.28,0.549,,,0.533,0.613,,0.143,0.155,0.195,0.641,0.638,0.16,0.139,0.618,0.18,,,0.229,,,,,0.162,,,,0.163,,0.105,,0.205,0.117,0.121,0.096,,,,0.427,0.086,,,0.127,0.118
162,14053500,,0.568,0.57,,,,0.251,,,,,0.126,0.2,,0.226,0.108,,0.153,,,,,,,,0.409,,0.431,0.204,,,0.1,,0.408,0.269,,,,0.104,0.126,0.165,,,,0.076,0.487,0.518,0.496,,,,0.241,,0.098,,,,,,0.225,0.175,,,,0.203,0.162,0.055,0.123,,,,0.105,0.168,0.157,,0.34,,,,,,0.098,,,,,0.14,0.072,0.261,0.546,0.037,0.101,0.495,0.267,0.484,0.071,0.173,0.125,,,0.197,,,0.093,0.054,0.095,,0.047,0.195,,,,,,,,0.395,,0.098,0.801,,,0.026,,0.098,,0.098,0.159,0.099,0.162,0.142,0.364,0.595,0.335,0.177,0.159,0.135,,0.619,,,,,,,,0.161,0.207,0.109,0.143,0.386,,,,,0.109,0.28,0.549,,,0.533,0.613,,0.144,0.154,0.195,0.64,0.638,0.16,0.139,0.603,0.183,,,0.227,,,,,0.161,,,,0.163,,0.105,,0.192,0.117,0.121,0.095,,,,0.428,0.086,,,0.127,0.118
162,14053560,,0.568,0.57,,,,0.251,,,,,0.126,0.199,,0.227,0.101,,0.153,,,,,,,,0.409,,0.416,0.204,,,0.099,,0.408,0.27,,,,0.103,0.127,0.165,,,,0.076,0.487,0.517,0.496,,,,0.241,,0.096,,,,,,0.237,0.175,,,,0.203,0.162,0.055,0.123,,,,0.106,0.168,0.157,,0.337,,,,,,0.098,,,,,0.14,0.072,0.263,0.526,0.037,0.101,0.493,0.263,0.477,0.071,0.173,0.127,,,0.197,,,0.093,0.029,0.016,,0.047,0.195,,,,,,,,0.393,,0.098,0.798,,,0.026,,0.099,,0.099,0.16,0.099,0.161,0.143,0.364,0.607,0.332,0.179,0.158,0.135,,0.619,,,,,,,,0.16,0.203,0.109,0.143,0.387,,,,,0.109,0.279,0.549,,,0.533,0.613,,0.144,0.154,0.196,0.641,0.638,0.16,0.139,0.601,0.186,,,0.223,,,,,0.162,,,,0.163,,0.105,,0.18,0.119,0.12,0.108,,,,0.429,0.082,,,0.127,0.118
162,14053620,,0.568,0.57,,,,0.251,,,,,0.126,0.199,,0.227,0.085,,0.153,,,,,,,,0.41,,0.41,0.203,,,0.099,,0.408,0.268,,,,0.103,0.125,0.165,,,,0.076,0.487,0.517,0.496,,,,0.241,,0.098,,,,,,0.221,0.175,,,,0.203,0.162,0.055,0.124,,,,0.105,0.168,0.157,,0.338,,,,,,0.098,,,,,0.14,0.072,0.264,0.54,0.037,0.101,0.363,0.257,0.469,0.071,0.172,0.126,,,0.197,,,0.094,0.055,0.086,,0.136,0.195,,,,,,,,0.378,,0.098,0.8,,,0.026,,0.099,,0.099,0.16,0.098,0.161,0.143,0.364,0.601,0.345,0.177,0.159,0.134,,0.619,,,,,,,,0.158,0.201,0.109,0.143,0.387,,,,,0.109,0.279,0.549,,,0.533,0.613,,0.144,0.155,0.195,0.641,0.638,0.16,0.139,0.608,0.185,,,0.22,,,,,0.163,,,,0.163,,0.104,,0.179,0.117,0.12,0.107,,,,0.428,0.082,,,0.127,0.118
162,14053680,,0.568,0.571,,,,0.251,,,,,0.139,0.21,,0.227,0.094,,0.153,,,,,,,,0.41,,0.412,0.203,,,0.099,,0.408,0.267,,,,0.103,0.125,0.165,,,,0.077,0.487,0.518,0.496,,,,0.241,,0.098,,,,,,0.207,0.175,,,,0.203,0.162,0.055,0.123,,,,0.105,0.168,0.157,,0.343,,,,,,0.099,,,,,0.138,0.071,0.26,0.548,0.037,0.101,0.354,0.259,0.471,0.071,0.171,0.125,,,0.197,,,0.095,0.053,0.087,,0.061,0.195,,,,,,,,0.372,,0.098,0.804,,,0.026,,0.1,,0.1,0.16,0.098,0.162,0.143,0.364,0.601,0.344,0.177,0.159,0.134,,0.619,,,,,,,,0.157,0.203,0.109,0.143,0.385,,,,,0.109,0.279,0.549,,,0.533,0.613,,0.144,0.154,0.195,0.641,0.638,0.16,0.139,0.618,0.185,,,0.216,,,,,0.161,,,,0.164,,0.105,,0.177,0.117,0.12,0.102,,,,0.43,0.083,,,0.127,0.118
162,14053740,,0.568,0.571,,,,0.251,,,,,0.128,0.215,,0.226,0.088,,0.153,,,,,,,,0.41,,0.419,0.203,,,0.099,,0.409,0.266,,,,0.103,0.125,0.164,,,,0.077,0.487,0.518,0.496,,,,0.241,,0.098,,,,,,0.2,0.175,,,,0.203,0.162,0.055,0.124,,,,0.105,0.168,0.157,,0.34,,,,,,0.1,,,,,0.14,0.072,0.268,0.54,0.037,0.101,0.402,0.261,0.47,0.071,0.173,0.126,,,0.197,,,0.094,0.033,0.016,,0.05,0.195,,,,,,,,0.386,,0.099,0.803,,,0.026,,0.098,,0.098,0.16,0.099,0.162,0.143,0.364,0.578,0.325,0.181,0.158,0.134,,0.619,,,,,,,,0.156,0.201,0.109,0.143,0.386,,,,,0.109,0.278,0.549,,,0.533,0.613,,0.144,0.154,0.194,0.64,0.638,0.16,0.139,0.618,0.186,,,0.214,,,,,0.163,,,,0.163,,0.105,,0.148,0.118,0.121,0.097,,,,0.43,0.085,,,0.127,0.118
162,14053800,,0.568,0.571,,,,0.251,,,,,0.128,0.216,,0.227,0.1,,0.153,,,,,,,,0.409,,0.424,0.203,,,0.099,,0.409,0.265,,,,0.103,0.125,0.165,,,,0.077,0.486,0.518,0.496,,,,0.241,,0.097,,,,,,0.202,0.175,,,,0.203,0.162,0.055,0.125,,,,0.106,0.168,0.157,,0.338,,,,,,0.099,,,,,0.141,0.072,0.265,0.542,0.037,0.101,0.404,0.261,0.467,0.071,0.172,0.126,,,0.197,,,0.095,0.034,0.033,,0.046,0.195,,,,,,,,0.368,,0.098,0.802,,,0.025,,0.098,,0.099,0.16,0.098,0.162,0.143,0.364,0.594,0.32,0.177,0.159,0.134,,0.619,,,,,,,,0.155,0.204,0.109,0.143,0.386,,,,,0.109,0.278,0.55,,,0.533,0.613,,0.145,0.155,0.195,0.64,0.638,0.16,0.139,0.615,0.185,,,0.217,,,,,0.163,,,,0.163,,0.105,,0.203,0.119,0.12,0.095,,,,0.43,0.085,,,0.127,0.118
162,14053860,,0.568,0.571,,,,0.251,,,,,0.13,0.22,,0.227,0.112,,0.153,,,,,,,,0.41,,0.428,0.203,,,0.1,,0.409,0.267,,,,0.103,0.125,0.165,,,,0.077,0.486,0.518,0.496,,,,0.241,,0.097,,,,,,0.206,0.175,,,,0.203,0.162,0.055,0.125,,,,0.106,0.168,0.157,,0.337,,,,,,0.098,,,,,0.141,0.071,0.262,0.546,0.037,0.101,0.41,0.261,0.48,0.071,0.173,0.126,,,0.197,,,0.094,0.036,0.033,,0.046,0.195,,,,,,,,0.378,,0.099,0.801,,,0.025,,0.099,,0.099,0.16,0.098,0.163,0.144,0.364,0.61,0.334,0.182,0.159,0.134,,0.619,,,,,,,,0.154,0.206,0.109,0.143,0.386,,,,,0.109,0.277,0.55,,,0.533,0.613,,0.145,0.154,0.194,0.641,0.638,0.16,0.139,0.608,0.186,,,0.215,,,,,0.162,,,,0.163,,0.105,,0.23,0.118,0.121,0.097,,,,0.431,0.086,,,0.127,0.118
162,14053920,,0.568,0.571,,,,0.251,,,,,0.13,0.225,,0.227,0.13,,0.153,,,,,,,,0.411,,0.428,0.204,,,0.1,,0.409,0.267,,,,0.103,0.125,0.164,,,,0.077,0.486,0.518,0.495,,,,0.241,,0.096,,,,,,0.203,0.175,,,,0.203,0.162,0.055,0.123,,,,0.105,0.169,0.157,,0.337,,,,,,0.099,,,,,0.141,0.072,0.267,0.548,0.037,0.101,0.426,0.264,0.478,0.071,0.173,0.129,,,0.197,,,0.096,0.038,0.033,,0.045,0.195,,,,,,,,0.383,,0.1,0.799,,,0.025,,0.099,,0.098,0.161,0.099,0.163,0.144,0.364,0.613,0.331,0.181,0.157,0.135,,0.619,,,,,,,,0.153,0.205,0.109,0.143,0.387,,,,,0.109,0.277,0.55,,,0.533,0.613,,0.145,0.154,0.195,0.641,0.638,0.16,0.139,0.599,0.188,,,0.218,,,,,0.164,,,,0.164,,0.105,,0.229,0.116,0.122,0.096,,,,0.433,0.085,,,0.127,0.118
162,14053980,,0.568,0.571,,,,0.252,,,,,0.13,0.227,,0.227,0.117,,0.153,,,,,,,,0.41,,0.432,0.204,,,0.1,,0.409,0.268,,,,0.102,0.125,0.165,,,,0.078,0.486,0.517,0.495,,,,0.241,,0.096,,,,,,0.209,0.175,,,,0.203,0.162,0.055,0.124,,,,0.106,0.169,0.157,,0.34,,,,,,0.099,,,,,0.142,0.072,0.263,0.542,0.037,0.101,0.456,0.268,0.478,0.071,0.174,0.126,,,0.197,,,0.094,0.043,0.048,,0.045,0.195,,,,,,,,0.276,,0.1,0.798,,,0.025,,0.099,,0.098,0.16,0.099,0.163,0.143,0.364,0.602,0.328,0.179,0.159,0.133,,0.619,,,,,,,,0.153,0.203,0.109,0.143,0.389,,,,,0.109,0.277,0.55,,,0.533,0.613,,0.145,0.154,0.195,0.641,0.638,0.16,0.139,0.605,0.189,,,0.224,,,,,0.163,,,,0.163,,0.105,,0.23,0.119,0.121,0.096,,,,0.434,0.076,,,0.127,0.118
162,14054040,,0.568,0.571,,,,0.252,,,,,0.13,0.215,,0.227,0.09,,0.153,,,,,,,,0.411,,0.43,0.203,,,0.099,,0.409,0.267,,,,0.102,0.126,0.165,,,,0.078,0.486,0.518,0.495,,,,0.241,,0.095,,,,,,0.213,0.175,,,,0.203,0.163,0.055,0.124,,,,0.105,0.168,0.157,,0.34,,,,,,0.099,,,,,0.139,0.072,0.261,0.537,0.037,0.101,0.458,0.265,0.474,0.071,0.175,0.127,,,0.197,,,0.095,0.048,0.038,,0.048,0.195,,,,,,,,0.284,,0.098,0.803,,,0.025,,0.099,,0.099,0.16,0.098,0.162,0.143,0.364,0.608,0.345,0.177,0.16,0.134,,0.619,,,,,,,,0.153,0.203,0.109,0.143,0.385,,,,,0.108,0.276,0.55,,,0.533,0.613,,0.144,0.155,0.195,0.641,0.638,0.16,0.139,0.607,0.191,,,0.22,,,,,0.162,,,,0.163,,0.104,,0.222,0.12,0.119,0.096,,,,0.433,0.081,,,0.127,0.118
162,14054100,,0.568,0.57,,,,0.252,,,,,0.176,0.209,,0.227,0.087,,0.153,,,,,,,,0.41,,0.417,0.204,,,0.1,,0.409,0.266,,,,0.103,0.125,0.164,,,,0.077,0.487,0.518,0.496,,,,0.241,,0.097,,,,,,0.206,0.175,,,,0.203,0.163,0.055,0.124,,,,0.106,0.168,0.157,,0.339,,,,,,0.099,,,,,0.14,0.071,0.261,0.539,0.038,0.101,0.32,0.267,0.469,0.071,0.173,0.127,,,0.197,,,0.096,0.06,0.07,,0.051,0.195,,,,,,,,0.277,,0.099,0.8,,,0.025,,0.099,,0.1,0.161,0.098,0.163,0.143,0.364,0.616,0.35,0.181,0.159,0.134,,0.619,,,,,,,,0.123,0.204,0.109,0.143,0.385,,,,,0.108,0.276,0.55,,,0.533,0.613,,0.145,0.155,0.194,0.64,0.638,0.16,0.139,0.612,0.192,,,0.218,,,,,0.162,,,,0.163,,0.105,,0.233,0.119,0.12,0.096,,,,0.432,0.083,,,0.127,0.118
162,14054160,,0.568,0.57,,,,0.252,,,,,0.13,0.209,,0.227,0.081,,0.153,,,,,,,,0.41,,0.416,0.204,,,0.1,,0.409,0.266,,,,0.103,0.125,0.164,,,,0.077,0.487,0.518,0.495,,,,0.241,,0.097,,,,,,0.204,0.175,,,,0.203,0.163,0.055,0.123,,,,0.106,0.168,0.157,,0.339,,,,,,0.099,,,,,0.139,0.071,0.265,0.552,0.038,0.101,0.219,0.262,0.466,0.071,0.174,0.127,,,0.197,,,0.096,0.031,0.052,,0.047,0.195,,,,,,,,0.277,,0.099,0.8,,,0.026,,0.1,,0.098,0.161,0.099,0.163,0.143,0.364,0.62,0.328,0.182,0.159,0.134,,0.619,,,,,,,,0.13,0.206,0.109,0.143,0.385,,,,,0.108,0.276,0.55,,,0.533,0.613,,0.145,0.154,0.195,0.64,0.638,0.16,0.139,0.607,0.191,,,0.217,,,,,0.164,,,,0.163,,0.104,,0.223,0.118,0.119,0.096,,,,0.431,0.084,,,0.127,0.119
162,14054220,,0.568,0.571,,,,0.252,,,,,0.133,0.209,,0.227,0.105,,0.153,,,,,,,,0.41,,0.413,0.202,,,0.1,,0.409,0.267,,,,0.103,0.125,0.165,,,,0.077,0.487,0.518,0.496,,,,0.241,,0.098,,,,,,0.211,0.175,,,,0.203,0.163,0.055,0.124,,,,0.107,0.168,0.157,,0.338,,,,,,0.1,,,,,0.14,0.072,0.266,0.556,0.038,0.101,0.295,0.264,0.463,0.071,0.174,0.125,,,0.197,,,0.094,0.031,0.017,,0.045,0.195,,,,,,,,0.309,,0.1,0.807,,,0.026,,0.098,,0.099,0.161,0.098,0.163,0.144,0.364,0.596,0.336,0.177,0.16,0.134,,0.619,,,,,,,,0.136,0.205,0.109,0.143,0.388,,,,,0.108,0.276,0.55,,,0.533,0.614,,0.144,0.155,0.194,0.64,0.638,0.16,0.139,0.603,0.189,,,0.218,,,,,0.162,,,,0.163,,0.103,,0.218,0.118,0.12,0.095,,,,0.431,0.086,,,0.127,0.118
162,14054280,,0.568,0.571,,,,0.252,,,,,0.131,0.211,,0.227,0.129,,0.153,,,,,,,,0.412,,0.424,0.202,,,0.099,,0.41,0.269,,,,0.103,0.125,0.165,,,,0.077,0.487,0.518,0.496,,,,0.241,,0.098,,,,,,0.217,0.175,,,,0.203,0.163,0.055,0.124,,,,0.107,0.169,0.157,,0.343,,,,,,0.099,,,,,0.144,0.072,0.261,0.538,0.038,0.101,0.315,0.266,0.477,0.071,0.173,0.124,,,0.197,,,0.095,0.032,0.016,,0.083,0.195,,,,,,,,0.281,,0.098,0.802,,,0.026,,0.099,,0.099,0.161,0.099,0.162,0.142,0.364,0.61,0.339,0.181,0.159,0.134,,0.619,,,,,,,,0.139,0.205,0.109,0.143,0.389,,,,,0.109,0.275,0.55,,,0.533,0.614,,0.145,0.155,0.195,0.64,0.638,0.16,0.139,0.605,0.188,,,0.219,,,,,0.162,,,,0.163,,0.104,,0.215,0.119,0.119,0.096,,,,0.43,0.082,,,0.127,0.118
162,14054340,,0.568,0.571,,,,0.252,,,,,0.134,0.209,,0.227,0.098,,0.153,,,,,,,,0.41,,0.43,0.203,,,0.1,,0.41,0.274,,,,0.103,0.125,0.166,,,,0.077,0.487,0.518,0.496,,,,0.241,,0.097,,,,,,0.214,0.175,,,,0.203,0.163,0.055,0.124,,,,0.106,0.169,0.157,,0.342,,,,,,0.099,,,,,0.141,0.072,0.267,0.553,0.037,0.101,0.32,0.265,0.468,0.071,0.172,0.127,,,0.197,,,0.095,0.037,0.052,,0.044,0.195,,,,,,,,0.282,,0.099,0.802,,,0.026,,0.099,,0.1,0.16,0.099,0.162,0.142,0.364,0.595,0.333,0.18,0.159,0.133,,0.619,,,,,,,,0.152,0.204,0.109,0.143,0.387,,,,,0.109,0.275,0.55,,,0.534,0.614,,0.145,0.155,0.195,0.64,0.638,0.16,0.139,0.618,0.187,,,0.222,,,,,0.163,,,,0.163,,0.104,,0.14,0.119,0.12,0.096,,,,0.429,0.084,,,0.127,0.118
162,14054400,,0.568,0.571,,,,0.252,,,,,0.131,0.205,,0.227,0.136,,0.153,,,,,,,,0.412,,0.431,0.203,,,0.1,,0.41,0.274,,,,0.103,0.126,0.165,,,,0.077,0.489,0.518,0.496,,,,0.241,,0.097,,,,,,0.214,0.175,,,,0.203,0.163,0.056,0.123,,,,0.106,0.169,0.16,,0.362,,,,,,0.099,,,,,0.147,0.072,0.261,0.555,0.037,0.101,0.354,0.267,0.478,0.071,0.174,0.129,,,0.197,,,0.094,0.024,0.014,,0.044,0.196,,,,,,,,0.273,,0.1,0.802,,,0.025,,0.098,,0.098,0.161,0.1,0.163,0.142,0.364,0.612,0.335,0.179,0.159,0.134,,0.619,,,,,,,,0.272,0.229,0.109,0.143,0.4,,,,,0.11,0.274,0.55,,,0.534,0.614,,0.144,0.155,0.195,0.64,0.638,0.16,0.139,0.624,0.185,,,0.223,,,,,0.162,,,,0.168,,0.105,,0.19,0.118,0.12,0.096,,,,0.43,0.086,,,0.127,0.118
162,14054460,,0.568,0.571,,,,0.252,,,,,0.131,0.202,,0.226,0.109,,0.154,,,,,,,,0.412,,0.432,0.203,,,0.099,,0.41,0.273,,,,0.103,0.125,0.166,,,,0.077,0.489,0.518,0.496,,,,0.241,,0.097,,,,,,0.215,0.175,,,,0.203,0.163,0.056,0.124,,,,0.107,0.169,0.158,,0.365,,,,,,0.1,,,,,0.144,0.072,0.257,0.539,0.037,0.101,0.412,0.266,0.476,0.071,0.175,0.129,,,0.197,,,0.094,0.054,0.051,,0.043,0.196,,,,,,,,0.27,,0.099,0.799,,,0.025,,0.098,,0.099,0.161,0.099,0.162,0.143,0.364,0.607,0.328,0.183,0.16,0.134,,0.619,,,,,,,,0.278,0.218,0.109,0.143,0.399,,,,,0.11,0.274,0.551,,,0.534,0.615,,0.145,0.155,0.195,0.641,0.638,0.16,0.139,0.622,0.185,,,0.223,,,,,0.162,,,,0.168,,0.105,,0.219,0.118,0.121,0.096,,,,0.431,0.085,,,0.127,0.118
162,14054520,,0.568,0.571,,,,0.252,,,,,0.136,0.221,,0.226,0.091,,0.154,,,,,,,,0.411,,0.438,0.203,,,0.099,,0.41,0.273,,,,0.103,0.125,0.167,,,,0.077,0.489,0.517,0.496,,,,0.241,,0.096,,,,,,0.226,0.175,,,,0.203,0.163,0.056,0.123,,,,0.108,0.169,0.158,,0.36,,,,,,0.099,,,,,0.139,0.072,0.252,0.517,0.037,0.101,0.432,0.259,0.463,0.071,0.174,0.128,,,0.197,,,0.095,0.027,0.014,,0.042,0.196,,,,,,,,0.265,,0.099,0.806,,,0.026,,0.099,,0.099,0.162,0.1,0.163,0.143,0.364,0.611,0.332,0.178,0.159,0.134,,0.619,,,,,,,,0.263,0.209,0.109,0.143,0.394,,,,,0.109,0.273,0.55,,,0.534,0.614,,0.145,0.156,0.195,0.64,0.638,0.16,0.139,0.614,0.183,,,0.219,,,,,0.163,,,,0.164,,0.106,,0.219,0.119,0.12,0.101,,,,0.431,0.087,,,0.127,0.118
162,14054580,,0.568,0.57,,,,0.252,,,,,0.134,0.232,,0.226,0.079,,0.154,,,,,,,,0.411,,0.436,0.203,,,0.1,,0.41,0.271,,,,0.103,0.125,0.167,,,,0.077,0.489,0.518,0.496,,,,0.241,,0.096,,,,,,0.218,0.175,,,,0.203,0.163,0.056,0.123,,,,0.106,0.169,0.158,,0.354,,,,,,0.099,,,,,0.14,0.072,0.252,0.522,0.037,0.101,0.44,0.261,0.478,0.071,0.172,0.124,,,0.197,,,0.095,0.07,0.106,,0.042,0.196,,,,,,,,0.28,,0.1,0.795,,,0.025,,0.1,,0.1,0.161,0.1,0.163,0.143,0.364,0.613,0.34,0.179,0.161,0.134,,0.619,,,,,,,,0.245,0.211,0.109,0.143,0.389,,,,,0.109,0.272,0.55,,,0.534,0.614,,0.145,0.156,0.195,0.64,0.638,0.16,0.139,0.614,0.183,,,0.217,,,,,0.165,,,,0.164,,0.105,,0.222,0.118,0.12,0.102,,,,0.431,0.09,,,0.127,0.118
162,14054640,,0.568,0.57,,,,0.252,,,,,0.138,0.227,,0.226,0.078,,0.153,,,,,,,,0.411,,0.448,0.203,,,0.1,,0.41,0.27,,,,0.103,0.125,0.166,,,,0.078,0.489,0.518,0.496,,,,0.241,,0.097,,,,,,0.218,0.175,,,,0.203,0.163,0.056,0.123,,,,0.106,0.169,0.157,,0.346,,,,,,0.1,,,,,0.138,0.071,0.25,0.532,0.037,0.101,0.448,0.262,0.47,0.071,0.173,0.124,,,0.197,,,0.094,0.026,0.016,,0.053,0.196,,,,,,,,0.251,,0.1,0.794,,,0.025,,0.098,,0.098,0.161,0.1,0.163,0.143,0.364,0.605,0.333,0.184,0.159,0.134,,0.619,,,,,,,,0.246,0.205,0.109,0.143,0.385,,,,,0.109,0.272,0.55,,,0.534,0.614,,0.145,0.155,0.196,0.64,0.638,0.16,0.139,0.617,0.184,,,0.218,,,,,0.164,,,,0.163,,0.105,,0.225,0.119,0.119,0.1,,,,0.432,0.09,,,0.127,0.118
162,14054700,,0.568,0.57,,,,0.252,,,,,0.135,0.232,,0.226,0.116,,0.153,,,,,,,,0.411,,0.437,0.202,,,0.101,,0.41,0.271,,,,0.103,0.125,0.166,,,,0.077,0.486,0.518,0.496,,,,0.241,,0.098,,,,,,0.22,0.175,,,,0.203,0.163,0.056,0.125,,,,0.107,0.169,0.158,,0.345,,,,,,0.1,,,,,0.144,0.072,0.252,0.53,0.037,0.101,0.452,0.266,0.48,0.071,0.175,0.127,,,0.197,,,0.095,0.066,0.017,,0.042,0.196,,,,,,,,0.253,,0.099,0.795,,,0.025,,0.099,,0.098,0.161,0.099,0.163,0.143,0.364,0.606,0.336,0.176,0.16,0.134,,0.619,,,,,,,,0.248,0.206,0.109,0.143,0.39,,,,,0.109,0.271,0.55,,,0.534,0.614,,0.145,0.155,0.196,0.64,0.638,0.16,0.139,0.617,0.185,,,0.22,,,,,0.164,,,,0.163,,0.105,,0.238,0.119,0.118,0.099,,,,0.432,0.09,,,0.127,0.118
162,14054760,,0.568,0.57,,,,0.252,,,,,0.142,0.223,,0.225,0.089,,0.153,,,,,,,,0.41,,0.44,0.203,,,0.099,,0.411,0.272,,,,0.103,0.127,0.166,,,,0.078,0.487,0.518,0.496,,,,0.241,,0.097,,,,,,0.237,0.175,,,,0.203,0.163,0.055,0.124,,,,0.107,0.169,0.157,,0.343,,,,,,0.099,,,,,0.146,0.072,0.251,0.561,0.037,0.101,0.455,0.261,0.486,0.071,0.173,0.126,,,0.197,,,0.095,0.034,0.017,,0.056,0.196,,,,,,,,0.246,,0.1,0.796,,,0.025,,0.099,,0.1,0.162,0.099,0.164,0.143,0.364,0.601,0.341,0.183,0.16,0.135,,0.619,,,,,,,,0.249,0.203,0.109,0.143,0.388,,,,,0.109,0.27,0.55,,,0.534,0.615,,0.145,0.156,0.196,0.64,0.638,0.16,0.139,0.625,0.187,,,0.219,,,,,0.164,,,,0.163,,0.105,,0.246,0.119,0.119,0.108,,,,0.431,0.085,,,0.127,0.118
162,14054820,,0.568,0.57,,,,0.252,,,,,0.134,0.227,,0.226,0.074,,0.153,,,,,,,,0.411,,0.437,0.203,,,0.1,,0.411,0.271,,,,0.103,0.125,0.167,,,,0.078,0.487,0.518,0.496,,,,0.241,,0.097,,,,,,0.223,0.175,,,,0.203,0.163,0.055,0.123,,,,0.107,0.168,0.158,,0.337,,,,,,0.099,,,,,0.143,0.072,0.25,0.571,0.037,0.101,0.456,0.261,0.465,0.071,0.174,0.125,,,0.197,,,0.095,0.049,0.06,,0.043,0.196,,,,,,,,0.259,,0.1,0.802,,,0.025,,0.1,,0.1,0.162,0.1,0.163,0.145,0.364,0.612,0.339,0.18,0.159,0.134,,0.619,,,,,,,,0.248,0.203,0.109,0.143,0.385,,,,,0.108,0.269,0.55,,,0.534,0.614,,0.145,0.156,0.195,0.64,0.638,0.16,0.139,0.627,0.187,,,0.224,,,,,0.164,,,,0.163,,0.104,,0.176,0.118,0.12,0.107,,,,0.431,0.088,,,0.127,0.118
162,14054880,,0.568,0.57,,,,0.252,,,,,0.137,0.226,,0.226,0.073,,0.153,,,,,,,,0.411,,0.428,0.203,,,0.101,,0.411,0.269,,,,0.103,0.125,0.166,,,,0.078,0.487,0.518,0.496,,,,0.241,,0.098,,,,,,0.21,0.175,,,,0.203,0.161,0.055,0.123,,,,0.106,0.168,0.157,,0.338,,,,,,0.1,,,,,0.14,0.072,0.252,0.572,0.037,0.101,0.457,0.261,0.471,0.071,0.172,0.124,,,0.197,,,0.094,0.027,0.016,,0.073,0.196,,,,,,,,0.253,,0.1,0.798,,,0.025,,0.099,,0.099,0.161,0.101,0.163,0.144,0.364,0.608,0.339,0.181,0.16,0.134,,0.619,,,,,,,,0.247,0.203,0.11,0.143,0.387,,,,,0.108,0.269,0.55,,,0.534,0.614,,0.144,0.156,0.195,0.64,0.638,0.16,0.139,0.626,0.186,,,0.229,,,,,0.163,,,,0.163,,0.104,,0.2,0.119,0.121,0.103,,,,0.43,0.088,,,0.127,0.118
162,14054940,,0.568,0.57,,,,0.252,,,,,0.14,0.227,,0.226,0.07,,0.153,,,,,,,,0.41,,0.435,0.202,,,0.099,,0.411,0.27,,,,0.103,0.126,0.166,,,,0.077,0.486,0.518,0.496,,,,0.241,,0.099,,,,,,0.206,0.175,,,,0.203,0.16,0.055,0.124,,,,0.106,0.168,0.157,,0.343,,,,,,0.1,,,,,0.14,0.072,0.247,0.601,0.037,0.101,0.459,0.258,0.459,0.071,0.172,0.122,,,0.197,,,0.095,0.027,0.016,,0.07,0.196,,,,,,,,0.268,,0.098,0.798,,,0.025,,0.1,,0.099,0.16,0.099,0.164,0.144,0.364,0.604,0.339,0.178,0.16,0.134,,0.619,,,,,,,,0.247,0.205,0.11,0.143,0.386,,,,,0.108,0.268,0.55,,,0.534,0.614,,0.145,0.156,0.195,0.64,0.638,0.16,0.139,0.623,0.186,,,0.226,,,,,0.166,,,,0.163,,0.104,,0.218,0.119,0.119,0.098,,,,0.432,0.088,,,0.127,0.118
162,14055000,,0.568,0.571,,,,0.252,,,,,0.139,0.211,,0.226,0.102,,0.153,,,,,,,,0.41,,0.449,0.203,,,0.1,,0.411,0.269,,,,0.103,0.126,0.167,,,,0.077,0.487,0.518,0.496,,,,0.241,,0.098,,,,,,0.216,0.175,,,,0.203,0.161,0.056,0.124,,,,0.108,0.169,0.157,,0.345,,,,,,0.099,,,,,0.141,0.072,0.247,0.606,0.037,0.101,0.459,0.261,0.474,0.071,0.172,0.125,,,0.197,,,0.096,0.055,0.123,,0.042,0.196,,,,,,,,0.261,,0.099,0.797,,,0.025,,0.099,,0.099,0.161,0.1,0.164,0.145,0.364,0.604,0.331,0.178,0.16,0.133,,0.619,,,,,,,,0.248,0.206,0.109,0.143,0.39,,,,,0.109,0.268,0.55,,,0.534,0.614,,0.145,0.157,0.195,0.64,0.638,0.16,0.139,0.616,0.188,,,0.223,,,,,0.166,,,,0.163,,0.104,,0.204,0.12,0.12,0.094,,,,0.432,0.088,,,0.127,0.118
162,14055060,,0.568,0.57,,,,0.252,,,,,0.146,0.213,,0.226,0.085,,0.153,,,,,,,,0.41,,0.447,0.203,,,0.1,,0.411,0.27,,,,0.103,0.125,0.166,,,,0.078,0.487,0.518,0.496,,,,0.241,,0.098,,,,,,0.219,0.175,,,,0.203,0.161,0.056,0.123,,,,0.107,0.168,0.157,,0.343,,,,,,0.1,,,,,0.14,0.071,0.246,0.603,0.037,0.101,0.46,0.261,0.469,0.071,0.174,0.127,,,0.197,,,0.095,0.055,0.023,,0.045,0.196,,,,,,,,0.271,,0.099,0.792,,,0.025,,0.1,,0.098,0.161,0.101,0.164,0.145,0.364,0.602,0.344,0.179,0.159,0.134,,0.619,,,,,,,,0.247,0.201,0.109,0.143,0.39,,,,,0.109,0.267,0.55,,,0.534,0.614,,0.146,0.156,0.195,0.64,0.638,0.16,0.139,0.607,0.192,,,0.218,,,,,0.165,,,,0.162,,0.104,,0.192,0.118,0.121,0.095,,,,0.431,0.088,,,0.127,0.118
162,14055120,,0.568,0.571,,,,0.253,,,,,0.149,0.22,,0.226,0.074,,0.153,,,,,,,,0.409,,0.444,0.204,,,0.101,,0.411,0.27,,,,0.103,0.125,0.165,,,,0.077,0.487,0.518,0.496,,,,0.241,,0.098,,,,,,0.219,0.175,,,,0.203,0.161,0.056,0.123,,,,0.106,0.168,0.157,,0.341,,,,,,0.101,,,,,0.14,0.071,0.247,0.602,0.037,0.101,0.461,0.262,0.489,0.071,0.173,0.124,,,0.197,,,0.095,0.062,0.066,,0.124,0.196,,,,,,,,0.268,,0.1,0.795,,,0.025,,0.099,,0.098,0.161,0.1,0.164,0.145,0.364,0.609,0.332,0.181,0.16,0.133,,0.619,,,,,,,,0.247,0.201,0.109,0.143,0.385,,,,,0.108,0.266,0.55,,,0.534,0.614,,0.146,0.156,0.195,0.64,0.638,0.16,0.139,0.607,0.194,,,0.221,,,,,0.166,,,,0.163,,0.104,,0.21,0.119,0.121,0.096,,,,0.431,0.087,,,0.127,0.118
162,14055180,,0.568,0.571,,,,0.252,,,,,0.151,0.213,,0.226,0.079,,0.153,,,,,,,,0.409,,0.446,0.203,,,0.099,,0.411,0.267,,,,0.103,0.126,0.166,,,,0.078,0.487,0.518,0.496,,,,0.241,,0.099,,,,,,0.218,0.175,,,,0.203,0.161,0.055,0.124,,,,0.107,0.168,0.157,,0.338,,,,,,0.1,,,,,0.139,0.071,0.248,0.595,0.037,0.101,0.464,0.26,0.496,0.071,0.173,0.124,,,0.197,,,0.095,0.043,0.015,,0.042,0.196,,,,,,,,0.255,,0.1,0.795,,,0.025,,0.1,,0.099,0.162,0.099,0.164,0.142,0.364,0.599,0.326,0.177,0.16,0.134,,0.619,,,,,,,,0.247,0.202,0.109,0.143,0.385,,,,,0.108,0.266,0.55,,,0.534,0.614,,0.145,0.156,0.196,0.64,0.638,0.16,0.139,0.612,0.192,,,0.228,,,,,0.164,,,,0.163,,0.105,,0.22,0.119,0.12,0.096,,,,0.431,0.087,,,0.127,0.118
162,14055240,,0.568,0.571,,,,0.252,,,,,0.148,0.221,,0.226,0.084,,0.153,,,,,,,,0.41,,0.451,0.204,,,0.1,,0.411,0.266,,,,0.103,0.126,0.167,,,,0.078,0.487,0.518,0.496,,,,0.241,,0.098,,,,,,0.218,0.175,,,,0.203,0.161,0.055,0.125,,,,0.108,0.168,0.157,,0.335,,,,,,0.1,,,,,0.138,0.071,0.25,0.607,0.037,0.101,0.463,0.258,0.477,0.071,0.173,0.125,,,0.197,,,0.096,0.029,0.018,,0.048,0.196,,,,,,,,0.249,,0.099,0.799,,,0.025,,0.1,,0.099,0.161,0.1,0.164,0.142,0.364,0.582,0.332,0.18,0.16,0.133,,0.619,,,,,,,,0.314,0.228,0.109,0.143,0.381,,,,,0.108,0.265,0.549,,,0.534,0.614,,0.147,0.157,0.195,0.641,0.638,0.16,0.139,0.614,0.188,,,0.229,,,,,0.164,,,,0.164,,0.104,,0.223,0.119,0.12,0.095,,,,0.432,0.086,,,0.127,0.118
162,14055300,,0.568,0.571,,,,0.253,,,,,0.171,0.203,,0.224,0.1,,0.153,,,,,,,,0.41,,0.436,0.203,,,0.101,,0.412,0.266,,,,0.103,0.125,0.167,,,,0.078,0.489,0.518,0.496,,,,0.241,,0.097,,,,,,0.216,0.175,,,,0.203,0.161,0.056,0.122,,,,0.107,0.168,0.157,,0.344,,,,,,0.101,,,,,0.138,0.072,0.249,0.608,0.037,0.101,0.468,0.266,0.464,0.071,0.174,0.123,,,0.197,,,0.095,0.038,0.036,,0.041,0.196,,,,,,,,0.245,,0.099,0.8,,,0.025,,0.101,,0.098,0.162,0.101,0.163,0.141,0.364,0.619,0.354,0.177,0.16,0.134,,0.619,,,,,,,,0.339,0.226,0.109,0.143,0.384,,,,,0.108,0.265,0.55,,,0.534,0.614,,0.148,0.157,0.196,0.64,0.638,0.16,0.139,0.61,0.187,,,0.228,,,,,0.164,,,,0.168,,0.104,,0.223,0.118,0.121,0.097,,,,0.431,0.086,,,0.127,0.118
162,14055360,,0.568,0.571,,,,0.253,,,,,0.145,0.204,,0.224,0.073,,0.155,,,,,,,,0.41,,0.433,0.203,,,0.101,,0.412,0.268,,,,0.103,0.126,0.167,,,,0.078,0.49,0.518,0.496,,,,0.241,,0.098,,,,,,0.215,0.175,,,,0.203,0.162,0.056,0.123,,,,0.107,0.168,0.157,,0.344,,,,,,0.1,,,,,0.138,0.072,0.248,0.608,0.037,0.101,0.471,0.26,0.46,0.071,0.174,0.124,,,0.197,,,0.095,0.027,0.016,,0.074,0.196,,,,,,,,0.25,,0.1,0.803,,,0.025,,0.1,,0.099,0.162,0.1,0.163,0.141,0.364,0.611,0.33,0.177,0.16,0.134,,0.62,,,,,,,,0.334,0.228,0.109,0.143,0.383,,,,,0.108,0.264,0.55,,,0.534,0.614,,0.145,0.157,0.196,0.64,0.638,0.16,0.139,0.608,0.186,,,0.223,,,,,0.165,,,,0.167,,0.105,,0.22,0.119,0.122,0.096,,,,0.431,0.086,,,0.127,0.118
162,14055420,,0.568,0.571,,,,0.253,,,,,0.149,0.204,,0.225,0.1,,0.156,,,,,,,,0.41,,0.433,0.203,,,0.1,,0.412,0.27,,,,0.103,0.126,0.166,,,,0.078,0.49,0.518,0.496,,,,0.241,,0.098,,,,,,0.214,0.175,,,,0.203,0.161,0.056,0.124,,,,0.107,0.168,0.157,,0.343,,,,,,0.1,,,,,0.139,0.072,0.24,0.613,0.037,0.101,0.217,0.265,0.459,0.071,0.173,0.124,,,0.197,,,0.096,0.027,0.016,,0.041,0.196,,,,,,,,0.247,,0.099,0.794,,,0.025,,0.099,,0.099,0.162,0.099,0.164,0.141,0.364,0.601,0.33,0.175,0.159,0.134,,0.62,,,,,,,,0.327,0.215,0.109,0.143,0.383,,,,,0.108,0.264,0.55,,,0.534,0.614,,0.146,0.156,0.196,0.64,0.638,0.16,0.139,0.611,0.185,,,0.22,,,,,0.166,,,,0.165,,0.105,,0.257,0.12,0.121,0.096,,,,0.429,0.086,,,0.127,0.118
162,14055480,,0.568,0.571,,,,0.253,,,,,0.15,0.211,,0.225,0.082,,0.154,,,,,,,,0.409,,0.417,0.203,,,0.1,,0.412,0.271,,,,0.103,0.125,0.166,,,,0.078,0.49,0.518,0.496,,,,0.241,,0.097,,,,,,0.209,0.175,,,,0.203,0.162,0.056,0.124,,,,0.108,0.169,0.157,,0.341,,,,,,0.101,,,,,0.14,0.071,0.246,0.607,0.038,0.101,0.268,0.264,0.476,0.071,0.173,0.123,,,0.197,,,0.096,0.042,0.032,,0.04,0.196,,,,,,,,0.245,,0.099,0.79,,,0.025,,0.101,,0.099,0.162,0.1,0.164,0.142,0.364,0.602,0.36,0.178,0.154,0.133,,0.619,,,,,,,,0.311,0.207,0.109,0.143,0.383,,,,,0.108,0.263,0.55,,,0.534,0.614,,0.145,0.157,0.196,0.64,0.638,0.16,0.139,0.608,0.183,,,0.221,,,,,0.164,,,,0.164,,0.104,,0.26,0.12,0.121,0.097,,,,0.43,0.085,,,0.127,0.118
162,14055540,,0.568,0.57,,,,0.253,,,,,0.144,0.211,,0.225,0.075,,0.153,,,,,,,,0.409,,0.413,0.203,,,0.101,,0.412,0.27,,,,0.103,0.125,0.165,,,,0.078,0.49,0.518,0.496,,,,0.241,,0.097,,,,,,0.205,0.175,,,,0.203,0.161,0.056,0.124,,,,0.106,0.168,0.157,,0.339,,,,,,0.101,,,,,0.141,0.071,0.245,0.613,0.038,0.101,0.318,0.259,0.477,0.071,0.174,0.123,,,0.197,,,0.096,0.052,0.074,,0.04,0.196,,,,,,,,0.247,,0.1,0.79,,,0.025,,0.101,,0.099,0.163,0.1,0.162,0.142,0.364,0.604,0.348,0.176,0.154,0.133,,0.62,,,,,,,,0.306,0.205,0.109,0.143,0.385,,,,,0.108,0.263,0.55,,,0.534,0.614,,0.145,0.157,0.196,0.64,0.638,0.16,0.139,0.604,0.186,,,0.222,,,,,0.164,,,,0.164,,0.105,,0.26,0.118,0.12,0.097,,,,0.431,0.085,,,0.127,0.118
162,14055600,,0.568,0.57,,,,0.253,,,,,0.142,0.209,,0.225,0.107,,0.153,,,,,,,,0.41,,0.428,0.203,,,0.101,,0.413,0.27,,,,0.103,0.125,0.165,,,,0.078,0.487,0.518,0.496,,,,0.241,,0.098,,,,,,0.214,0.175,,,,0.203,0.162,0.056,0.125,,,,0.107,0.168,0.157,,0.337,,,,,,0.101,,,,,0.144,0.071,0.25,0.616,0.038,0.101,0.318,0.263,0.467,0.071,0.174,0.125,,,0.197,,,0.095,0.03,0.016,,0.064,0.196,,,,,,,,0.265,,0.1,0.798,,,0.025,,0.1,,0.099,0.164,0.099,0.163,0.142,0.364,0.606,0.334,0.177,0.154,0.134,,0.62,,,,,,,,0.306,0.211,0.109,0.143,0.387,,,,,0.109,0.262,0.55,,,0.534,0.614,,0.145,0.156,0.196,0.64,0.638,0.16,0.139,0.603,0.186,,,0.221,,,,,0.164,,,,0.163,,0.105,,0.176,0.118,0.121,0.096,,,,0.432,0.084,,,0.127,0.118
162,14055660,,0.568,0.57,,,,0.253,,,,,0.143,0.215,,0.225,0.096,,0.153,,,,,,,,0.409,,0.43,0.204,,,0.1,,0.413,0.268,,,,0.103,0.125,0.165,,,,0.078,0.487,0.518,0.496,,,,0.241,,0.097,,,,,,0.211,0.175,,,,0.203,0.162,0.056,0.124,,,,0.107,0.168,0.157,,0.339,,,,,,0.1,,,,,0.145,0.071,0.249,0.615,0.037,0.101,0.333,0.263,0.465,0.071,0.175,0.123,,,0.197,,,0.096,0.029,0.023,,0.048,0.196,,,,,,,,0.257,,0.101,0.805,,,0.025,,0.1,,0.099,0.163,0.1,0.164,0.142,0.364,0.597,0.348,0.18,0.154,0.137,,0.62,,,,,,,,0.306,0.209,0.109,0.143,0.384,,,,,0.109,0.262,0.55,,,0.534,0.614,,0.145,0.156,0.196,0.64,0.638,0.16,0.139,0.599,0.188,,,0.222,,,,,0.165,,,,0.163,,0.104,,0.228,0.12,0.122,0.095,,,,0.431,0.084,,,0.127,0.118
162,14055720,,0.568,0.571,,,,0.253,,,,,0.142,0.215,,0.225,0.076,,0.153,,,,,,,,0.408,,0.433,0.203,,,0.101,,0.413,0.267,,,,0.103,0.125,0.169,,,,0.077,0.487,0.518,0.495,,,,0.241,,0.097,,,,,,0.21,0.175,,,,0.203,0.162,0.056,0.124,,,,0.107,0.168,0.157,,0.338,,,,,,0.1,,,,,0.145,0.071,0.247,0.612,0.038,0.101,0.418,0.261,0.465,0.071,0.172,0.125,,,0.197,,,0.096,0.029,0.017,,0.04,0.196,,,,,,,,0.253,,0.1,0.802,,,0.025,,0.1,,0.1,0.163,0.101,0.163,0.143,0.364,0.605,0.344,0.181,0.153,0.139,,0.619,,,,,,,,0.306,0.208,0.109,0.143,0.383,,,,,0.108,0.262,0.549,,,0.535,0.615,,0.145,0.156,0.196,0.64,0.638,0.16,0.139,0.608,0.19,,,0.219,,,,,0.165,,,,0.162,,0.105,,0.258,0.12,0.121,0.096,,,,0.431,0.085,,,0.127,0.118
162,14055780,,0.568,0.571,,,,0.253,,,,,0.157,0.216,,0.225,0.075,,0.153,,,,,,,,0.408,,0.435,0.204,,,0.1,,0.413,0.268,,,,0.102,0.125,0.166,,,,0.077,0.487,0.518,0.495,,,,0.241,,0.099,,,,,,0.211,0.175,,,,0.203,0.162,0.056,0.124,,,,0.107,0.168,0.156,,0.336,,,,,,0.1,,,,,0.145,0.071,0.247,0.613,0.038,0.101,0.459,0.258,0.469,0.071,0.175,0.126,,,0.197,,,0.095,0.03,0.017,,0.04,0.196,,,,,,,,0.261,,0.1,0.807,,,0.024,,0.099,,0.099,0.163,0.1,0.164,0.142,0.364,0.608,0.327,0.181,0.154,0.142,,0.619,,,,,,,,0.34,0.21,0.109,0.143,0.383,,,,,0.108,0.261,0.55,,,0.535,0.614,,0.145,0.157,0.196,0.64,0.638,0.16,0.139,0.614,0.189,,,0.219,,,,,0.166,,,,0.162,,0.105,,0.258,0.119,0.121,0.096,,,,0.431,0.084,,,0.127,0.118
162,14055840,,0.568,0.571,,,,0.253,,,,,0.152,0.202,,0.225,0.098,,0.153,,,,,,,,0.409,,0.425,0.204,,,0.101,,0.413,0.268,,,,0.102,0.126,0.166,,,,0.077,0.487,0.518,0.496,,,,0.241,,0.1,,,,,,0.222,0.175,,,,0.203,0.162,0.055,0.124,,,,0.107,0.168,0.157,,0.337,,,,,,0.1,,,,,0.144,0.071,0.246,0.617,0.037,0.101,0.463,0.261,0.478,0.071,0.172,0.125,,,0.197,,,0.095,0.027,0.016,,0.044,0.197,,,,,,,,0.257,,0.101,0.809,,,0.024,,0.1,,0.099,0.162,0.1,0.165,0.142,0.364,0.613,0.32,0.176,0.154,0.143,,0.619,,,,,,,,0.343,0.212,0.109,0.143,0.382,,,,,0.108,0.261,0.55,,,0.535,0.614,,0.145,0.157,0.196,0.64,0.638,0.16,0.139,0.615,0.19,,,0.227,,,,,0.164,,,,0.162,,0.105,,0.261,0.12,0.122,0.098,,,,0.43,0.084,,,0.127,0.118
162,14055900,,0.568,0.57,,,,0.253,,,,,0.144,0.209,,0.225,0.087,,0.153,,,,,,,,0.409,,0.442,0.204,,,0.1,,0.413,0.267,,,,0.102,0.127,0.165,,,,0.078,0.488,0.518,0.496,,,,0.241,,0.098,,,,,,0.232,0.175,,,,0.203,0.162,0.056,0.125,,,,0.108,0.168,0.157,,0.34,,,,,,0.1,,,,,0.142,0.071,0.245,0.603,0.037,0.101,0.47,0.26,0.466,0.071,0.172,0.125,,,0.197,,,0.095,0.025,0.017,,0.04,0.197,,,,,,,,0.253,,0.1,0.814,,,0.024,,0.101,,0.1,0.168,0.1,0.164,0.142,0.364,0.61,0.325,0.181,0.153,0.134,,0.619,,,,,,,,0.341,0.209,0.109,0.143,0.383,,,,,0.108,0.261,0.521,,,0.535,0.614,,0.145,0.156,0.196,0.64,0.638,0.16,0.139,0.622,0.19,,,0.228,,,,,0.165,,,,0.163,,0.105,,0.261,0.12,0.12,0.1,,,,0.431,0.084,,,0.127,0.118
162,14055960,,0.568,0.57,,,,0.253,,,,,0.143,0.21,,0.225,0.09,,0.153,,,,,,,,0.409,,0.427,0.203,,,0.1,,0.413,0.266,,,,0.102,0.129,0.166,,,,0.078,0.488,0.518,0.496,,,,0.241,,0.099,,,,,,0.246,0.175,,,,0.203,0.162,0.056,0.124,,,,0.108,0.168,0.157,,0.342,,,,,,0.101,,,,,0.142,0.071,0.246,0.615,0.037,0.101,0.468,0.262,0.47,0.071,0.173,0.122,,,0.197,,,0.097,0.025,0.017,,0.04,0.197,,,,,,,,0.254,,0.101,0.814,,,0.024,,0.1,,0.099,0.168,0.1,0.164,0.142,0.364,0.605,0.333,0.176,0.154,0.134,,0.619,,,,,,,,0.341,0.208,0.109,0.143,0.382,,,,,0.108,0.26,0.522,,,0.535,0.615,,0.146,0.156,0.196,0.64,0.638,0.16,0.139,0.616,0.191,,,0.223,,,,,0.164,,,,0.163,,0.104,,0.231,0.12,0.122,0.114,,,,0.431,0.083,,,0.127,0.118
162,14056020,,0.568,0.57,,,,0.253,,,,,0.15,0.227,,0.225,0.08,,0.153,,,,,,,,0.408,,0.426,0.203,,,0.101,,0.414,0.267,,,,0.102,0.127,0.167,,,,0.078,0.488,0.518,0.496,,,,0.241,,0.099,,,,,,0.228,0.176,,,,0.203,0.162,0.056,0.124,,,,0.107,0.168,0.157,,0.341,,,,,,0.101,,,,,0.141,0.071,0.24,0.614,0.037,0.101,0.48,0.259,0.481,0.071,0.172,0.122,,,0.197,,,0.096,0.045,0.073,,0.047,0.197,,,,,,,,0.252,,0.101,0.808,,,0.024,,0.1,,0.099,0.169,0.101,0.164,0.143,0.364,0.606,0.339,0.174,0.154,0.134,,0.619,,,,,,,,0.34,0.205,0.109,0.143,0.382,,,,,0.108,0.26,0.522,,,0.536,0.615,,0.146,0.157,0.196,0.64,0.638,0.16,0.139,0.611,0.191,,,0.22,,,,,0.164,,,,0.164,,0.105,,0.166,0.119,0.122,0.112,,,,0.43,0.084,,,0.127,0.118
162,14056080,,0.568,0.571,,,,0.253,,,,,0.141,0.235,,0.225,0.107,,0.153,,,,,,,,0.408,,0.421,0.204,,,0.101,,0.414,0.268,,,,0.102,0.127,0.167,,,,0.077,0.488,0.518,0.496,,,,0.241,,0.1,,,,,,0.213,0.175,,,,0.203,0.162,0.056,0.124,,,,0.108,0.168,0.157,,0.339,,,,,,0.102,,,,,0.139,0.071,0.242,0.622,0.037,0.101,0.478,0.26,0.485,0.071,0.174,0.127,,,0.197,,,0.095,0.023,0.018,,0.039,0.197,,,,,,,,0.254,,0.101,0.806,,,0.025,,0.1,,0.099,0.17,0.099,0.164,0.143,0.364,0.62,0.32,0.177,0.154,0.134,,0.619,,,,,,,,0.339,0.21,0.109,0.143,0.383,,,,,0.108,0.26,0.522,,,0.536,0.615,,0.146,0.157,0.195,0.64,0.638,0.16,0.139,0.6,0.189,,,0.214,,,,,0.166,,,,0.164,,0.105,,0.154,0.119,0.121,0.108,,,,0.431,0.084,,,0.127,0.118
162,14056140,,0.568,0.571,,,,0.253,,,,,0.145,0.245,,0.225,0.088,,0.153,,,,,,,,0.408,,0.419,0.204,,,0.1,,0.414,0.27,,,,0.102,0.126,0.166,,,,0.078,0.489,0.518,0.496,,,,0.241,,0.099,,,,,,0.209,0.175,,,,0.203,0.162,0.056,0.125,,,,0.108,0.168,0.157,,0.337,,,,,,0.1,,,,,0.14,0.071,0.241,0.621,0.037,0.101,0.485,0.263,0.475,0.071,0.172,0.124,,,0.197,,,0.096,0.043,0.062,,0.044,0.197,,,,,,,,0.262,,0.1,0.805,,,0.025,,0.101,,0.099,0.161,0.1,0.164,0.143,0.364,0.615,0.333,0.178,0.154,0.134,,0.619,,,,,,,,0.342,0.206,0.109,0.143,0.381,,,,,0.108,0.26,0.55,,,0.536,0.615,,0.145,0.156,0.195,0.64,0.638,0.16,0.139,0.6,0.188,,,0.213,,,,,0.166,,,,0.163,,0.104,,0.166,0.118,0.121,0.099,,,,0.432,0.084,,,0.127,0.118
162,14056200,,0.569,0.571,,,,0.253,,,,,0.144,0.252,,0.225,0.096,,0.153,,,,,,,,0.408,,0.421,0.204,,,0.101,,0.414,0.272,,,,0.102,0.126,0.165,,,,0.077,0.49,0.518,0.496,,,,0.241,,0.1,,,,,,0.21,0.175,,,,0.203,0.162,0.056,0.124,,,,0.108,0.168,0.157,,0.345,,,,,,0.101,,,,,0.142,0.071,0.248,0.614,0.037,0.101,0.484,0.261,0.475,0.071,0.171,0.123,,,0.197,,,0.096,0.028,0.016,,0.044,0.197,,,,,,,,0.259,,0.101,0.806,,,0.025,,0.101,,0.099,0.162,0.1,0.164,0.144,0.364,0.622,0.329,0.179,0.155,0.134,,0.619,,,,,,,,0.357,0.21,0.109,0.143,0.383,,,,,0.11,0.259,0.55,,,0.536,0.615,,0.146,0.157,0.195,0.64,0.638,0.16,0.139,0.595,0.187,,,0.216,,,,,0.164,,,,0.165,,0.105,,0.12,0.119,0.122,0.097,,,,0.431,0.083,,,0.127,0.118
162,14056260,,0.568,0.57,,,,0.253,,,,,0.148,0.244,,0.226,0.086,,0.153,,,,,,,,0.408,,0.419,0.204,,,0.101,,0.414,0.275,,,,0.103,0.126,0.166,,,,0.077,0.49,0.518,0.496,,,,0.241,,0.1,,,,,,0.212,0.175,,,,0.203,0.162,0.056,0.124,,,,0.107,0.168,0.157,,0.348,,,,,,0.101,,,,,0.14,0.071,0.243,0.624,0.037,0.101,0.484,0.259,0.496,0.071,0.174,0.125,,,0.197,,,0.097,0.065,0.142,,0.044,0.197,,,,,,,,0.273,,0.101,0.805,,,0.025,,0.099,,0.099,0.163,0.1,0.164,0.144,0.364,0.611,0.315,0.179,0.154,0.134,,0.62,,,,,,,,0.351,0.206,0.109,0.143,0.387,,,,,0.11,0.259,0.55,,,0.536,0.615,,0.146,0.157,0.195,0.64,0.638,0.16,0.139,0.601,0.187,,,0.216,,,,,0.164,,,,0.164,,0.105,,0.154,0.119,0.122,0.096,,,,0.431,0.083,,,0.127,0.118
162,14056320,,0.568,0.57,,,,0.253,,,,,0.144,0.243,,0.226,0.084,,0.153,,,,,,,,0.408,,0.419,0.204,,,0.101,,0.414,0.274,,,,0.103,0.126,0.166,,,,0.078,0.491,0.518,0.496,,,,0.241,,0.101,,,,,,0.209,0.175,,,,0.203,0.161,0.056,0.125,,,,0.108,0.169,0.157,,0.351,,,,,,0.102,,,,,0.139,0.071,0.247,0.617,0.037,0.101,0.389,0.26,0.488,0.071,0.176,0.127,,,0.197,,,0.096,0.03,0.017,,0.039,0.197,,,,,,,,0.255,,0.101,0.806,,,0.025,,0.1,,0.099,0.163,0.099,0.165,0.146,0.364,0.604,0.326,0.18,0.155,0.134,,0.619,,,,,,,,0.337,0.208,0.109,0.143,0.389,,,,,0.109,0.259,0.55,,,0.536,0.615,,0.143,0.157,0.195,0.64,0.638,0.16,0.139,0.61,0.185,,,0.212,,,,,0.164,,,,0.164,,0.105,,0.179,0.12,0.121,0.096,,,,0.429,0.083,,,0.127,0.118
162,14056380,,0.569,0.57,,,,0.253,,,,,0.151,0.245,,0.226,0.082,,0.154,,,,,,,,0.408,,0.437,0.204,,,0.1,,0.414,0.272,,,,0.103,0.126,0.166,,,,0.078,0.49,0.518,0.496,,,,0.241,,0.099,,,,,,0.215,0.175,,,,0.203,0.162,0.056,0.129,,,,0.108,0.169,0.157,,0.348,,,,,,0.1,,,,,0.14,0.071,0.244,0.623,0.037,0.101,0.257,0.262,0.487,0.071,0.173,0.124,,,0.197,,,0.097,0.024,0.016,,0.039,0.196,,,,,,,,0.253,,0.1,0.813,,,0.025,,0.101,,0.1,0.162,0.1,0.164,0.145,0.364,0.609,0.329,0.179,0.155,0.134,,0.619,,,,,,,,0.337,0.205,0.109,0.143,0.386,,,,,0.109,0.258,0.55,,,0.536,0.615,,0.143,0.156,0.195,0.64,0.638,0.16,0.139,0.612,0.185,,,0.213,,,,,0.165,,,,0.164,,0.105,,0.216,0.12,0.121,0.095,,,,0.428,0.083,,,0.127,0.118
162,14056440,,0.568,0.57,,,,0.253,,,,,0.144,0.248,,0.226,0.084,,0.154,,,,,,,,0.409,,0.434,0.204,,,0.102,,0.414,0.272,,,,0.103,0.126,0.166,,,,0.078,0.491,0.518,0.496,,,,0.241,,0.098,,,,,,0.215,0.175,,,,0.203,0.162,0.056,0.132,,,,0.107,0.169,0.157,,0.345,,,,,,0.101,,,,,0.143,0.071,0.249,0.623,0.037,0.101,0.33,0.265,0.48,0.071,0.174,0.126,,,0.197,,,0.097,0.083,0.154,,0.057,0.196,,,,,,,,0.249,,0.1,0.808,,,0.025,,0.101,,0.099,0.163,0.099,0.164,0.145,0.364,0.622,0.33,0.177,0.154,0.134,,0.62,,,,,,,,0.338,0.203,0.109,0.143,0.385,,,,,0.109,0.257,0.55,,,0.536,0.615,,0.143,0.156,0.195,0.64,0.638,0.16,0.139,0.607,0.184,,,0.217,,,,,0.164,,,,0.163,,0.106,,0.238,0.119,0.121,0.096,,,,0.429,0.083,,,0.127,0.119
162,14056500,,0.568,0.57,,,,0.253,,,,,0.143,0.247,,0.226,0.092,,0.154,,,,,,,,0.409,,0.422,0.204,,,0.102,,0.415,0.272,,,,0.103,0.125,0.166,,,,0.078,0.489,0.518,0.496,,,,0.241,,0.099,,,,,,0.215,0.175,,,,0.203,0.161,0.056,0.121,,,,0.107,0.169,0.158,,0.342,,,,,,0.101,,,,,0.144,0.071,0.247,0.626,0.037,0.101,0.348,0.267,0.483,0.071,0.172,0.123,,,0.197,,,0.097,0.034,0.052,,0.039,0.196,,,,,,,,0.25,,0.1,0.808,,,0.025,,0.1,,0.099,0.162,0.101,0.165,0.145,0.364,0.629,0.331,0.178,0.155,0.135,,0.62,,,,,,,,0.327,0.212,0.109,0.143,0.389,,,,,0.109,0.257,0.551,,,0.536,0.615,,0.144,0.157,0.195,0.64,0.638,0.16,0.139,0.607,0.184,,,0.212,,,,,0.165,,,,0.163,,0.105,,0.253,0.12,0.122,0.096,,,,0.428,0.079,,,0.127,0.119
162,14056560,,0.568,0.57,,,,0.253,,,,,0.145,0.241,,0.225,0.071,,0.153,,,,,,,,0.409,,0.425,0.204,,,0.101,,0.415,0.272,,,,0.103,0.125,0.167,,,,0.078,0.489,0.518,0.496,,,,0.241,,0.099,,,,,,0.217,0.175,,,,0.203,0.162,0.056,0.123,,,,0.108,0.169,0.159,,0.34,,,,,,0.1,,,,,0.145,0.071,0.244,0.616,0.037,0.101,0.357,0.263,0.479,0.071,0.173,0.124,,,0.197,,,0.096,0.066,0.137,,0.043,0.196,,,,,,,,0.255,,0.101,0.805,,,0.025,,0.101,,0.099,0.162,0.1,0.164,0.145,0.365,0.621,0.319,0.18,0.155,0.134,,0.62,,,,,,,,0.322,0.213,0.11,0.143,0.387,,,,,0.109,0.256,0.551,,,0.536,0.615,,0.143,0.156,0.196,0.64,0.638,0.16,0.139,0.609,0.184,,,0.211,,,,,0.166,,,,0.163,,0.105,,0.259,0.12,0.123,0.095,,,,0.428,0.079,,,0.127,0.119
162,14056620,,0.568,0.57,,,,0.253,,,,,0.153,0.233,,0.225,0.073,,0.154,,,,,,,,0.409,,0.427,0.204,,,0.102,,0.415,0.271,,,,0.103,0.125,0.167,,,,0.077,0.489,0.518,0.496,,,,0.241,,0.1,,,,,,0.211,0.175,,,,0.203,0.162,0.056,0.123,,,,0.107,0.168,0.157,,0.338,,,,,,0.101,,,,,0.14,0.071,0.246,0.628,0.037,0.101,0.439,0.263,0.469,0.071,0.172,0.124,,,0.197,,,0.097,0.023,0.022,,0.039,0.196,,,,,,,,0.254,,0.099,0.809,,,0.025,,0.101,,0.1,0.163,0.1,0.164,0.145,0.365,0.611,0.348,0.181,0.155,0.134,,0.62,,,,,,,,0.314,0.203,0.11,0.143,0.384,,,,,0.109,0.256,0.551,,,0.536,0.615,,0.143,0.156,0.195,0.64,0.638,0.16,0.139,0.619,0.184,,,0.212,,,,,0.166,,,,0.163,,0.104,,0.261,0.122,0.122,0.095,,,,0.429,0.08,,,0.127,0.119
162,14056680,,0.568,0.571,,,,0.253,,,,,0.144,0.227,,0.224,0.078,,0.153,,,,,,,,0.409,,0.43,0.204,,,0.103,,0.415,0.27,,,,0.103,0.125,0.166,,,,0.076,0.489,0.518,0.496,,,,0.241,,0.098,,,,,,0.211,0.175,,,,0.203,0.162,0.056,0.123,,,,0.107,0.168,0.157,,0.337,,,,,,0.102,,,,,0.138,0.071,0.246,0.631,0.037,0.101,0.453,0.259,0.46,0.071,0.173,0.122,,,0.197,,,0.097,0.064,0.066,,0.064,0.196,,,,,,,,0.242,,0.1,0.809,,,0.025,,0.101,,0.098,0.162,0.101,0.164,0.147,0.365,0.626,0.334,0.181,0.155,0.133,,0.62,,,,,,,,0.309,0.204,0.11,0.143,0.385,,,,,0.109,0.256,0.55,,,0.536,0.615,,0.144,0.156,0.196,0.64,0.638,0.16,0.139,0.625,0.183,,,0.216,,,,,0.165,,,,0.163,,0.104,,0.261,0.119,0.123,0.096,,,,0.429,0.082,,,0.127,0.119
162,14056740,,0.568,0.571,,,,0.253,,,,,0.144,0.219,,0.224,0.083,,0.153,,,,,,,,0.407,,0.429,0.205,,,0.103,,0.415,0.267,,,,0.103,0.125,0.166,,,,0.077,0.489,0.518,0.496,,,,0.241,,0.098,,,,,,0.211,0.175,,,,0.203,0.162,0.056,0.124,,,,0.107,0.169,0.157,,0.341,,,,,,0.102,,,,,0.142,0.072,0.247,0.624,0.037,0.101,0.458,0.263,0.469,0.071,0.173,0.123,,,0.197,,,0.096,0.028,0.019,,0.066,0.196,,,,,,,,0.249,,0.101,0.81,,,0.025,,0.1,,0.099,0.163,0.101,0.164,0.146,0.365,0.619,0.348,0.178,0.154,0.134,,0.62,,,,,,,,0.304,0.203,0.11,0.143,0.384,,,,,0.109,0.256,0.55,,,0.536,0.615,,0.144,0.156,0.195,0.64,0.638,0.16,0.14,0.622,0.185,,,0.219,,,,,0.168,,,,0.163,,0.104,,0.259,0.12,0.123,0.098,,,,0.43,0.084,,,0.127,0.119
162,14056800,,0.568,0.571,,,,0.253,,,,,0.147,0.211,,0.224,0.096,,0.153,,,,,,,,0.408,,0.425,0.205,,,0.101,,0.415,0.268,,,,0.102,0.125,0.166,,,,0.077,0.489,0.518,0.496,,,,0.241,,0.098,,,,,,0.211,0.175,,,,0.203,0.162,0.056,0.125,,,,0.108,0.169,0.157,,0.341,,,,,,0.101,,,,,0.143,0.072,0.245,0.63,0.037,0.101,0.465,0.263,0.46,0.071,0.175,0.127,,,0.197,,,0.096,0.026,0.015,,0.039,0.196,,,,,,,,0.245,,0.101,0.809,,,0.025,,0.101,,0.099,0.163,0.1,0.164,0.145,0.365,0.626,0.332,0.177,0.154,0.134,,0.62,,,,,,,,0.298,0.206,0.11,0.143,0.386,,,,,0.109,0.255,0.55,,,0.536,0.615,,0.148,0.156,0.196,0.64,0.638,0.16,0.14,0.62,0.186,,,0.223,,,,,0.165,,,,0.163,,0.105,,0.255,0.12,0.122,0.098,,,,0.43,0.085,,,0.127,0.119
162,14056860,,0.568,0.57,,,,0.253,,,,,0.151,0.206,,0.224,0.094,,0.153,,,,,,,,0.408,,0.431,0.205,,,0.102,,0.415,0.271,,,,0.102,0.125,0.166,,,,0.077,0.488,0.518,0.496,,,,0.241,,0.097,,,,,,0.222,0.175,,,,0.203,0.163,0.056,0.124,,,,0.107,0.169,0.157,,0.341,,,,,,0.102,,,,,0.141,0.071,0.241,0.628,0.037,0.101,0.358,0.264,0.459,0.071,0.172,0.126,,,0.197,,,0.097,0.03,0.054,,0.039,0.196,,,,,,,,0.256,,0.1,0.809,,,0.026,,0.101,,0.1,0.162,0.101,0.165,0.145,0.365,0.628,0.335,0.179,0.155,0.134,,0.62,,,,,,,,0.296,0.204,0.11,0.143,0.387,,,,,0.109,0.255,0.55,,,0.536,0.615,,0.148,0.156,0.195,0.64,0.638,0.16,0.14,0.612,0.186,,,0.227,,,,,0.165,,,,0.162,,0.104,,0.249,0.121,0.121,0.097,,,,0.429,0.085,,,0.127,0.118
162,14056920,,0.568,0.571,,,,0.253,,,,,0.148,0.211,,0.224,0.08,,0.153,,,,,,,,0.408,,0.428,0.205,,,0.102,,0.416,0.271,,,,0.102,0.126,0.167,,,,0.076,0.489,0.518,0.496,,,,0.241,,0.098,,,,,,0.222,0.175,,,,0.203,0.162,0.056,0.123,,,,0.107,0.168,0.157,,0.34,,,,,,0.102,,,,,0.138,0.072,0.246,0.627,0.037,0.101,0.33,0.256,0.455,0.071,0.173,0.124,,,0.197,,,0.096,0.023,0.016,,0.039,0.196,,,,,,,,0.249,,0.101,0.804,,,0.025,,0.101,,0.099,0.162,0.101,0.165,0.145,0.365,0.62,0.346,0.175,0.163,0.134,,0.62,,,,,,,,0.292,0.204,0.11,0.143,0.385,,,,,0.109,0.255,0.55,,,0.536,0.615,,0.144,0.156,0.195,0.641,0.638,0.16,0.14,0.608,0.189,,,0.233,,,,,0.166,,,,0.163,,0.104,,0.246,0.12,0.122,0.096,,,,0.428,0.084,,,0.127,0.118
162,14056980,,0.569,0.571,,,,0.253,,,,,0.155,0.221,,0.225,0.089,,0.153,,,,,,,,0.408,,0.413,0.205,,,0.102,,0.416,0.27,,,,0.102,0.125,0.166,,,,0.077,0.489,0.518,0.496,,,,0.241,,0.099,,,,,,0.221,0.175,,,,0.203,0.163,0.056,0.123,,,,0.107,0.168,0.157,,0.338,,,,,,0.102,,,,,0.139,0.072,0.241,0.618,0.037,0.101,0.384,0.257,0.469,0.071,0.175,0.125,,,0.197,,,0.097,0.028,0.016,,0.039,0.197,,,,,,,,0.244,,0.1,0.81,,,0.025,,0.101,,0.099,0.163,0.101,0.164,0.145,0.365,0.628,0.347,0.178,0.164,0.135,,0.62,,,,,,,,0.289,0.204,0.11,0.143,0.383,,,,,0.109,0.254,0.55,,,0.536,0.615,,0.144,0.156,0.195,0.641,0.638,0.16,0.14,0.615,0.189,,,0.234,,,,,0.165,,,,0.163,,0.105,,0.206,0.119,0.123,0.095,,,,0.428,0.084,,,0.127,0.118
162,14057040,,0.569,0.571,,,,0.253,,,,,0.149,0.215,,0.224,0.091,,0.153,,,,,,,,0.408,,0.424,0.205,,,0.101,,0.416,0.27,,,,0.102,0.125,0.167,,,,0.077,0.489,0.518,0.496,,,,0.241,,0.099,,,,,,0.22,0.175,,,,0.203,0.162,0.056,0.124,,,,0.108,0.168,0.156,,0.338,,,,,,0.1,,,,,0.138,0.072,0.246,0.632,0.037,0.101,0.421,0.259,0.469,0.071,0.176,0.124,,,0.197,,,0.097,0.067,0.147,,0.039,0.197,,,,,,,,0.243,,0.1,0.818,,,0.025,,0.102,,0.099,0.162,0.1,0.164,0.145,0.365,0.63,0.334,0.178,0.165,0.134,,0.62,,,,,,,,0.281,0.203,0.11,0.143,0.383,,,,,0.109,0.254,0.55,,,0.536,0.615,,0.144,0.157,0.196,0.64,0.638,0.16,0.14,0.612,0.191,,,0.234,,,,,0.167,,,,0.163,,0.105,,0.175,0.12,0.121,0.095,,,,0.429,0.085,,,0.127,0.118
162,14057100,,0.568,0.57,,,,0.253,,,,,0.148,0.217,,0.224,0.097,,0.153,,,,,,,,0.408,,0.425,0.205,,,0.101,,0.416,0.269,,,,0.102,0.126,0.168,,,,0.076,0.49,0.518,0.496,,,,0.241,,0.098,,,,,,0.228,0.175,,,,0.203,0.162,0.056,0.123,,,,0.108,0.169,0.157,,0.337,,,,,,0.1,,,,,0.142,0.072,0.244,0.634,0.037,0.101,0.431,0.265,0.466,0.071,0.174,0.124,,,0.197,,,0.098,0.046,0.047,,0.039,0.197,,,,,,,,0.264,,0.101,0.823,,,0.025,,0.102,,0.1,0.161,0.101,0.164,0.144,0.365,0.613,0.321,0.183,0.155,0.134,,0.62,,,,,,,,0.279,0.204,0.11,0.143,0.386,,,,,0.109,0.254,0.55,,,0.537,0.615,,0.143,0.157,0.196,0.64,0.638,0.16,0.14,0.606,0.191,,,0.23,,,,,0.166,,,,0.163,,0.105,,0.2,0.12,0.121,0.102,,,,0.429,0.085,,,0.127,0.118
162,14057160,,0.568,0.57,,,,0.253,,,,,0.148,0.212,,0.225,0.098,,0.153,,,,,,,,0.408,,0.423,0.206,,,0.103,,0.416,0.27,,,,0.103,0.128,0.168,,,,0.076,0.49,0.518,0.496,,,,0.241,,0.098,,,,,,0.257,0.175,,,,0.203,0.162,0.056,0.123,,,,0.108,0.169,0.157,,0.337,,,,,,0.102,,,,,0.137,0.071,0.247,0.631,0.037,0.101,0.381,0.266,0.471,0.071,0.173,0.124,,,0.197,,,0.097,0.023,0.016,,0.041,0.196,,,,,,,,0.267,,0.101,0.821,,,0.025,,0.101,,0.098,0.163,0.101,0.165,0.144,0.365,0.611,0.332,0.182,0.154,0.135,,0.62,,,,,,,,0.274,0.203,0.11,0.143,0.387,,,,,0.109,0.254,0.55,,,0.537,0.615,,0.144,0.156,0.195,0.64,0.638,0.16,0.14,0.608,0.19,,,0.229,,,,,0.166,,,,0.163,,0.104,,0.189,0.12,0.122,0.115,,,,0.429,0.085,,,0.127,0.118
162,14057220,,0.568,0.57,,,,0.254,,,,,0.148,0.217,,0.225,0.084,,0.153,,,,,,,,0.408,,0.423,0.205,,,0.104,,0.416,0.27,,,,0.103,0.126,0.168,,,,0.076,0.49,0.518,0.496,,,,0.241,,0.098,,,,,,0.243,0.175,,,,0.203,0.163,0.056,0.124,,,,0.108,0.168,0.157,,0.341,,,,,,0.102,,,,,0.143,0.072,0.251,0.63,0.037,0.101,0.395,0.264,0.455,0.071,0.173,0.124,,,0.197,,,0.097,0.023,0.016,,0.05,0.196,,,,,,,,0.257,,0.101,0.824,,,0.025,,0.1,,0.099,0.161,0.101,0.165,0.143,0.365,0.596,0.334,0.178,0.155,0.134,,0.62,,,,,,,,0.27,0.203,0.11,0.143,0.384,,,,,0.109,0.253,0.55,,,0.537,0.615,,0.145,0.156,0.195,0.64,0.638,0.16,0.14,0.615,0.189,,,0.228,,,,,0.166,,,,0.164,,0.105,,0.197,0.12,0.122,0.115,,,,0.429,0.085,,,0.127,0.119
162,14057280,,0.568,0.571,,,,0.254,,,,,0.148,0.217,,0.225,0.084,,0.153,,,,,,,,0.408,,0.408,0.205,,,0.102,,0.416,0.272,,,,0.104,0.126,0.167,,,,0.076,0.491,0.518,0.496,,,,0.241,,0.099,,,,,,0.226,0.175,,,,0.203,0.163,0.056,0.125,,,,0.108,0.169,0.157,,0.34,,,,,,0.1,,,,,0.138,0.072,0.246,0.638,0.037,0.101,0.423,0.267,0.466,0.071,0.173,0.126,,,0.197,,,0.098,0.058,0.111,,0.166,0.196,,,,,,,,0.265,,0.1,0.824,,,0.025,,0.101,,0.1,0.163,0.1,0.164,0.143,0.365,0.607,0.349,0.179,0.156,0.134,,0.62,,,,,,,,0.265,0.203,0.11,0.143,0.383,,,,,0.108,0.253,0.55,,,0.537,0.615,,0.144,0.157,0.195,0.64,0.638,0.16,0.14,0.626,0.186,,,0.223,,,,,0.166,,,,0.164,,0.104,,0.211,0.121,0.121,0.112,,,,0.429,0.086,,,0.127,0.119
162,14057340,,0.568,0.571,,,,0.254,,,,,0.15,0.232,,0.226,0.081,,0.153,,,,,,,,0.407,,0.409,0.206,,,0.1,,0.416,0.271,,,,0.104,0.126,0.168,,,,0.076,0.491,0.518,0.496,,,,0.241,,0.098,,,,,,0.213,0.175,,,,0.203,0.163,0.056,0.123,,,,0.109,0.169,0.157,,0.339,,,,,,0.101,,,,,0.141,0.072,0.24,0.637,0.038,0.101,0.433,0.261,0.459,0.071,0.174,0.125,,,0.197,,,0.098,0.033,0.016,,0.041,0.196,,,,,,,,0.255,,0.102,0.823,,,0.025,,0.102,,0.098,0.163,0.101,0.165,0.143,0.365,0.612,0.333,0.174,0.154,0.135,,0.621,,,,,,,,0.264,0.2,0.11,0.143,0.382,,,,,0.108,0.253,0.55,,,0.537,0.615,,0.143,0.156,0.195,0.64,0.638,0.16,0.139,0.628,0.185,,,0.223,,,,,0.166,,,,0.164,,0.105,,0.22,0.12,0.122,0.101,,,,0.429,0.085,,,0.127,0.119
162,14057400,,0.568,0.571,,,,0.254,,,,,0.15,0.216,,0.226,0.112,,0.153,,,,,,,,0.407,,0.421,0.205,,,0.102,,0.416,0.269,,,,0.103,0.126,0.168,,,,0.076,0.49,0.518,0.496,,,,0.241,,0.099,,,,,,0.218,0.175,,,,0.203,0.163,0.056,0.123,,,,0.107,0.169,0.157,,0.338,,,,,,0.101,,,,,0.143,0.072,0.243,0.631,0.038,0.101,0.438,0.265,0.47,0.071,0.173,0.124,,,0.197,,,0.097,0.064,0.112,,0.042,0.196,,,,,,,,0.267,,0.101,0.824,,,0.025,,0.102,,0.099,0.162,0.101,0.165,0.144,0.365,0.632,0.337,0.175,0.156,0.135,,0.621,,,,,,,,0.266,0.208,0.11,0.143,0.387,,,,,0.109,0.253,0.55,,,0.537,0.615,,0.144,0.156,0.195,0.64,0.638,0.16,0.139,0.616,0.186,,,0.222,,,,,0.165,,,,0.163,,0.105,,0.227,0.12,0.122,0.098,,,,0.428,0.086,,,0.127,0.119
162,14057460,,0.568,0.57,,,,0.254,,,,,0.157,0.206,,0.226,0.106,,0.153,,,,,,,,0.407,,0.421,0.205,,,0.1,,0.417,0.269,,,,0.103,0.126,0.167,,,,0.076,0.489,0.518,0.496,,,,0.241,,0.099,,,,,,0.215,0.175,,,,0.203,0.163,0.056,0.124,,,,0.107,0.169,0.157,,0.34,,,,,,0.102,,,,,0.144,0.072,0.245,0.627,0.038,0.101,0.461,0.261,0.47,0.071,0.173,0.123,,,0.197,,,0.096,0.028,0.016,,0.043,0.196,,,,,,,,0.259,,0.101,0.825,,,0.025,,0.101,,0.099,0.162,0.102,0.165,0.144,0.365,0.623,0.355,0.173,0.156,0.134,,0.62,,,,,,,,0.263,0.204,0.11,0.143,0.388,,,,,0.109,0.252,0.551,,,0.537,0.615,,0.145,0.156,0.195,0.64,0.638,0.16,0.139,0.612,0.186,,,0.219,,,,,0.166,,,,0.163,,0.106,,0.231,0.121,0.121,0.098,,,,0.427,0.085,,,0.127,0.119
162,14057520,,0.569,0.57,,,,0.254,,,,,0.153,0.208,,0.226,0.09,,0.154,,,,,,,,0.407,,0.426,0.206,,,0.101,,0.417,0.269,,,,0.103,0.126,0.168,,,,0.077,0.489,0.518,0.496,,,,0.241,,0.1,,,,,,0.208,0.175,,,,0.203,0.163,0.056,0.125,,,,0.108,0.169,0.157,,0.344,,,,,,0.101,,,,,0.145,0.072,0.242,0.636,0.038,0.101,0.46,0.259,0.462,0.071,0.173,0.127,,,0.197,,,0.097,0.034,0.053,,0.044,0.196,,,,,,,,0.252,,0.1,0.824,,,0.025,,0.102,,0.099,0.162,0.1,0.165,0.145,0.365,0.623,0.35,0.175,0.155,0.134,,0.62,,,,,,,,0.259,0.204,0.11,0.143,0.385,,,,,0.109,0.252,0.551,,,0.537,0.615,,0.144,0.156,0.195,0.64,0.638,0.16,0.139,0.609,0.184,,,0.218,,,,,0.166,,,,0.163,,0.106,,0.229,0.12,0.12,0.098,,,,0.427,0.085,,,0.127,0.119
162,14057580,,0.569,0.571,,,,0.254,,,,,0.155,0.201,,0.225,0.093,,0.153,,,,,,,,0.407,,0.424,0.205,,,0.102,,0.417,0.271,,,,0.103,0.126,0.168,,,,0.077,0.489,0.518,0.496,,,,0.241,,0.098,,,,,,0.207,0.175,,,,0.203,0.163,0.056,0.123,,,,0.108,0.169,0.158,,0.345,,,,,,0.101,,,,,0.14,0.071,0.243,0.628,0.038,0.101,0.462,0.261,0.457,0.071,0.172,0.124,,,0.197,,,0.098,0.026,0.016,,0.045,0.195,,,,,,,,0.268,,0.101,0.824,,,0.025,,0.101,,0.099,0.162,0.1,0.165,0.145,0.365,0.62,0.342,0.176,0.155,0.136,,0.62,,,,,,,,0.257,0.206,0.11,0.143,0.383,,,,,0.109,0.252,0.551,,,0.537,0.615,,0.144,0.156,0.195,0.64,0.638,0.16,0.139,0.603,0.182,,,0.218,,,,,0.166,,,,0.163,,0.105,,0.228,0.12,0.122,0.097,,,,0.429,0.085,,,0.127,0.119
162,14057640,,0.569,0.571,,,,0.254,,,,,0.155,0.196,,0.226,0.097,,0.154,,,,,,,,0.408,,0.435,0.206,,,0.102,,0.417,0.272,,,,0.103,0.126,0.168,,,,0.077,0.489,0.518,0.496,,,,0.241,,0.099,,,,,,0.213,0.175,,,,0.203,0.163,0.056,0.122,,,,0.107,0.169,0.157,,0.341,,,,,,0.102,,,,,0.141,0.071,0.245,0.634,0.038,0.101,0.31,0.263,0.451,0.071,0.173,0.124,,,0.197,,,0.098,0.031,0.017,,0.059,0.195,,,,,,,,0.243,,0.101,0.824,,,0.025,,0.101,,0.099,0.162,0.102,0.166,0.143,0.365,0.626,0.352,0.178,0.156,0.135,,0.62,,,,,,,,0.256,0.203,0.11,0.143,0.384,,,,,0.109,0.252,0.551,,,0.537,0.615,,0.144,0.156,0.195,0.641,0.638,0.16,0.14,0.606,0.185,,,0.22,,,,,0.167,,,,0.164,,0.105,,0.225,0.121,0.122,0.097,,,,0.427,0.085,,,0.127,0.119
162,14057700,,0.568,0.57,,,,0.254,,,,,0.154,0.195,,0.224,0.099,,0.154,,,,,,,,0.408,,0.436,0.204,,,0.101,,0.417,0.271,,,,0.103,0.126,0.167,,,,0.077,0.489,0.518,0.496,,,,0.241,,0.099,,,,,,0.212,0.175,,,,0.203,0.163,0.056,0.124,,,,0.108,0.169,0.157,,0.339,,,,,,0.102,,,,,0.14,0.071,0.245,0.631,0.038,0.101,0.286,0.269,0.454,0.071,0.174,0.124,,,0.197,,,0.097,0.027,0.017,,0.045,0.195,,,,,,,,0.258,,0.102,0.819,,,0.025,,0.101,,0.1,0.162,0.101,0.165,0.143,0.365,0.62,0.339,0.177,0.155,0.135,,0.62,,,,,,,,0.255,0.205,0.11,0.143,0.386,,,,,0.109,0.251,0.551,,,0.537,0.615,,0.144,0.156,0.195,0.64,0.638,0.16,0.14,0.606,0.187,,,0.224,,,,,0.166,,,,0.164,,0.105,,0.221,0.121,0.122,0.097,,,,0.428,0.085,,,0.127,0.118
162,14057760,,0.569,0.57,,,,0.254,,,,,0.155,0.201,,0.224,0.084,,0.153,,,,,,,,0.408,,0.418,0.205,,,0.101,,0.417,0.271,,,,0.103,0.126,0.166,,,,0.077,0.49,0.518,0.496,,,,0.241,,0.099,,,,,,0.209,0.175,,,,0.203,0.163,0.056,0.124,,,,0.108,0.169,0.157,,0.337,,,,,,0.102,,,,,0.14,0.071,0.244,0.625,0.038,0.101,0.349,0.269,0.442,0.071,0.173,0.122,,,0.197,,,0.097,0.054,0.016,,0.073,0.195,,,,,,,,0.259,,0.101,0.823,,,0.025,,0.101,,0.099,0.163,0.101,0.165,0.144,0.365,0.631,0.368,0.176,0.155,0.136,,0.62,,,,,,,,0.255,0.207,0.11,0.143,0.383,,,,,0.109,0.251,0.551,,,0.537,0.615,,0.144,0.157,0.196,0.64,0.638,0.16,0.14,0.594,0.188,,,0.231,,,,,0.167,,,,0.164,,0.104,,0.217,0.12,0.122,0.097,,,,0.429,0.085,,,0.127,0.118
162,14057820,,0.569,0.571,,,,0.254,,,,,0.155,0.197,,0.224,0.079,,0.153,,,,,,,,0.408,,0.42,0.205,,,0.102,,0.417,0.271,,,,0.103,0.126,0.168,,,,0.077,0.49,0.518,0.496,,,,0.241,,0.099,,,,,,0.212,0.175,,,,0.203,0.163,0.056,0.123,,,,0.107,0.169,0.157,,0.336,,,,,,0.103,,,,,0.139,0.072,0.242,0.359,0.038,0.101,0.358,0.264,0.453,0.071,0.172,0.122,,,0.197,,,0.098,0.026,0.016,,0.064,0.195,,,,,,,,0.246,,0.101,0.825,,,0.025,,0.102,,0.099,0.162,0.101,0.165,0.144,0.365,0.627,0.35,0.175,0.156,0.135,,0.62,,,,,,,,0.251,0.204,0.11,0.143,0.383,,,,,0.109,0.251,0.551,,,0.537,0.615,,0.144,0.157,0.196,0.64,0.638,0.16,0.14,0.591,0.188,,,0.231,,,,,0.166,,,,0.163,,0.105,,0.213,0.121,0.122,0.097,,,,0.43,0.085,,,0.127,0.118
162,14057880,,0.568,0.571,,,,0.254,,,,,0.201,0.202,,0.224,0.101,,0.153,,,,,,,,0.408,,0.429,0.205,,,0.103,,0.417,0.272,,,,0.103,0.125,0.168,,,,0.077,0.49,0.518,0.496,,,,0.241,,0.1,,,,,,0.21,0.175,,,,0.203,0.163,0.056,0.123,,,,0.108,0.169,0.157,,0.342,,,,,,0.103,,,,,0.141,0.072,0.241,0.446,0.038,0.101,0.361,0.269,0.457,0.071,0.172,0.122,,,0.197,,,0.097,0.033,0.019,,0.155,0.195,,,,,,,,0.256,,0.101,0.822,,,0.024,,0.102,,0.098,0.162,0.101,0.166,0.144,0.365,0.632,0.349,0.185,0.155,0.134,,0.62,,,,,,,,0.25,0.203,0.11,0.143,0.384,,,,,0.109,0.25,0.551,,,0.537,0.615,,0.146,0.156,0.196,0.64,0.638,0.16,0.14,0.601,0.187,,,0.232,,,,,0.168,,,,0.164,,0.105,,0.216,0.121,0.122,0.097,,,,0.429,0.085,,,0.127,0.118
162,14057940,,0.568,0.571,,,,0.254,,,,,0.194,0.203,,0.226,0.105,,0.153,,,,,,,,0.408,,0.426,0.204,,,0.102,,0.417,0.273,,,,0.103,0.125,0.167,,,,0.077,0.489,0.518,0.496,,,,0.241,,0.099,,,,,,0.215,0.175,,,,0.203,0.163,0.056,0.125,,,,0.108,0.169,0.158,,0.344,,,,,,0.102,,,,,0.14,0.071,0.241,0.455,0.038,0.101,0.401,0.264,0.454,0.071,0.175,0.122,,,0.197,,,0.097,0.029,0.046,,0.047,0.196,,,,,,,,0.246,,0.101,0.823,,,0.024,,0.1,,0.099,0.172,0.1,0.165,0.144,0.365,0.614,0.354,0.176,0.155,0.134,,0.62,,,,,,,,0.249,0.204,0.11,0.143,0.386,,,,,0.109,0.25,0.551,,,0.537,0.615,,0.145,0.156,0.196,0.64,0.638,0.16,0.14,0.606,0.186,,,0.234,,,,,0.166,,,,0.164,,0.104,,0.211,0.122,0.122,0.098,,,,0.43,0.086,,,0.127,0.118
162,14058000,,0.568,0.571,,,,0.254,,,,,0.157,0.225,,0.226,0.131,,0.153,,,,,,,,0.409,,0.436,0.204,,,0.102,,0.417,0.272,,,,0.104,0.126,0.167,,,,0.083,0.491,0.518,0.496,,,,0.241,,0.098,,,,,,0.22,0.175,,,,0.203,0.163,0.056,0.124,,,,0.109,0.17,0.159,,0.369,,,,,,0.103,,,,,0.146,0.071,0.241,0.42,0.038,0.101,0.431,0.275,0.497,0.071,0.176,0.127,,,0.197,,,0.097,0.041,0.045,,0.047,0.196,,,,,,,,0.268,,0.101,0.819,,,0.024,,0.101,,0.099,0.171,0.101,0.166,0.145,0.365,0.626,0.379,0.181,0.155,0.135,,0.62,,,,,,,,0.264,0.218,0.11,0.143,0.397,,,,,0.11,0.25,0.551,,,0.537,0.616,,0.144,0.156,0.197,0.64,0.638,0.16,0.14,0.619,0.186,,,0.236,,,,,0.167,,,,0.169,,0.105,,0.209,0.121,0.122,0.098,,,,0.431,0.085,,,0.127,0.118
162,14058060,,0.568,0.57,,,,0.254,,,,,0.176,0.226,,0.226,0.118,,0.153,,,,,,,,0.408,,0.424,0.205,,,0.102,,0.418,0.271,,,,0.104,0.125,0.168,,,,0.082,0.491,0.519,0.496,,,,0.241,,0.099,,,,,,0.221,0.175,,,,0.203,0.163,0.055,0.123,,,,0.108,0.169,0.158,,0.371,,,,,,0.104,,,,,0.149,0.071,0.248,0.4,0.037,0.101,0.438,0.298,0.493,0.071,0.179,0.129,,,0.197,,,0.098,0.028,0.015,,0.048,0.196,,,,,,,,0.254,,0.1,0.823,,,0.024,,0.101,,0.098,0.172,0.101,0.166,0.144,0.365,0.623,0.373,0.177,0.155,0.134,,0.62,,,,,,,,0.262,0.213,0.11,0.143,0.394,,,,,0.11,0.25,0.551,,,0.537,0.616,,0.144,0.156,0.196,0.641,0.638,0.16,0.141,0.625,0.186,,,0.238,,,,,0.167,,,,0.169,,0.105,,0.201,0.121,0.122,0.098,,,,0.43,0.074,,,0.127,0.118
162,14058120,,0.568,0.571,,,,0.254,,,,,0.159,0.222,,0.226,0.101,,0.153,,,,,,,,0.408,,0.425,0.204,,,0.102,,0.418,0.269,,,,0.103,0.125,0.169,,,,0.08,0.491,0.519,0.496,,,,0.241,,0.101,,,,,,0.212,0.175,,,,0.203,0.163,0.055,0.123,,,,0.109,0.17,0.158,,0.363,,,,,,0.103,,,,,0.161,0.071,0.308,0.429,0.037,0.101,0.443,0.295,0.506,0.071,0.177,0.13,,,0.197,,,0.097,0.031,0.018,,0.215,0.196,,,,,,,,0.267,,0.101,0.816,,,0.024,,0.101,,0.099,0.171,0.102,0.166,0.145,0.365,0.614,0.36,0.179,0.155,0.135,,0.62,,,,,,,,0.255,0.21,0.11,0.143,0.392,,,,,0.109,0.249,0.551,,,0.537,0.616,,0.145,0.156,0.196,0.641,0.638,0.16,0.141,0.626,0.188,,,0.243,,,,,0.166,,,,0.166,,0.103,,0.198,0.121,0.123,0.097,,,,0.429,0.08,,,0.127,0.118
162,14058180,,0.568,0.571,,,,0.255,,,,,0.159,0.227,,0.226,0.108,,0.153,,,,,,,,0.408,,0.435,0.204,,,0.103,,0.418,0.268,,,,0.103,0.125,0.167,,,,0.08,0.491,0.519,0.496,,,,0.241,,0.098,,,,,,0.215,0.175,,,,0.203,0.163,0.055,0.124,,,,0.109,0.169,0.158,,0.358,,,,,,0.103,,,,,0.155,0.071,0.341,0.418,0.037,0.101,0.448,0.306,0.508,0.071,0.182,0.133,,,0.197,,,0.097,0.045,0.05,,0.052,0.196,,,,,,,,0.254,,0.102,0.822,,,0.024,,0.101,,0.099,0.171,0.101,0.165,0.145,0.365,0.634,0.362,0.177,0.156,0.135,,0.62,,,,,,,,0.256,0.21,0.11,0.143,0.391,,,,,0.109,0.249,0.551,,,0.537,0.616,,0.145,0.157,0.196,0.64,0.638,0.16,0.141,0.618,0.186,,,0.243,,,,,0.166,,,,0.163,,0.104,,0.191,0.121,0.123,0.097,,,,0.428,0.08,,,0.127,0.118
162,14058240,,0.568,0.571,,,,0.255,,,,,0.158,0.222,,0.226,0.099,,0.153,,,,,,,,0.408,,0.428,0.204,,,0.102,,0.418,0.266,,,,0.103,0.125,0.167,,,,0.078,0.491,0.519,0.497,,,,0.241,,0.099,,,,,,0.211,0.175,,,,0.203,0.163,0.055,0.123,,,,0.109,0.169,0.158,,0.355,,,,,,0.103,,,,,0.155,0.071,0.373,0.466,0.037,0.101,0.451,0.305,0.509,0.071,0.182,0.134,,,0.197,,,0.098,0.026,0.016,,0.1,0.196,,,,,,,,0.267,,0.101,0.822,,,0.024,,0.102,,0.1,0.172,0.101,0.165,0.145,0.365,0.616,0.363,0.179,0.155,0.133,,0.619,,,,,,,,0.257,0.21,0.11,0.143,0.391,,,,,0.109,0.248,0.551,,,0.537,0.616,,0.144,0.156,0.197,0.64,0.638,0.16,0.141,0.613,0.184,,,0.242,,,,,0.166,,,,0.164,,0.103,,0.186,0.121,0.121,0.098,,,,0.427,0.081,,,0.127,0.118
162,14058300,,0.568,0.571,,,,0.254,,,,,0.163,0.217,,0.226,0.141,,0.153,,,,,,,,0.41,,0.438,0.204,,,0.103,,0.418,0.27,,,,0.103,0.126,0.167,,,,0.078,0.489,0.519,0.497,,,,0.241,,0.099,,,,,,0.217,0.175,,,,0.203,0.163,0.055,0.122,,,,0.108,0.17,0.158,,0.358,,,,,,0.103,,,,,0.161,0.072,0.351,0.481,0.038,0.101,0.45,0.305,0.509,0.071,0.18,0.135,,,0.197,,,0.096,0.029,0.016,,0.12,0.196,,,,,,,,0.245,,0.101,0.827,,,0.024,,0.102,,0.098,0.171,0.101,0.165,0.145,0.365,0.627,0.361,0.176,0.156,0.135,,0.62,,,,,,,,0.257,0.214,0.11,0.143,0.397,,,,,0.109,0.248,0.551,,,0.537,0.616,,0.144,0.156,0.197,0.641,0.638,0.16,0.14,0.619,0.185,,,0.238,,,,,0.167,,,,0.165,,0.103,,0.182,0.121,0.123,0.102,,,,0.428,0.084,,,0.127,0.118
162,14058360,,0.568,0.571,,,,0.254,,,,,0.164,0.211,,0.225,0.116,,0.153,,,,,,,,0.408,,0.439,0.205,,,0.103,,0.418,0.271,,,,0.103,0.128,0.169,,,,0.078,0.49,0.519,0.497,,,,0.241,,0.099,,,,,,0.243,0.175,,,,0.203,0.163,0.055,0.124,,,,0.108,0.169,0.158,,0.358,,,,,,0.104,,,,,0.16,0.071,0.38,0.505,0.038,0.101,0.452,0.299,0.508,0.071,0.179,0.132,,,0.197,,,0.097,0.029,0.016,,0.051,0.196,,,,,,,,0.254,,0.102,0.828,,,0.025,,0.101,,0.099,0.172,0.102,0.166,0.145,0.365,0.626,0.351,0.178,0.157,0.135,,0.62,,,,,,,,0.256,0.212,0.11,0.143,0.394,,,,,0.109,0.247,0.551,,,0.537,0.616,,0.144,0.156,0.197,0.641,0.638,0.16,0.14,0.62,0.183,,,0.236,,,,,0.167,,,,0.165,,0.104,,0.182,0.122,0.123,0.112,,,,0.428,0.085,,,0.127,0.118
162,14058420,,0.568,0.571,,,,0.255,,,,,0.157,0.216,,0.225,0.11,,0.153,,,,,,,,0.409,,0.414,0.205,,,0.101,,0.418,0.272,,,,0.103,0.127,0.167,,,,0.078,0.49,0.518,0.497,,,,0.241,,0.099,,,,,,0.23,0.175,,,,0.203,0.163,0.055,0.123,,,,0.109,0.169,0.158,,0.353,,,,,,0.102,,,,,0.162,0.071,0.368,0.506,0.038,0.101,0.452,0.302,0.51,0.071,0.181,0.131,,,0.197,,,0.098,0.026,0.017,,0.205,0.196,,,,,,,,0.263,,0.101,0.826,,,0.025,,0.101,,0.099,0.172,0.101,0.166,0.145,0.365,0.63,0.382,0.176,0.157,0.134,,0.62,,,,,,,,0.251,0.208,0.11,0.143,0.393,,,,,0.109,0.247,0.551,,,0.537,0.616,,0.144,0.156,0.196,0.641,0.638,0.16,0.14,0.623,0.185,,,0.238,,,,,0.166,,,,0.164,,0.104,,0.177,0.121,0.123,0.11,,,,0.428,0.086,,,0.127,0.118
162,14058480,,0.568,0.571,,,,0.255,,,,,0.16,0.216,,0.224,0.106,,0.153,,,,,,,,0.41,,0.416,0.204,,,0.102,,0.418,0.271,,,,0.103,0.127,0.168,,,,0.078,0.49,0.518,0.497,,,,0.241,,0.101,,,,,,0.219,0.175,,,,0.203,0.163,0.056,0.123,,,,0.11,0.169,0.158,,0.354,,,,,,0.101,,,,,0.164,0.071,0.411,0.508,0.038,0.101,0.452,0.306,0.51,0.071,0.18,0.133,,,0.197,,,0.098,0.06,0.134,,0.059,0.196,,,,,,,,0.267,,0.102,0.832,,,0.025,,0.102,,0.099,0.164,0.102,0.167,0.146,0.365,0.619,0.358,0.179,0.157,0.134,,0.62,,,,,,,,0.25,0.209,0.11,0.143,0.392,,,,,0.109,0.246,0.551,,,0.537,0.616,,0.147,0.156,0.197,0.641,0.638,0.16,0.14,0.618,0.185,,,0.235,,,,,0.166,,,,0.164,,0.104,,0.173,0.121,0.124,0.105,,,,0.427,0.087,,,0.127,0.118
162,14058540,,0.568,0.571,,,,0.254,,,,,0.163,0.211,,0.223,0.103,,0.153,,,,,,,,0.409,,0.427,0.204,,,0.102,,0.418,0.27,,,,0.103,0.126,0.168,,,,0.078,0.49,0.518,0.497,,,,0.241,,0.1,,,,,,0.22,0.175,,,,0.203,0.164,0.055,0.124,,,,0.108,0.169,0.158,,0.359,,,,,,0.101,,,,,0.162,0.071,0.386,0.514,0.038,0.101,0.453,0.311,0.511,0.071,0.181,0.132,,,0.197,,,0.097,0.031,0.016,,0.05,0.196,,,,,,,,0.253,,0.102,0.828,,,0.025,,0.103,,0.099,0.163,0.102,0.166,0.146,0.365,0.625,0.36,0.176,0.157,0.134,,0.62,,,,,,,,0.246,0.208,0.11,0.143,0.389,,,,,0.109,0.246,0.551,,,0.537,0.616,,0.147,0.157,0.197,0.641,0.638,0.16,0.14,0.614,0.185,,,0.235,,,,,0.167,,,,0.164,,0.104,,0.169,0.121,0.123,0.099,,,,0.427,0.088,,,0.127,0.118
162,14058600,,0.568,0.571,,,,0.254,,,,,0.157,0.214,,0.223,0.116,,0.153,,,,,,,,0.408,,0.427,0.204,,,0.102,,0.419,0.269,,,,0.103,0.126,0.169,,,,0.08,0.49,0.518,0.497,,,,0.241,,0.099,,,,,,0.219,0.175,,,,0.203,0.163,0.055,0.123,,,,0.109,0.169,0.157,,0.361,,,,,,0.102,,,,,0.164,0.072,0.382,0.525,0.038,0.101,0.458,0.315,0.511,0.071,0.181,0.131,,,0.197,,,0.097,0.031,0.017,,0.048,0.196,,,,,,,,0.254,,0.102,0.827,,,0.025,,0.101,,0.1,0.164,0.101,0.166,0.146,0.365,0.629,0.362,0.177,0.156,0.135,,0.62,,,,,,,,0.246,0.211,0.11,0.143,0.39,,,,,0.109,0.245,0.551,,,0.537,0.616,,0.144,0.157,0.197,0.641,0.638,0.16,0.14,0.607,0.19,,,0.232,,,,,0.168,,,,0.164,,0.105,,0.173,0.121,0.124,0.098,,,,0.427,0.088,,,0.127,0.118
162,14058660,,0.568,0.571,,,,0.254,,,,,0.158,0.221,,0.224,0.105,,0.153,,,,,,,,0.408,,0.428,0.205,,,0.102,,0.419,0.269,,,,0.104,0.126,0.168,,,,0.079,0.49,0.518,0.497,,,,0.241,,0.099,,,,,,0.219,0.175,,,,0.203,0.164,0.056,0.124,,,,0.109,0.17,0.157,,0.356,,,,,,0.1,,,,,0.169,0.071,0.388,0.526,0.038,0.101,0.458,0.311,0.511,0.071,0.183,0.129,,,0.197,,,0.098,0.049,0.016,,0.059,0.196,,,,,,,,0.25,,0.1,0.825,,,0.025,,0.102,,0.1,0.164,0.1,0.166,0.146,0.365,0.622,0.374,0.174,0.151,0.134,,0.62,,,,,,,,0.178,0.206,0.11,0.143,0.39,,,,,0.109,0.244,0.551,,,0.537,0.616,,0.144,0.156,0.196,0.64,0.638,0.16,0.14,0.605,0.189,,,0.229,,,,,0.165,,,,0.165,,0.104,,0.171,0.122,0.122,0.097,,,,0.427,0.084,,,0.127,0.118
162,14058720,,0.568,0.571,,,,0.254,,,,,0.158,0.243,,0.225,0.101,,0.153,,,,,,,,0.408,,0.42,0.204,,,0.103,,0.419,0.271,,,,0.104,0.126,0.168,,,,0.077,0.49,0.518,0.497,,,,0.241,,0.099,,,,,,0.213,0.175,,,,0.203,0.164,0.056,0.123,,,,0.11,0.169,0.157,,0.352,,,,,,0.1,,,,,0.167,0.072,0.371,0.534,0.038,0.101,0.458,0.307,0.512,0.071,0.185,0.13,,,0.197,,,0.099,0.025,0.016,,0.048,0.196,,,,,,,,0.262,,0.101,0.821,,,0.025,,0.103,,0.099,0.164,0.1,0.167,0.147,0.365,0.625,0.358,0.176,0.152,0.135,,0.62,,,,,,,,0.177,0.209,0.11,0.143,0.391,,,,,0.109,0.244,0.551,,,0.538,0.616,,0.144,0.156,0.197,0.64,0.638,0.16,0.14,0.618,0.189,,,0.228,,,,,0.166,,,,0.164,,0.106,,0.166,0.121,0.123,0.097,,,,0.427,0.084,,,0.127,0.118
162,14058780,,0.569,0.571,,,,0.254,,,,,0.169,0.239,,0.225,0.103,,0.153,,,,,,,,0.409,,0.426,0.205,,,0.103,,0.419,0.272,,,,0.104,0.126,0.168,,,,0.077,0.49,0.518,0.497,,,,0.241,,0.1,,,,,,0.216,0.175,,,,0.203,0.164,0.055,0.123,,,,0.108,0.169,0.157,,0.353,,,,,,0.102,,,,,0.164,0.072,0.372,0.534,0.037,0.101,0.459,0.307,0.512,0.071,0.182,0.131,,,0.197,,,0.097,0.033,0.041,,0.048,0.196,,,,,,,,0.249,,0.101,0.812,,,0.025,,0.103,,0.1,0.164,0.101,0.161,0.145,0.365,0.634,0.374,0.18,0.153,0.134,,0.62,,,,,,,,0.176,0.209,0.11,0.143,0.392,,,,,0.109,0.244,0.551,,,0.538,0.616,,0.144,0.157,0.197,0.64,0.638,0.16,0.14,0.618,0.19,,,0.227,,,,,0.167,,,,0.164,,0.105,,0.169,0.12,0.124,0.096,,,,0.428,0.085,,,0.127,0.118
162,14058840,,0.568,0.571,,,,0.254,,,,,0.158,0.243,,0.225,0.094,,0.153,,,,,,,,0.409,,0.423,0.205,,,0.103,,0.419,0.27,,,,0.104,0.126,0.169,,,,0.077,0.49,0.518,0.497,,,,0.241,,0.1,,,,,,0.218,0.175,,,,0.203,0.163,0.055,0.123,,,,0.109,0.169,0.158,,0.35,,,,,,0.102,,,,,0.158,0.071,0.371,0.536,0.037,0.101,0.459,0.302,0.509,0.071,0.179,0.129,,,0.197,,,0.098,0.23,0.267,,0.076,0.196,,,,,,,,0.252,,0.102,0.809,,,0.025,,0.101,,0.1,0.163,0.101,0.162,0.145,0.365,0.622,0.375,0.176,0.151,0.134,,0.62,,,,,,,,0.175,0.211,0.11,0.143,0.392,,,,,0.109,0.243,0.551,,,0.538,0.616,,0.144,0.157,0.197,0.64,0.638,0.16,0.14,0.617,0.186,,,0.223,,,,,0.168,,,,0.166,,0.105,,0.154,0.121,0.125,0.096,,,,0.428,0.086,,,0.127,0.118
162,14058900,,0.568,0.571,,,,0.255,,,,,0.169,0.232,,0.225,0.119,,0.153,,,,,,,,0.408,,0.412,0.205,,,0.102,,0.419,0.267,,,,0.104,0.126,0.168,,,,0.077,0.491,0.518,0.497,,,,0.241,,0.099,,,,,,0.217,0.175,,,,0.203,0.164,0.055,0.124,,,,0.109,0.169,0.158,,0.353,,,,,,0.101,,,,,0.158,0.072,0.387,0.537,0.037,0.101,0.459,0.303,0.511,0.071,0.178,0.134,,,0.197,,,0.098,0.154,0.213,,0.088,0.196,,,,,,,,0.243,,0.101,0.821,,,0.024,,0.102,,0.1,0.163,0.1,0.162,0.145,0.365,0.625,0.371,0.182,0.152,0.135,,0.62,,,,,,,,0.177,0.212,0.11,0.143,0.391,,,,,0.109,0.243,0.552,,,0.538,0.616,,0.142,0.158,0.197,0.64,0.638,0.16,0.14,0.618,0.184,,,0.218,,,,,0.168,,,,0.168,,0.104,,0.182,0.12,0.123,0.097,,,,0.428,0.089,,,0.127,0.118
162,14058960,,0.569,0.571,,,,0.255,,,,,0.158,0.227,,0.225,0.115,,0.153,,,,,,,,0.406,,0.426,0.204,,,0.102,,0.419,0.269,,,,0.104,0.126,0.168,,,,0.077,0.492,0.519,0.497,,,,0.241,,0.1,,,,,,0.222,0.175,,,,0.203,0.164,0.055,0.123,,,,0.108,0.169,0.158,,0.352,,,,,,0.101,,,,,0.157,0.071,0.369,0.544,0.038,0.101,0.464,0.3,0.512,0.071,0.181,0.133,,,0.197,,,0.099,0.04,0.014,,0.048,0.196,,,,,,,,0.263,,0.102,0.819,,,0.024,,0.103,,0.099,0.164,0.1,0.161,0.145,0.365,0.619,0.377,0.176,0.152,0.134,,0.62,,,,,,,,0.177,0.208,0.11,0.143,0.395,,,,,0.109,0.243,0.553,,,0.538,0.616,,0.142,0.157,0.197,0.641,0.638,0.16,0.14,0.62,0.182,,,0.219,,,,,0.166,,,,0.17,,0.104,,0.205,0.12,0.123,0.097,,,,0.428,0.089,,,0.127,0.118
162,14059020,,0.569,0.57,,,,0.255,,,,,0.16,0.238,,0.225,0.091,,0.153,,,,,,,,0.406,,0.426,0.204,,,0.103,,0.419,0.273,,,,0.104,0.125,0.169,,,,0.078,0.492,0.518,0.497,,,,0.241,,0.1,,,,,,0.213,0.175,,,,0.203,0.163,0.055,0.124,,,,0.109,0.169,0.157,,0.35,,,,,,0.102,,,,,0.158,0.071,0.377,0.539,0.038,0.101,0.463,0.296,0.512,0.071,0.18,0.128,,,0.197,,,0.099,0.029,0.022,,0.047,0.196,,,,,,,,0.264,,0.102,0.824,,,0.024,,0.103,,0.1,0.164,0.101,0.161,0.145,0.365,0.63,0.366,0.184,0.151,0.134,,0.62,,,,,,,,0.173,0.204,0.11,0.143,0.393,,,,,0.109,0.242,0.553,,,0.538,0.616,,0.142,0.157,0.197,0.641,0.638,0.16,0.14,0.625,0.181,,,0.222,,,,,0.166,,,,0.169,,0.105,,0.214,0.121,0.123,0.096,,,,0.429,0.084,,,0.127,0.118
162,14059080,,0.568,0.571,,,,0.255,,,,,0.159,0.249,,0.224,0.106,,0.153,,,,,,,,0.406,,0.434,0.204,,,0.103,,0.419,0.273,,,,0.104,0.126,0.168,,,,0.078,0.492,0.518,0.497,,,,0.241,,0.101,,,,,,0.222,0.175,,,,0.203,0.164,0.055,0.125,,,,0.109,0.17,0.158,,0.352,,,,,,0.101,,,,,0.157,0.071,0.395,0.541,0.038,0.101,0.466,0.294,0.512,0.071,0.18,0.13,,,0.197,,,0.097,0.067,0.054,,0.047,0.196,,,,,,,,0.267,,0.103,0.823,,,0.024,,0.102,,0.101,0.164,0.101,0.161,0.145,0.365,0.623,0.367,0.177,0.152,0.134,,0.62,,,,,,,,0.171,0.206,0.11,0.143,0.39,,,,,0.109,0.242,0.553,,,0.538,0.616,,0.142,0.157,0.197,0.641,0.638,0.16,0.14,0.624,0.18,,,0.223,,,,,0.166,,,,0.165,,0.104,,0.176,0.121,0.124,0.098,,,,0.426,0.083,,,0.127,0.118
162,14059140,,0.568,0.57,,,,0.255,,,,,0.165,0.248,,0.225,0.142,,0.153,,,,,,,,0.407,,0.432,0.204,,,0.102,,0.419,0.272,,,,0.104,0.126,0.168,,,,0.077,0.492,0.518,0.497,,,,0.241,,0.1,,,,,,0.216,0.175,,,,0.203,0.164,0.055,0.124,,,,0.109,0.17,0.157,,0.353,,,,,,0.101,,,,,0.16,0.071,0.356,0.544,0.038,0.101,0.465,0.298,0.512,0.071,0.178,0.129,,,0.197,,,0.098,0.078,0.157,,0.047,0.196,,,,,,,,0.246,,0.102,0.818,,,0.025,,0.102,,0.1,0.164,0.1,0.161,0.146,0.365,0.631,0.374,0.177,0.152,0.134,,0.62,,,,,,,,0.17,0.208,0.11,0.143,0.392,,,,,0.109,0.241,0.553,,,0.538,0.616,,0.142,0.156,0.197,0.641,0.638,0.16,0.14,0.613,0.181,,,0.219,,,,,0.167,,,,0.163,,0.104,,0.18,0.119,0.123,0.097,,,,0.428,0.088,,,0.127,0.118
162,14059200,,0.568,0.571,,,,0.255,,,,,0.173,0.257,,0.225,0.143,,0.153,,,,,,,,0.408,,0.428,0.204,,,0.102,,0.42,0.268,,,,0.104,0.126,0.168,,,,0.078,0.492,0.518,0.497,,,,0.241,,0.099,,,,,,0.215,0.175,,,,0.203,0.164,0.055,0.123,,,,0.109,0.17,0.158,,0.357,,,,,,0.102,,,,,0.156,0.072,0.381,0.547,0.038,0.101,0.466,0.297,0.513,0.071,0.18,0.131,,,0.197,,,0.098,0.131,0.119,,0.047,0.196,,,,,,,,0.253,,0.102,0.824,,,0.025,,0.103,,0.099,0.164,0.101,0.162,0.146,0.365,0.64,0.408,0.178,0.152,0.134,,0.621,,,,,,,,0.169,0.212,0.11,0.143,0.397,,,,,0.109,0.241,0.552,,,0.538,0.616,,0.142,0.157,0.198,0.641,0.638,0.16,0.14,0.614,0.182,,,0.224,,,,,0.169,,,,0.164,,0.103,,0.217,0.12,0.124,0.097,,,,0.427,0.083,,,0.127,0.118
162,14059260,,0.568,0.571,,,,0.255,,,,,0.186,0.26,,0.225,0.134,,0.153,,,,,,,,0.407,,0.409,0.204,,,0.103,,0.42,0.268,,,,0.104,0.125,0.169,,,,0.078,0.49,0.519,0.497,,,,0.241,,0.101,,,,,,0.218,0.175,,,,0.203,0.164,0.055,0.123,,,,0.109,0.17,0.158,,0.357,,,,,,0.102,,,,,0.162,0.071,0.37,0.545,0.037,0.101,0.467,0.295,0.511,0.071,0.179,0.133,,,0.197,,,0.097,0.05,0.119,,0.047,0.195,,,,,,,,0.258,,0.104,0.823,,,0.025,,0.102,,0.1,0.164,0.102,0.162,0.146,0.365,0.638,0.408,0.178,0.151,0.135,,0.621,,,,,,,,0.167,0.214,0.11,0.143,0.396,,,,,0.109,0.24,0.552,,,0.538,0.616,,0.143,0.156,0.197,0.64,0.638,0.16,0.14,0.618,0.183,,,0.225,,,,,0.168,,,,0.164,,0.104,,0.227,0.122,0.123,0.097,,,,0.429,0.085,,,0.127,0.118
162,14059320,,0.568,0.571,,,,0.255,,,,,0.171,0.254,,0.224,0.14,,0.153,,,,,,,,0.408,,0.416,0.204,,,0.104,,0.42,0.272,,,,0.104,0.125,0.169,,,,0.077,0.49,0.518,0.497,,,,0.241,,0.101,,,,,,0.215,0.175,,,,0.203,0.164,0.056,0.124,,,,0.11,0.17,0.158,,0.357,,,,,,0.1,,,,,0.156,0.072,0.344,0.549,0.037,0.101,0.467,0.295,0.512,0.071,0.178,0.134,,,0.197,,,0.098,0.079,0.058,,0.071,0.195,,,,,,,,0.25,,0.103,0.823,,,0.025,,0.102,,0.101,0.165,0.102,0.161,0.146,0.365,0.639,0.381,0.177,0.152,0.135,,0.62,,,,,,,,0.165,0.21,0.11,0.143,0.396,,,,,0.109,0.24,0.553,,,0.538,0.616,,0.143,0.157,0.197,0.64,0.638,0.16,0.14,0.619,0.184,,,0.225,,,,,0.166,,,,0.164,,0.105,,0.232,0.122,0.124,0.097,,,,0.427,0.078,,,0.127,0.118
162,14059380,,0.568,0.57,,,,0.255,,,,,0.169,0.238,,0.224,0.156,,0.153,,,,,,,,0.408,,0.42,0.204,,,0.102,,0.42,0.274,,,,0.104,0.125,0.168,,,,0.077,0.491,0.519,0.497,,,,0.241,,0.099,,,,,,0.216,0.175,,,,0.203,0.164,0.056,0.124,,,,0.109,0.17,0.159,,0.361,,,,,,0.102,,,,,0.16,0.071,0.372,0.547,0.037,0.101,0.467,0.294,0.512,0.071,0.178,0.132,,,0.197,,,0.098,0.193,0.078,,0.082,0.195,,,,,,,,0.255,,0.102,0.82,,,0.025,,0.102,,0.101,0.164,0.1,0.163,0.146,0.365,0.635,0.384,0.173,0.152,0.134,,0.62,,,,,,,,0.165,0.211,0.11,0.143,0.395,,,,,0.109,0.239,0.553,,,0.538,0.616,,0.143,0.157,0.197,0.641,0.638,0.16,0.14,0.617,0.187,,,0.223,,,,,0.17,,,,0.163,,0.105,,0.233,0.121,0.123,0.1,,,,0.427,0.087,,,0.127,0.118
162,14059440,,0.568,0.57,,,,0.255,,,,,0.169,0.239,,0.223,0.174,,0.153,,,,,,,,0.407,,0.428,0.204,,,0.103,,0.42,0.275,,,,0.104,0.125,0.168,,,,0.077,0.491,0.519,0.497,,,,0.241,,0.099,,,,,,0.213,0.175,,,,0.203,0.164,0.055,0.123,,,,0.109,0.17,0.159,,0.363,,,,,,0.101,,,,,0.164,0.071,0.365,0.553,0.038,0.101,0.467,0.299,0.513,0.071,0.183,0.131,,,0.197,,,0.098,0.229,0.157,,0.071,0.195,,,,,,,,0.26,,0.103,0.813,,,0.025,,0.103,,0.1,0.164,0.102,0.162,0.147,0.365,0.638,0.403,0.18,0.152,0.134,,0.62,,,,,,,,0.162,0.218,0.11,0.143,0.397,,,,,0.109,0.239,0.553,,,0.538,0.616,,0.142,0.157,0.197,0.641,0.638,0.16,0.14,0.614,0.192,,,0.226,,,,,0.168,,,,0.163,,0.105,,0.168,0.122,0.122,0.099,,,,0.427,0.082,,,0.127,0.118
162,14059500,,0.568,0.57,,,,0.255,,,,,0.18,0.246,,0.223,0.171,,0.153,,,,,,,,0.406,,0.433,0.205,,,0.104,,0.42,0.273,,,,0.104,0.126,0.169,,,,0.078,0.491,0.518,0.497,,,,0.241,,0.1,,,,,,0.225,0.175,,,,0.203,0.164,0.054,0.122,,,,0.109,0.17,0.158,,0.365,,,,,,0.101,,,,,0.152,0.072,0.366,0.551,0.038,0.101,0.465,0.297,0.513,0.071,0.18,0.132,,,0.197,,,0.098,0.119,0.215,,0.097,0.195,,,,,,,,0.255,,0.103,0.814,,,0.025,,0.103,,0.1,0.165,0.102,0.162,0.146,0.365,0.64,0.39,0.178,0.153,0.135,,0.62,,,,,,,,0.162,0.214,0.11,0.143,0.397,,,,,0.109,0.239,0.553,,,0.538,0.617,,0.143,0.157,0.197,0.641,0.638,0.16,0.14,0.614,0.192,,,0.226,,,,,0.169,,,,0.163,,0.105,,0.184,0.122,0.124,0.102,,,,0.428,0.088,,,0.127,0.118
162,14059560,,0.568,0.57,,,,0.255,,,,,0.165,0.25,,0.223,0.157,,0.153,,,,,,,,0.405,,0.424,0.205,,,0.104,,0.42,0.272,,,,0.104,0.128,0.169,,,,0.078,0.491,0.518,0.497,,,,0.241,,0.1,,,,,,0.239,0.175,,,,0.203,0.164,0.055,0.124,,,,0.11,0.17,0.158,,0.361,,,,,,0.1,,,,,0.156,0.071,0.372,0.543,0.038,0.101,0.466,0.292,0.512,0.071,0.18,0.128,,,0.197,,,0.098,0.083,0.044,,0.048,0.196,,,,,,,,0.256,,0.104,0.811,,,0.025,,0.102,,0.1,0.163,0.101,0.163,0.147,0.365,0.631,0.388,0.177,0.152,0.135,,0.62,,,,,,,,0.16,0.214,0.11,0.143,0.394,,,,,0.109,0.239,0.553,,,0.538,0.617,,0.143,0.157,0.197,0.64,0.638,0.16,0.14,0.614,0.19,,,0.223,,,,,0.168,,,,0.163,,0.105,,0.186,0.122,0.124,0.11,,,,0.428,0.095,,,0.127,0.117
162,14059620,,0.568,0.571,,,,0.255,,,,,0.188,0.239,,0.223,0.148,,0.153,,,,,,,,0.405,,0.421,0.203,,,0.103,,0.42,0.27,,,,0.104,0.127,0.168,,,,0.077,0.491,0.518,0.497,,,,0.241,,0.1,,,,,,0.226,0.175,,,,0.203,0.164,0.055,0.123,,,,0.11,0.17,0.158,,0.358,,,,,,0.1,,,,,0.157,0.072,0.368,0.554,0.038,0.101,0.467,0.292,0.513,0.071,0.181,0.129,,,0.197,,,0.098,0.067,0.053,,0.048,0.196,,,,,,,,0.247,,0.103,0.815,,,0.025,,0.102,,0.1,0.163,0.101,0.163,0.147,0.365,0.638,0.386,0.179,0.152,0.135,,0.62,,,,,,,,0.158,0.214,0.11,0.143,0.394,,,,,0.109,0.238,0.553,,,0.538,0.617,,0.142,0.157,0.196,0.64,0.638,0.16,0.14,0.616,0.19,,,0.217,,,,,0.167,,,,0.163,,0.106,,0.229,0.122,0.123,0.11,,,,0.428,0.096,,,0.127,0.117
162,14059680,,0.568,0.571,,,,0.255,,,,,0.167,0.244,,0.224,0.13,,0.153,,,,,,,,0.405,,0.433,0.203,,,0.103,,0.42,0.272,,,,0.104,0.126,0.168,,,,0.077,0.491,0.518,0.497,,,,0.241,,0.101,,,,,,0.217,0.175,,,,0.203,0.165,0.055,0.123,,,,0.109,0.17,0.158,,0.354,,,,,,0.101,,,,,0.155,0.071,0.354,0.557,0.038,0.101,0.467,0.289,0.514,0.071,0.18,0.129,,,0.197,,,0.099,0.036,0.027,,0.068,0.195,,,,,,,,0.261,,0.104,0.818,,,0.025,,0.103,,0.1,0.165,0.102,0.162,0.146,0.365,0.642,0.385,0.187,0.152,0.135,,0.62,,,,,,,,0.158,0.211,0.11,0.143,0.393,,,,,0.109,0.238,0.552,,,0.538,0.617,,0.143,0.157,0.196,0.64,0.638,0.16,0.14,0.617,0.189,,,0.215,,,,,0.164,,,,0.163,,0.105,,0.224,0.121,0.124,0.102,,,,0.428,0.097,,,0.127,0.117
162,14059740,,0.568,0.571,,,,0.255,,,,,0.175,0.242,,0.224,0.14,,0.153,,,,,,,,0.405,,0.434,0.204,,,0.103,,0.42,0.271,,,,0.104,0.126,0.169,,,,0.077,0.49,0.519,0.497,,,,0.241,,0.102,,,,,,0.214,0.175,,,,0.203,0.165,0.055,0.123,,,,0.109,0.17,0.158,,0.355,,,,,,0.101,,,,,0.159,0.072,0.36,0.531,0.038,0.101,0.467,0.286,0.512,0.071,0.178,0.131,,,0.197,,,0.097,0.048,0.041,,0.055,0.196,,,,,,,,0.259,,0.104,0.816,,,0.025,,0.101,,0.1,0.163,0.102,0.163,0.146,0.365,0.626,0.374,0.181,0.153,0.134,,0.62,,,,,,,,0.156,0.211,0.11,0.143,0.396,,,,,0.109,0.238,0.553,,,0.538,0.617,,0.143,0.157,0.196,0.64,0.638,0.16,0.14,0.626,0.186,,,0.215,,,,,0.163,,,,0.164,,0.105,,0.223,0.122,0.125,0.098,,,,0.428,0.093,,,0.127,0.117
162,14059800,,0.568,0.571,,,,0.255,,,,,0.164,0.241,,0.223,0.137,,0.153,,,,,,,,0.406,,0.438,0.204,,,0.103,,0.42,0.269,,,,0.104,0.126,0.17,,,,0.077,0.492,0.519,0.497,,,,0.241,,0.1,,,,,,0.224,0.175,,,,0.203,0.165,0.055,0.125,,,,0.11,0.17,0.159,,0.364,,,,,,0.099,,,,,0.163,0.072,0.396,0.53,0.038,0.101,0.469,0.286,0.513,0.071,0.178,0.13,,,0.197,,,0.099,0.039,0.042,,0.049,0.196,,,,,,,,0.258,,0.104,0.811,,,0.025,,0.102,,0.101,0.164,0.103,0.162,0.142,0.365,0.636,0.373,0.185,0.152,0.135,,0.62,,,,,,,,0.162,0.221,0.11,0.143,0.397,,,,,0.11,0.237,0.553,,,0.538,0.617,,0.143,0.158,0.196,0.641,0.638,0.16,0.14,0.626,0.185,,,0.215,,,,,0.164,,,,0.167,,0.107,,0.222,0.123,0.123,0.101,,,,0.428,0.093,,,0.127,0.117
162,14059860,,0.567,0.57,,,,0.255,,,,,0.165,0.246,,0.224,0.147,,0.153,,,,,,,,0.406,,0.442,0.203,,,0.103,,0.421,0.268,,,,0.104,0.125,0.17,,,,0.077,0.492,0.518,0.497,,,,0.241,,0.099,,,,,,0.221,0.175,,,,0.203,0.165,0.055,0.123,,,,0.109,0.17,0.159,,0.362,,,,,,0.101,,,,,0.158,0.072,0.39,0.523,0.037,0.101,0.47,0.288,0.514,0.071,0.18,0.129,,,0.197,,,0.099,0.1,0.207,,0.047,0.196,,,,,,,,0.255,,0.103,0.808,,,0.025,,0.103,,0.1,0.165,0.101,0.161,0.145,0.365,0.639,0.415,0.182,0.153,0.136,,0.62,,,,,,,,0.163,0.217,0.11,0.143,0.398,,,,,0.11,0.237,0.553,,,0.538,0.617,,0.142,0.157,0.196,0.64,0.638,0.16,0.14,0.621,0.184,,,0.215,,,,,0.165,,,,0.166,,0.106,,0.219,0.121,0.124,0.1,,,,0.427,0.087,,,0.127,0.117
162,14059920,,0.568,0.57,,,,0.255,,,,,0.165,0.241,,0.224,0.144,,0.153,,,,,,,,0.406,,0.44,0.203,,,0.104,,0.42,0.266,,,,0.104,0.125,0.168,,,,0.076,0.492,0.518,0.497,,,,0.241,,0.1,,,,,,0.224,0.175,,,,0.203,0.164,0.055,0.123,,,,0.108,0.17,0.159,,0.36,,,,,,0.102,,,,,0.157,0.072,0.413,0.535,0.037,0.101,0.471,0.287,0.512,0.071,0.18,0.133,,,0.197,,,0.098,0.032,0.016,,0.133,0.196,,,,,,,,0.249,,0.103,0.807,,,0.025,,0.104,,0.1,0.165,0.102,0.162,0.146,0.365,0.637,0.426,0.176,0.153,0.134,,0.62,,,,,,,,0.16,0.215,0.11,0.143,0.397,,,,,0.109,0.237,0.552,,,0.538,0.617,,0.142,0.157,0.196,0.64,0.638,0.16,0.14,0.626,0.183,,,0.223,,,,,0.159,,,,0.164,,0.105,,0.213,0.121,0.124,0.1,,,,0.425,0.093,,,0.127,0.117
162,14059980,,0.568,0.57,,,,0.255,,,,,0.171,0.227,,0.224,0.123,,0.153,,,,,,,,0.404,,0.438,0.204,,,0.103,,0.421,0.266,,,,0.104,0.125,0.173,,,,0.077,0.492,0.518,0.498,,,,0.241,,0.1,,,,,,0.221,0.175,,,,0.203,0.164,0.055,0.124,,,,0.109,0.17,0.158,,0.358,,,,,,0.102,,,,,0.16,0.071,0.408,0.516,0.038,0.101,0.473,0.29,0.513,0.071,0.181,0.129,,,0.197,,,0.098,0.034,0.015,,0.047,0.196,,,,,,,,0.256,,0.104,0.807,,,0.025,,0.103,,0.101,0.165,0.102,0.162,0.146,0.365,0.635,0.409,0.183,0.152,0.135,,0.62,,,,,,,,0.16,0.214,0.109,0.143,0.395,,,,,0.109,0.237,0.553,,,0.538,0.617,,0.15,0.157,0.196,0.64,0.638,0.16,0.14,0.621,0.182,,,0.223,,,,,0.158,,,,0.165,,0.106,,0.211,0.122,0.125,0.099,,,,0.427,0.094,,,0.127,0.117
162,14060040,,0.568,0.57,,,,0.255,,,,,0.169,0.217,,0.224,0.154,,0.153,,,,,,,,0.405,,0.438,0.204,,,0.103,,0.421,0.266,,,,0.104,0.126,0.169,,,,0.076,0.491,0.518,0.498,,,,0.241,,0.099,,,,,,0.215,0.175,,,,0.203,0.164,0.055,0.123,,,,0.11,0.171,0.158,,0.362,,,,,,0.102,,,,,0.163,0.072,0.297,0.539,0.038,0.101,0.473,0.289,0.511,0.071,0.181,0.131,,,0.197,,,0.099,0.028,0.016,,0.05,0.196,,,,,,,,0.227,,0.105,0.808,,,0.025,,0.102,,0.101,0.165,0.103,0.161,0.146,0.365,0.642,0.392,0.176,0.152,0.135,,0.62,,,,,,,,0.157,0.212,0.109,0.143,0.399,,,,,0.108,0.236,0.552,,,0.538,0.617,,0.144,0.157,0.196,0.64,0.638,0.16,0.14,0.619,0.182,,,0.227,,,,,0.158,,,,0.165,,0.106,,0.211,0.121,0.124,0.098,,,,0.426,0.089,,,0.127,0.117
162,14060100,,0.568,0.571,,,,0.255,,,,,0.174,0.221,,0.224,0.167,,0.153,,,,,,,,0.407,,0.439,0.204,,,0.104,,0.421,0.272,,,,0.104,0.126,0.169,,,,0.076,0.491,0.519,0.498,,,,0.241,,0.101,,,,,,0.217,0.175,,,,0.203,0.162,0.054,0.123,,,,0.11,0.171,0.159,,0.363,,,,,,0.101,,,,,0.159,0.072,0.19,0.529,0.037,0.101,0.476,0.293,0.514,0.071,0.182,0.134,,,0.197,,,0.099,0.03,0.016,,0.052,0.196,,,,,,,,0.207,,0.103,0.803,,,0.025,,0.103,,0.099,0.165,0.102,0.163,0.145,0.365,0.642,0.379,0.177,0.152,0.135,,0.62,,,,,,,,0.153,0.214,0.109,0.143,0.399,,,,,0.108,0.236,0.552,,,0.538,0.617,,0.139,0.158,0.196,0.64,0.638,0.16,0.14,0.617,0.182,,,0.229,,,,,0.159,,,,0.164,,0.105,,0.211,0.122,0.124,0.098,,,,0.428,0.096,,,0.127,0.117
162,14060160,,0.568,0.571,,,,0.255,,,,,0.17,0.227,,0.224,0.176,,0.153,,,,,,,,0.406,,0.424,0.204,,,0.104,,0.421,0.273,,,,0.104,0.126,0.168,,,,0.076,0.491,0.519,0.497,,,,0.241,,0.1,,,,,,0.231,0.175,,,,0.203,0.163,0.054,0.124,,,,0.109,0.17,0.159,,0.364,,,,,,0.102,,,,,0.163,0.072,0.265,0.531,0.037,0.101,0.476,0.29,0.512,0.071,0.179,0.135,,,0.197,,,0.099,0.07,0.047,,0.049,0.196,,,,,,,,0.211,,0.104,0.805,,,0.025,,0.103,,0.1,0.165,0.101,0.162,0.142,0.365,0.647,0.384,0.18,0.152,0.135,,0.62,,,,,,,,0.151,0.216,0.109,0.143,0.399,,,,,0.108,0.236,0.552,,,0.539,0.617,,0.139,0.156,0.196,0.64,0.638,0.16,0.14,0.614,0.183,,,0.232,,,,,0.159,,,,0.164,,0.106,,0.16,0.122,0.125,0.098,,,,0.428,0.088,,,0.127,0.117
162,14060220,,0.568,0.571,,,,0.255,,,,,0.178,0.224,,0.224,0.175,,0.153,,,,,,,,0.405,,0.432,0.204,,,0.104,,0.421,0.273,,,,0.104,0.126,0.168,,,,0.076,0.491,0.519,0.497,,,,0.241,,0.1,,,,,,0.229,0.175,,,,0.203,0.162,0.055,0.125,,,,0.109,0.171,0.159,,0.366,,,,,,0.102,,,,,0.162,0.072,0.264,0.531,0.037,0.101,0.477,0.287,0.515,0.071,0.181,0.132,,,0.197,,,0.098,0.045,0.083,,0.047,0.196,,,,,,,,0.201,,0.103,0.802,,,0.025,,0.103,,0.1,0.165,0.102,0.162,0.141,0.365,0.642,0.415,0.184,0.152,0.136,,0.62,,,,,,,,0.149,0.216,0.109,0.143,0.398,,,,,0.108,0.235,0.552,,,0.539,0.617,,0.14,0.156,0.196,0.64,0.638,0.16,0.14,0.611,0.186,,,0.234,,,,,0.159,,,,0.164,,0.106,,0.17,0.123,0.126,0.098,,,,0.428,0.094,,,0.127,0.117
162,14060280,,0.568,0.571,,,,0.255,,,,,0.172,0.213,,0.224,0.174,,0.153,,,,,,,,0.405,,0.435,0.204,,,0.104,,0.421,0.271,,,,0.103,0.126,0.169,,,,0.077,0.491,0.519,0.497,,,,0.241,,0.1,,,,,,0.219,0.175,,,,0.203,0.164,0.055,0.124,,,,0.11,0.171,0.159,,0.363,,,,,,0.101,,,,,0.17,0.072,0.253,0.53,0.038,0.101,0.475,0.285,0.516,0.071,0.183,0.13,,,0.197,,,0.098,0.039,0.076,,0.072,0.196,,,,,,,,0.209,,0.104,0.803,,,0.025,,0.103,,0.1,0.164,0.101,0.162,0.141,0.365,0.647,0.384,0.18,0.159,0.143,,0.62,,,,,,,,0.147,0.214,0.109,0.143,0.399,,,,,0.108,0.235,0.552,,,0.539,0.617,,0.14,0.156,0.196,0.641,0.638,0.16,0.14,0.619,0.186,,,0.234,,,,,0.159,,,,0.164,,0.106,,0.173,0.122,0.124,0.097,,,,0.429,0.096,,,0.127,0.117
162,14060340,,0.568,0.57,,,,0.255,,,,,0.17,0.21,,0.225,0.169,,0.153,,,,,,,,0.405,,0.44,0.204,,,0.105,,0.421,0.271,,,,0.103,0.126,0.17,,,,0.077,0.491,0.519,0.497,,,,0.241,,0.1,,,,,,0.22,0.175,,,,0.203,0.164,0.054,0.122,,,,0.109,0.17,0.159,,0.361,,,,,,0.103,,,,,0.167,0.072,0.277,0.523,0.038,0.101,0.472,0.288,0.516,0.071,0.184,0.135,,,0.197,,,0.099,0.028,0.017,,0.106,0.196,,,,,,,,0.207,,0.103,0.801,,,0.025,,0.103,,0.099,0.165,0.102,0.162,0.141,0.365,0.572,0.371,0.184,0.159,0.143,,0.62,,,,,,,,0.145,0.214,0.108,0.143,0.399,,,,,0.108,0.235,0.553,,,0.539,0.617,,0.14,0.156,0.197,0.641,0.638,0.16,0.14,0.629,0.185,,,0.241,,,,,0.158,,,,0.164,,0.106,,0.198,0.122,0.123,0.099,,,,0.428,0.087,,,0.127,0.117
162,14060400,,0.568,0.571,,,,0.255,,,,,0.17,0.214,,0.225,0.162,,0.153,,,,,,,,0.405,,0.445,0.204,,,0.104,,0.421,0.27,,,,0.104,0.125,0.17,,,,0.076,0.491,0.519,0.498,,,,0.241,,0.101,,,,,,0.216,0.175,,,,0.203,0.164,0.054,0.124,,,,0.11,0.171,0.159,,0.358,,,,,,0.102,,,,,0.161,0.071,0.375,0.521,0.038,0.101,0.474,0.286,0.515,0.071,0.179,0.133,,,0.197,,,0.1,0.035,0.049,,0.061,0.196,,,,,,,,0.206,,0.103,0.795,,,0.025,,0.104,,0.1,0.164,0.102,0.162,0.142,0.365,0.606,0.391,0.177,0.158,0.145,,0.62,,,,,,,,0.119,0.218,0.108,0.143,0.399,,,,,0.109,0.234,0.553,,,0.539,0.617,,0.14,0.158,0.197,0.641,0.638,0.16,0.14,0.625,0.186,,,0.245,,,,,0.159,,,,0.165,,0.106,,0.198,0.121,0.125,0.099,,,,0.427,0.095,,,0.127,0.116
162,14060460,,0.568,0.571,,,,0.255,,,,,0.171,0.224,,0.225,0.151,,0.153,,,,,,,,0.405,,0.424,0.204,,,0.104,,0.421,0.271,,,,0.104,0.125,0.17,,,,0.076,0.491,0.519,0.498,,,,0.241,,0.102,,,,,,0.219,0.175,,,,0.203,0.164,0.054,0.124,,,,0.111,0.17,0.158,,0.358,,,,,,0.103,,,,,0.157,0.072,0.387,0.521,0.037,0.101,0.472,0.281,0.513,0.071,0.179,0.134,,,0.197,,,0.099,0.025,0.016,,0.074,0.196,,,,,,,,0.204,,0.104,0.796,,,0.025,,0.103,,0.1,0.164,0.103,0.163,0.142,0.365,0.612,0.395,0.184,0.151,0.135,,0.62,,,,,,,,0.118,0.213,0.109,0.143,0.395,,,,,0.109,0.234,0.553,,,0.539,0.617,,0.14,0.157,0.197,0.64,0.638,0.16,0.14,0.625,0.187,,,0.248,,,,,0.159,,,,0.165,,0.106,,0.198,0.122,0.125,0.097,,,,0.429,0.098,,,0.127,0.116
162,14060520,,0.568,0.571,,,,0.255,,,,,0.178,0.222,,0.225,0.164,,0.153,,,,,,,,0.404,,0.419,0.204,,,0.103,,0.421,0.272,,,,0.104,0.125,0.17,,,,0.077,0.491,0.519,0.498,,,,0.241,,0.101,,,,,,0.219,0.175,,,,0.203,0.165,0.054,0.123,,,,0.11,0.171,0.158,,0.36,,,,,,0.102,,,,,0.157,0.072,0.393,0.52,0.037,0.101,0.476,0.291,0.511,0.071,0.178,0.133,,,0.197,,,0.099,0.03,0.026,,0.047,0.196,,,,,,,,0.206,,0.104,0.798,,,0.025,,0.103,,0.1,0.164,0.102,0.163,0.143,0.365,0.616,0.373,0.187,0.151,0.134,,0.62,,,,,,,,0.116,0.213,0.109,0.143,0.394,,,,,0.108,0.234,0.553,,,0.539,0.617,,0.14,0.156,0.196,0.64,0.638,0.16,0.14,0.627,0.188,,,0.249,,,,,0.161,,,,0.164,,0.106,,0.196,0.123,0.125,0.098,,,,0.429,0.1,,,0.127,0.116
162,14060580,,0.568,0.571,,,,0.255,,,,,0.212,0.229,,0.222,0.163,,0.153,,,,,,,,0.405,,0.414,0.204,,,0.104,,0.421,0.272,,,,0.103,0.125,0.17,,,,0.077,0.491,0.519,0.498,,,,0.241,,0.1,,,,,,0.215,0.175,,,,0.203,0.164,0.054,0.122,,,,0.109,0.17,0.159,,0.36,,,,,,0.102,,,,,0.158,0.072,0.392,0.532,0.038,0.101,0.474,0.296,0.515,0.071,0.18,0.132,,,0.197,,,0.099,0.024,0.016,,0.13,0.196,,,,,,,,0.206,,0.103,0.793,,,0.026,,0.104,,0.099,0.165,0.102,0.163,0.143,0.365,0.597,0.377,0.175,0.151,0.135,,0.62,,,,,,,,0.114,0.214,0.109,0.143,0.397,,,,,0.108,0.234,0.553,,,0.539,0.617,,0.141,0.156,0.197,0.64,0.638,0.16,0.14,0.622,0.188,,,0.25,,,,,0.161,,,,0.164,,0.105,,0.197,0.122,0.125,0.097,,,,0.428,0.1,,,0.127,0.116
162,14060640,,0.568,0.571,,,,0.255,,,,,0.144,0.231,,0.222,0.182,,0.153,,,,,,,,0.405,,0.424,0.186,,,0.104,,0.421,0.272,,,,0.103,0.125,0.168,,,,0.077,0.491,0.519,0.497,,,,0.241,,0.101,,,,,,0.221,0.175,,,,0.203,0.164,0.054,0.122,,,,0.11,0.171,0.159,,0.363,,,,,,0.103,,,,,0.16,0.072,0.379,0.556,0.038,0.101,0.473,0.307,0.516,0.071,0.18,0.131,,,0.197,,,0.099,0.024,0.017,,0.043,0.196,,,,,,,,0.254,,0.104,0.788,,,0.025,,0.104,,0.101,0.161,0.103,0.163,0.143,0.365,0.59,0.385,0.179,0.152,0.135,,0.62,,,,,,,,0.113,0.214,0.109,0.143,0.397,,,,,0.108,0.233,0.553,,,0.539,0.618,,0.14,0.155,0.197,0.64,0.638,0.16,0.14,0.618,0.19,,,0.244,,,,,0.159,,,,0.164,,0.105,,0.197,0.122,0.126,0.098,,,,0.428,0.095,,,0.127,0.116
162,14060700,,0.569,0.571,,,,0.255,,,,,0.13,0.233,,0.224,0.189,,0.153,,,,,,,,0.405,,0.428,0.196,,,0.105,,0.421,0.269,,,,0.103,0.126,0.169,,,,0.076,0.493,0.519,0.497,,,,0.241,,0.101,,,,,,0.222,0.175,,,,0.203,0.164,0.054,0.124,,,,0.111,0.171,0.159,,0.364,,,,,,0.103,,,,,0.163,0.072,0.395,0.553,0.038,0.101,0.47,0.317,0.517,0.071,0.182,0.137,,,0.197,,,0.099,0.023,0.032,,0.095,0.196,,,,,,,,0.249,,0.104,0.791,,,0.025,,0.102,,0.101,0.161,0.103,0.162,0.144,0.365,0.595,0.388,0.179,0.152,0.133,,0.62,,,,,,,,0.112,0.214,0.109,0.143,0.398,,,,,0.108,0.233,0.553,,,0.539,0.618,,0.14,0.155,0.197,0.64,0.638,0.16,0.14,0.617,0.19,,,0.24,,,,,0.16,,,,0.164,,0.104,,0.196,0.123,0.124,0.1,,,,0.43,0.09,,,0.127,0.116
162,14060760,,0.569,0.571,,,,0.255,,,,,0.132,0.234,,0.224,0.199,,0.153,,,,,,,,0.405,,0.42,0.196,,,0.104,,0.422,0.266,,,,0.104,0.129,0.169,,,,0.076,0.493,0.519,0.497,,,,0.241,,0.1,,,,,,0.25,0.175,,,,0.203,0.165,0.054,0.123,,,,0.111,0.171,0.159,,0.364,,,,,,0.102,,,,,0.158,0.072,0.394,0.559,0.038,0.101,0.469,0.312,0.515,0.071,0.183,0.134,,,0.197,,,0.1,0.06,0.078,,0.234,0.196,,,,,,,,0.244,,0.103,0.792,,,0.025,,0.103,,0.101,0.161,0.102,0.162,0.143,0.365,0.596,0.401,0.176,0.151,0.135,,0.62,,,,,,,,0.111,0.218,0.109,0.143,0.399,,,,,0.108,0.232,0.553,,,0.539,0.618,,0.14,0.155,0.197,0.64,0.638,0.16,0.14,0.608,0.192,,,0.234,,,,,0.16,,,,0.164,,0.104,,0.195,0.122,0.123,0.111,,,,0.428,0.095,,,0.127,0.116
162,14060820,,0.569,0.571,,,,0.255,,,,,0.133,0.238,,0.224,0.193,,0.153,,,,,,,,0.404,,0.416,0.196,,,0.104,,0.422,0.268,,,,0.104,0.127,0.17,,,,0.076,0.493,0.519,0.497,,,,0.241,,0.101,,,,,,0.237,0.175,,,,0.203,0.165,0.054,0.124,,,,0.109,0.171,0.159,,0.366,,,,,,0.104,,,,,0.16,0.072,0.392,0.525,0.038,0.101,0.478,0.315,0.515,0.071,0.181,0.137,,,0.197,,,0.1,0.031,0.028,,0.109,0.196,,,,,,,,0.251,,0.104,0.79,,,0.025,,0.104,,0.1,0.161,0.103,0.163,0.143,0.365,0.593,0.387,0.175,0.152,0.135,,0.62,,,,,,,,0.11,0.215,0.109,0.143,0.398,,,,,0.108,0.232,0.553,,,0.539,0.618,,0.14,0.156,0.196,0.64,0.638,0.16,0.14,0.616,0.194,,,0.234,,,,,0.16,,,,0.164,,0.105,,0.199,0.122,0.125,0.11,,,,0.428,0.098,,,0.127,0.116
162,14060880,,0.568,0.571,,,,0.255,,,,,0.145,0.242,,0.224,0.192,,0.153,,,,,,,,0.404,,0.405,0.196,,,0.105,,0.422,0.269,,,,0.104,0.126,0.17,,,,0.076,0.493,0.519,0.497,,,,0.241,,0.101,,,,,,0.223,0.175,,,,0.203,0.163,0.054,0.124,,,,0.11,0.171,0.159,,0.367,,,,,,0.102,,,,,0.155,0.072,0.398,0.541,0.038,0.101,0.475,0.31,0.516,0.071,0.18,0.136,,,0.197,,,0.099,0.036,0.024,,0.056,0.196,,,,,,,,0.259,,0.104,0.788,,,0.025,,0.103,,0.1,0.161,0.103,0.162,0.143,0.365,0.582,0.408,0.179,0.153,0.134,,0.62,,,,,,,,0.109,0.214,0.109,0.143,0.395,,,,,0.108,0.232,0.552,,,0.539,0.618,,0.141,0.156,0.196,0.64,0.638,0.16,0.14,0.623,0.193,,,0.232,,,,,0.158,,,,0.164,,0.105,,0.199,0.122,0.125,0.106,,,,0.428,0.099,,,0.127,0.116
162,14060940,,0.568,0.571,,,,0.255,,,,,0.141,0.24,,0.224,0.172,,0.153,,,,,,,,0.404,,0.406,0.196,,,0.105,,0.422,0.27,,,,0.104,0.126,0.169,,,,0.077,0.493,0.519,0.497,,,,0.241,,0.101,,,,,,0.219,0.175,,,,0.203,0.163,0.054,0.125,,,,0.11,0.171,0.158,,0.364,,,,,,0.102,,,,,0.153,0.072,0.414,0.536,0.038,0.101,0.47,0.307,0.503,0.071,0.18,0.132,,,0.197,,,0.099,0.026,0.016,,0.053,0.196,,,,,,,,0.243,,0.105,0.791,,,0.025,,0.102,,0.101,0.161,0.104,0.162,0.143,0.365,0.576,0.411,0.178,0.152,0.134,,0.621,,,,,,,,0.107,0.215,0.109,0.143,0.394,,,,,0.108,0.232,0.553,,,0.539,0.618,,0.14,0.157,0.196,0.64,0.638,0.16,0.14,0.628,0.193,,,0.23,,,,,0.158,,,,0.164,,0.106,,0.199,0.123,0.123,0.1,,,,0.428,0.098,,,0.127,0.116
162,14061000,,0.568,0.571,,,,0.255,,,,,0.151,0.247,,0.225,0.158,,0.153,,,,,,,,0.404,,0.41,0.196,,,0.104,,0.422,0.268,,,,0.104,0.126,0.17,,,,0.077,0.49,0.519,0.497,,,,0.241,,0.101,,,,,,0.215,0.175,,,,0.203,0.163,0.054,0.123,,,,0.11,0.171,0.159,,0.363,,,,,,0.102,,,,,0.155,0.072,0.401,0.547,0.037,0.101,0.478,0.309,0.51,0.071,0.179,0.132,,,0.197,,,0.099,0.042,0.057,,0.05,0.196,,,,,,,,0.238,,0.103,0.792,,,0.025,,0.103,,0.099,0.16,0.102,0.163,0.144,0.365,0.585,0.399,0.179,0.152,0.135,,0.621,,,,,,,,0.107,0.217,0.109,0.143,0.395,,,,,0.109,0.232,0.553,,,0.539,0.618,,0.14,0.156,0.196,0.64,0.638,0.16,0.14,0.628,0.192,,,0.228,,,,,0.159,,,,0.165,,0.105,,0.197,0.123,0.123,0.096,,,,0.426,0.099,,,0.127,0.116
162,14061060,,0.568,0.571,,,,0.255,,,,,0.141,0.258,,0.225,0.145,,0.153,,,,,,,,0.404,,0.405,0.196,,,0.104,,0.422,0.267,,,,0.105,0.125,0.169,,,,0.077,0.491,0.519,0.497,,,,0.241,,0.102,,,,,,0.222,0.175,,,,0.203,0.163,0.054,0.123,,,,0.109,0.17,0.159,,0.36,,,,,,0.102,,,,,0.155,0.072,0.413,0.534,0.037,0.101,0.474,0.309,0.508,0.071,0.18,0.132,,,0.197,,,0.1,0.236,0.638,,0.106,0.196,,,,,,,,0.248,,0.104,0.796,,,0.025,,0.104,,0.1,0.161,0.103,0.162,0.144,0.365,0.572,0.377,0.181,0.152,0.135,,0.621,,,,,,,,0.106,0.211,0.109,0.143,0.395,,,,,0.109,0.231,0.553,,,0.539,0.618,,0.14,0.157,0.197,0.64,0.638,0.16,0.14,0.624,0.191,,,0.225,,,,,0.16,,,,0.164,,0.106,,0.195,0.122,0.125,0.097,,,,0.427,0.098,,,0.127,0.116
162,14061120,,0.568,0.571,,,,0.255,,,,,0.139,0.243,,0.223,0.142,,0.153,,,,,,,,0.404,,0.406,0.196,,,0.104,,0.422,0.267,,,,0.104,0.125,0.169,,,,0.077,0.491,0.519,0.497,,,,0.241,,0.103,,,,,,0.226,0.175,,,,0.203,0.163,0.053,0.123,,,,0.11,0.17,0.158,,0.358,,,,,,0.102,,,,,0.156,0.072,0.423,0.54,0.037,0.101,0.474,0.31,0.51,0.071,0.181,0.13,,,0.197,,,0.098,0.229,0.666,,0.055,0.196,,,,,,,,0.196,,0.105,0.793,,,0.025,,0.104,,0.101,0.161,0.103,0.162,0.144,0.365,0.589,0.4,0.179,0.152,0.134,,0.621,,,,,,,,0.105,0.209,0.109,0.143,0.395,,,,,0.109,0.231,0.553,,,0.539,0.618,,0.14,0.156,0.196,0.64,0.638,0.16,0.14,0.625,0.19,,,0.228,,,,,0.158,,,,0.163,,0.104,,0.19,0.122,0.124,0.101,,,,0.426,0.1,,,0.127,0.116
162,14061180,,0.568,0.571,,,,0.255,,,,,0.138,0.248,,0.224,0.154,,0.153,,,,,,,,0.404,,0.405,0.196,,,0.104,,0.422,0.266,,,,0.105,0.125,0.169,,,,0.077,0.491,0.519,0.497,,,,0.241,,0.103,,,,,,0.22,0.175,,,,0.203,0.164,0.054,0.124,,,,0.11,0.17,0.159,,0.357,,,,,,0.102,,,,,0.153,0.071,0.387,0.535,0.037,0.101,0.461,0.308,0.514,0.071,0.177,0.13,,,0.197,,,0.099,0.062,0.11,,0.055,0.196,,,,,,,,0.202,,0.105,0.799,,,0.025,,0.102,,0.1,0.161,0.103,0.162,0.143,0.365,0.582,0.391,0.176,0.153,0.135,,0.621,,,,,,,,0.104,0.211,0.109,0.143,0.396,,,,,0.109,0.23,0.553,,,0.539,0.618,,0.14,0.156,0.196,0.64,0.638,0.16,0.14,0.631,0.189,,,0.232,,,,,0.159,,,,0.162,,0.105,,0.19,0.123,0.123,0.1,,,,0.426,0.103,,,0.127,0.116
162,14061240,,0.569,0.571,,,,0.255,,,,,0.17,0.252,,0.222,0.149,,0.153,,,,,,,,0.404,,0.426,0.197,,,0.104,,0.422,0.266,,,,0.105,0.126,0.17,,,,0.077,0.491,0.519,0.497,,,,0.241,,0.101,,,,,,0.22,0.175,,,,0.203,0.165,0.054,0.124,,,,0.11,0.171,0.159,,0.358,,,,,,0.101,,,,,0.157,0.072,0.242,0.537,0.038,0.101,0.464,0.306,0.512,0.071,0.18,0.132,,,0.197,,,0.099,0.026,0.017,,0.056,0.196,,,,,,,,0.194,,0.102,0.796,,,0.025,,0.103,,0.1,0.162,0.102,0.162,0.143,0.365,0.586,0.374,0.18,0.153,0.134,,0.621,,,,,,,,0.103,0.211,0.109,0.143,0.397,,,,,0.109,0.23,0.553,,,0.539,0.618,,0.14,0.156,0.197,0.641,0.638,0.16,0.14,0.631,0.188,,,0.241,,,,,0.158,,,,0.162,,0.105,,0.125,0.122,0.124,0.099,,,,0.426,0.102,,,0.127,0.116
162,14061300,,0.569,0.571,,,,0.255,,,,,0.162,0.241,,0.222,0.137,,0.153,,,,,,,,0.404,,0.396,0.196,,,0.104,,0.422,0.265,,,,0.105,0.125,0.169,,,,0.077,0.491,0.519,0.497,,,,0.241,,0.1,,,,,,0.218,0.175,,,,0.203,0.164,0.055,0.123,,,,0.109,0.171,0.159,,0.362,,,,,,0.103,,,,,0.157,0.072,0.31,0.4,0.023,0.101,0.296,0.31,0.459,0.071,0.178,0.133,,,0.197,,,0.099,0.019,0.013,,0.142,0.196,,,,,,,,0.201,,0.104,0.801,,,0.025,,0.104,,0.101,0.161,0.102,0.163,0.144,0.365,0.586,0.373,0.177,0.153,0.134,,0.621,,,,,,,,0.105,0.212,0.109,0.143,0.403,,,,,0.108,0.23,0.553,,,0.54,0.618,,0.14,0.156,0.197,0.641,0.638,0.16,0.139,0.628,0.188,,,0.243,,,,,0.16,,,,0.163,,0.105,,0.18,0.123,0.125,0.095,,,,0.426,0.096,,,0.127,0.116
162,14061360,,0.568,0.571,,,,0.255,,,,,0.138,0.239,,0.222,0.152,,0.153,,,,,,,,0.405,,0.415,0.197,,,0.105,,0.422,0.265,,,,0.105,0.125,0.17,,,,0.077,0.491,0.519,0.498,,,,0.241,,0.101,,,,,,0.215,0.175,,,,0.203,0.163,0.055,0.123,,,,0.11,0.171,0.159,,0.364,,,,,,0.103,,,,,0.159,0.072,0.346,0.418,0.028,0.101,0.363,0.302,0.456,0.071,0.178,0.132,,,0.197,,,0.1,0.028,0.03,,0.056,0.196,,,,,,,,0.211,,0.104,0.8,,,0.025,,0.105,,0.101,0.16,0.103,0.162,0.143,0.365,0.591,0.388,0.177,0.152,0.136,,0.621,,,,,,,,0.105,0.213,0.109,0.143,0.402,,,,,0.108,0.229,0.553,,,0.54,0.619,,0.14,0.156,0.197,0.641,0.638,0.16,0.139,0.625,0.187,,,0.241,,,,,0.161,,,,0.163,,0.105,,0.228,0.124,0.124,0.095,,,,0.426,0.1,,,0.127,0.116
162,14061420,,0.568,0.57,,,,0.255,,,,,0.137,0.246,,0.224,0.136,,0.153,,,,,,,,0.406,,0.407,0.197,,,0.103,,0.422,0.267,,,,0.105,0.125,0.171,,,,0.077,0.491,0.519,0.497,,,,0.241,,0.102,,,,,,0.224,0.175,,,,0.203,0.163,0.055,0.121,,,,0.11,0.171,0.159,,0.362,,,,,,0.093,,,,,0.154,0.071,0.345,0.394,0.029,0.101,0.346,0.314,0.432,0.071,0.179,0.13,,,0.197,,,0.1,0.023,0.044,,0.073,0.196,,,,,,,,0.244,,0.104,0.801,,,0.025,,0.092,,0.102,0.162,0.103,0.163,0.143,0.365,0.58,0.379,0.185,0.153,0.135,,0.621,,,,,,,,0.102,0.215,0.109,0.143,0.398,,,,,0.108,0.229,0.553,,,0.54,0.618,,0.14,0.156,0.197,0.64,0.638,0.16,0.139,0.625,0.186,,,0.24,,,,,0.159,,,,0.163,,0.105,,0.239,0.123,0.124,0.095,,,,0.427,0.098,,,0.127,0.117
162,14061480,,0.569,0.571,,,,0.256,,,,,0.136,0.246,,0.224,0.132,,0.153,,,,,,,,0.405,,0.414,0.197,,,0.104,,0.422,0.269,,,,0.105,0.125,0.171,,,,0.077,0.491,0.519,0.497,,,,0.241,,0.101,,,,,,0.23,0.175,,,,0.203,0.163,0.055,0.123,,,,0.111,0.171,0.159,,0.361,,,,,,0.094,,,,,0.158,0.072,0.336,0.384,0.029,0.101,0.314,0.308,0.412,0.071,0.177,0.13,,,0.197,,,0.1,0.027,0.065,,0.131,0.196,,,,,,,,0.248,,0.103,0.8,,,0.025,,0.093,,0.1,0.161,0.102,0.162,0.143,0.365,0.595,0.375,0.178,0.152,0.134,,0.621,,,,,,,,0.102,0.215,0.109,0.143,0.398,,,,,0.108,0.229,0.553,,,0.54,0.618,,0.14,0.156,0.197,0.64,0.638,0.16,0.139,0.618,0.187,,,0.235,,,,,0.159,,,,0.162,,0.105,,0.241,0.123,0.125,0.095,,,,0.428,0.101,,,0.127,0.118
162,14061540,,0.569,0.57,,,,0.256,,,,,0.136,0.237,,0.225,0.135,,0.153,,,,,,,,0.404,,0.411,0.197,,,0.105,,0.422,0.269,,,,0.105,0.125,0.171,,,,0.077,0.491,0.519,0.498,,,,0.241,,0.102,,,,,,0.224,0.175,,,,0.203,0.163,0.054,0.124,,,,0.11,0.171,0.159,,0.364,,,,,,0.094,,,,,0.163,0.072,0.334,0.385,0.03,0.101,0.308,0.315,0.41,0.071,0.178,0.129,,,0.197,,,0.1,0.026,0.031,,0.048,0.196,,,,,,,,0.242,,0.103,0.8,,,0.025,,0.093,,0.102,0.161,0.103,0.163,0.144,0.365,0.595,0.359,0.182,0.152,0.135,,0.621,,,,,,,,0.104,0.219,0.109,0.143,0.399,,,,,0.108,0.228,0.553,,,0.54,0.618,,0.141,0.156,0.197,0.64,0.638,0.16,0.139,0.611,0.186,,,0.232,,,,,0.159,,,,0.162,,0.105,,0.237,0.123,0.125,0.095,,,,0.428,0.102,,,0.127,0.118
162,14061600,,0.569,0.571,,,,0.256,,,,,0.141,0.239,,0.225,0.143,,0.154,,,,,,,,0.406,,0.418,0.198,,,0.105,,0.422,0.267,,,,0.105,0.125,0.171,,,,0.077,0.492,0.519,0.497,,,,0.241,,0.103,,,,,,0.222,0.175,,,,0.203,0.163,0.054,0.124,,,,0.111,0.173,0.163,,0.384,,,,,,0.093,,,,,0.163,0.072,0.419,0.389,0.03,0.101,0.314,0.314,0.371,0.071,0.18,0.131,,,0.197,,,0.1,0.029,0.027,,0.057,0.196,,,,,,,,0.244,,0.104,0.8,,,0.025,,0.093,,0.102,0.161,0.103,0.164,0.142,0.365,0.579,0.364,0.185,0.152,0.136,,0.621,,,,,,,,0.121,0.234,0.109,0.143,0.405,,,,,0.11,0.228,0.553,,,0.54,0.618,,0.14,0.157,0.197,0.64,0.638,0.16,0.139,0.602,0.185,,,0.223,,,,,0.16,,,,0.176,,0.105,,0.206,0.124,0.125,0.096,,,,0.428,0.101,,,0.127,0.118
162,14061660,,0.569,0.571,,,,0.256,,,,,0.137,0.226,,0.225,0.141,,0.154,,,,,,,,0.405,,0.381,0.197,,,0.104,,0.423,0.265,,,,0.105,0.125,0.17,,,,0.077,0.493,0.519,0.497,,,,0.241,,0.103,,,,,,0.23,0.175,,,,0.203,0.163,0.054,0.123,,,,0.111,0.171,0.16,,0.383,,,,,,0.093,,,,,0.158,0.072,0.402,0.391,0.03,0.101,0.317,0.315,0.375,0.071,0.18,0.131,,,0.197,,,0.099,0.028,0.019,,0.039,0.196,,,,,,,,0.246,,0.104,0.795,,,0.025,,0.093,,0.101,0.161,0.092,0.163,0.142,0.365,0.602,0.373,0.182,0.152,0.134,,0.62,,,,,,,,0.123,0.219,0.109,0.143,0.404,,,,,0.11,0.228,0.553,,,0.54,0.618,,0.14,0.157,0.196,0.641,0.638,0.16,0.139,0.6,0.184,,,0.222,,,,,0.16,,,,0.174,,0.106,,0.205,0.125,0.124,0.097,,,,0.429,0.097,,,0.127,0.118
162,14061720,,0.568,0.571,,,,0.256,,,,,0.136,0.229,,0.225,0.143,,0.154,,,,,,,,0.404,,0.403,0.197,,,0.104,,0.423,0.265,,,,0.105,0.125,0.171,,,,0.077,0.493,0.519,0.497,,,,0.241,,0.102,,,,,,0.226,0.175,,,,0.203,0.163,0.054,0.123,,,,0.111,0.171,0.159,,0.378,,,,,,0.094,,,,,0.16,0.071,0.398,0.388,0.03,0.101,0.317,0.299,0.373,0.071,0.18,0.132,,,0.197,,,0.1,0.058,0.068,,0.039,0.196,,,,,,,,0.24,,0.103,0.797,,,0.025,,0.094,,0.101,0.161,0.093,0.163,0.143,0.365,0.606,0.371,0.188,0.151,0.135,,0.621,,,,,,,,0.121,0.215,0.109,0.143,0.402,,,,,0.109,0.227,0.553,,,0.54,0.618,,0.14,0.155,0.196,0.641,0.638,0.16,0.139,0.612,0.185,,,0.225,,,,,0.159,,,,0.171,,0.105,,0.203,0.113,0.125,0.097,,,,0.429,0.098,,,0.127,0.117
162,14061780,,0.567,0.571,,,,0.256,,,,,0.157,0.214,,0.225,0.132,,0.153,,,,,,,,0.404,,0.408,0.197,,,0.105,,0.422,0.266,,,,0.105,0.125,0.171,,,,0.077,0.493,0.519,0.498,,,,0.241,,0.101,,,,,,0.216,0.175,,,,0.203,0.163,0.054,0.123,,,,0.11,0.171,0.159,,0.372,,,,,,0.095,,,,,0.159,0.072,0.393,0.395,0.031,0.101,0.313,0.304,0.382,0.071,0.181,0.134,,,0.197,,,0.1,0.026,0.095,,0.042,0.196,,,,,,,,0.243,,0.103,0.801,,,0.025,,0.094,,0.101,0.161,0.093,0.162,0.142,0.365,0.605,0.36,0.181,0.152,0.135,,0.621,,,,,,,,0.124,0.219,0.109,0.143,0.402,,,,,0.109,0.226,0.554,,,0.54,0.618,,0.141,0.156,0.196,0.641,0.638,0.16,0.139,0.614,0.182,,,0.233,,,,,0.16,,,,0.169,,0.104,,0.165,0.113,0.124,0.097,,,,0.428,0.1,,,0.127,0.117
162,14061840,,0.568,0.571,,,,0.256,,,,,0.143,0.219,,0.224,0.165,,0.153,,,,,,,,0.404,,0.412,0.198,,,0.105,,0.423,0.268,,,,0.105,0.126,0.171,,,,0.077,0.493,0.519,0.498,,,,0.241,,0.102,,,,,,0.22,0.175,,,,0.203,0.163,0.054,0.124,,,,0.111,0.171,0.159,,0.37,,,,,,0.095,,,,,0.159,0.072,0.412,0.395,0.031,0.101,0.317,0.307,0.383,0.071,0.179,0.132,,,0.197,,,0.099,0.025,0.033,,0.043,0.196,,,,,,,,0.233,,0.103,0.799,,,0.025,,0.094,,0.102,0.162,0.093,0.162,0.142,0.365,0.608,0.361,0.178,0.153,0.135,,0.621,,,,,,,,0.125,0.216,0.109,0.143,0.403,,,,,0.109,0.225,0.554,,,0.54,0.618,,0.141,0.156,0.196,0.641,0.638,0.16,0.14,0.614,0.182,,,0.24,,,,,0.16,,,,0.167,,0.106,,0.197,0.114,0.126,0.097,,,,0.429,0.101,,,0.127,0.118
162,14061900,,0.568,0.571,,,,0.256,,,,,0.138,0.215,,0.224,0.181,,0.153,,,,,,,,0.408,,0.413,0.198,,,0.104,,0.423,0.271,,,,0.105,0.126,0.171,,,,0.077,0.492,0.519,0.498,,,,0.241,,0.091,,,,,,0.224,0.175,,,,0.203,0.163,0.054,0.123,,,,0.099,0.171,0.16,,0.371,,,,,,0.094,,,,,0.169,0.072,0.376,0.4,0.031,0.101,0.311,0.308,0.376,0.071,0.182,0.136,,,0.197,,,0.1,0.034,0.029,,0.042,0.196,,,,,,,,0.235,,0.104,0.802,,,0.025,,0.093,,0.103,0.16,0.092,0.162,0.142,0.365,0.601,0.384,0.187,0.151,0.136,,0.621,,,,,,,,0.125,0.22,0.109,0.143,0.403,,,,,0.109,0.225,0.554,,,0.54,0.618,,0.143,0.156,0.197,0.641,0.638,0.16,0.14,0.616,0.183,,,0.24,,,,,0.158,,,,0.167,,0.105,,0.222,0.115,0.124,0.098,,,,0.428,0.101,,,0.127,0.118
162,14061960,,0.568,0.571,,,,0.256,,,,,0.138,0.221,,0.224,0.166,,0.153,,,,,,,,0.407,,0.415,0.198,,,0.104,,0.423,0.27,,,,0.105,0.128,0.172,,,,0.077,0.492,0.519,0.497,,,,0.241,,0.091,,,,,,0.248,0.176,,,,0.203,0.164,0.054,0.122,,,,0.1,0.171,0.159,,0.374,,,,,,0.094,,,,,0.166,0.072,0.379,0.397,0.031,0.101,0.307,0.306,0.372,0.071,0.179,0.133,,,0.197,,,0.101,0.03,0.019,,0.057,0.196,,,,,,,,0.238,,0.103,0.797,,,0.025,,0.094,,0.101,0.161,0.093,0.161,0.142,0.365,0.608,0.384,0.178,0.152,0.136,,0.621,,,,,,,,0.125,0.218,0.109,0.143,0.402,,,,,0.109,0.224,0.554,,,0.54,0.618,,0.143,0.156,0.196,0.64,0.638,0.16,0.14,0.622,0.181,,,0.236,,,,,0.159,,,,0.166,,0.105,,0.224,0.113,0.125,0.11,,,,0.427,0.101,,,0.127,0.118
162,14062020,,0.568,0.571,,,,0.256,,,,,0.142,0.214,,0.223,0.155,,0.153,,,,,,,,0.406,,0.398,0.2,,,0.104,,0.423,0.271,,,,0.105,0.126,0.17,,,,0.077,0.492,0.519,0.497,,,,0.241,,0.092,,,,,,0.227,0.176,,,,0.203,0.164,0.054,0.122,,,,0.101,0.171,0.159,,0.373,,,,,,0.095,,,,,0.161,0.072,0.39,0.383,0.031,0.101,0.344,0.302,0.363,0.071,0.18,0.132,,,0.197,,,0.101,0.038,0.019,,0.045,0.196,,,,,,,,0.239,,0.104,0.802,,,0.025,,0.094,,0.102,0.162,0.093,0.161,0.14,0.365,0.599,0.383,0.185,0.153,0.135,,0.621,,,,,,,,0.124,0.216,0.109,0.143,0.401,,,,,0.109,0.223,0.554,,,0.54,0.618,,0.14,0.156,0.196,0.641,0.638,0.16,0.14,0.627,0.179,,,0.236,,,,,0.159,,,,0.167,,0.106,,0.226,0.114,0.125,0.108,,,,0.429,0.09,,,0.127,0.118
162,14062080,,0.568,0.571,,,,0.256,,,,,0.139,0.223,,0.223,0.114,,0.153,,,,,,,,0.406,,0.402,0.2,,,0.106,,0.423,0.269,,,,0.105,0.126,0.172,,,,0.077,0.492,0.519,0.497,,,,0.241,,0.092,,,,,,0.213,0.176,,,,0.203,0.164,0.054,0.124,,,,0.101,0.171,0.159,,0.367,,,,,,0.094,,,,,0.157,0.072,0.378,0.388,0.032,0.101,0.421,0.303,0.371,0.071,0.181,0.134,,,0.197,,,0.099,0.193,0.493,,0.046,0.196,,,,,,,,0.229,,0.104,0.802,,,0.025,,0.094,,0.102,0.162,0.093,0.162,0.138,0.365,0.602,0.39,0.18,0.152,0.135,,0.621,,,,,,,,0.124,0.214,0.109,0.143,0.399,,,,,0.108,0.223,0.554,,,0.54,0.618,,0.141,0.156,0.197,0.641,0.638,0.16,0.14,0.623,0.178,,,0.239,,,,,0.159,,,,0.166,,0.105,,0.226,0.114,0.126,0.106,,,,0.429,0.095,,,0.127,0.118
162,14062140,,0.568,0.571,,,,0.256,,,,,0.139,0.217,,0.223,0.136,,0.153,,,,,,,,0.406,,0.409,0.2,,,0.104,,0.423,0.268,,,,0.105,0.126,0.172,,,,0.077,0.492,0.519,0.497,,,,0.241,,0.09,,,,,,0.214,0.176,,,,0.203,0.164,0.054,0.123,,,,0.099,0.171,0.159,,0.364,,,,,,0.094,,,,,0.16,0.072,0.411,0.378,0.032,0.101,0.439,0.3,0.372,0.071,0.18,0.132,,,0.197,,,0.1,0.229,0.748,,0.046,0.196,,,,,,,,0.228,,0.093,0.8,,,0.025,,0.093,,0.101,0.162,0.092,0.161,0.138,0.365,0.606,0.378,0.178,0.152,0.136,,0.622,,,,,,,,0.123,0.213,0.109,0.143,0.399,,,,,0.108,0.222,0.554,,,0.54,0.618,,0.14,0.155,0.197,0.641,0.638,0.16,0.14,0.626,0.18,,,0.237,,,,,0.159,,,,0.166,,0.105,,0.156,0.115,0.125,0.101,,,,0.429,0.098,,,0.127,0.118
162,14062200,,0.568,0.571,,,,0.256,,,,,0.14,0.217,,0.223,0.14,,0.153,,,,,,,,0.406,,0.402,0.201,,,0.104,,0.423,0.265,,,,0.105,0.125,0.172,,,,0.077,0.492,0.519,0.497,,,,0.241,,0.091,,,,,,0.217,0.176,,,,0.203,0.165,0.054,0.123,,,,0.101,0.171,0.159,,0.362,,,,,,0.094,,,,,0.157,0.071,0.403,0.365,0.032,0.101,0.449,0.296,0.373,0.071,0.18,0.131,,,0.197,,,0.1,0.183,0.261,,0.057,0.196,,,,,,,,0.233,,0.094,0.798,,,0.025,,0.093,,0.101,0.162,0.092,0.161,0.139,0.365,0.607,0.383,0.178,0.153,0.136,,0.622,,,,,,,,0.122,0.219,0.109,0.143,0.4,,,,,0.109,0.221,0.553,,,0.541,0.618,,0.14,0.156,0.197,0.641,0.638,0.16,0.14,0.624,0.184,,,0.236,,,,,0.161,,,,0.168,,0.104,,0.163,0.113,0.125,0.098,,,,0.429,0.1,,,0.127,0.118
162,14062260,,0.568,0.571,,,,0.256,,,,,0.139,0.216,,0.223,0.133,,0.153,,,,,,,,0.404,,0.398,0.199,,,0.105,,0.424,0.267,,,,0.105,0.125,0.171,,,,0.078,0.491,0.519,0.497,,,,0.241,,0.092,,,,,,0.221,0.176,,,,0.203,0.164,0.053,0.123,,,,0.101,0.171,0.159,,0.362,,,,,,0.094,,,,,0.159,0.071,0.391,0.355,0.032,0.101,0.46,0.295,0.374,0.071,0.184,0.13,,,0.197,,,0.101,0.031,0.017,,0.072,0.196,,,,,,,,0.23,,0.095,0.803,,,0.025,,0.094,,0.102,0.162,0.093,0.161,0.139,0.365,0.609,0.42,0.182,0.154,0.136,,0.622,,,,,,,,0.121,0.215,0.109,0.143,0.399,,,,,0.109,0.221,0.554,,,0.54,0.618,,0.14,0.155,0.197,0.641,0.638,0.16,0.14,0.619,0.186,,,0.233,,,,,0.158,,,,0.168,,0.105,,0.177,0.111,0.125,0.099,,,,0.43,0.098,,,0.127,0.118
162,14062320,,0.568,0.571,,,,0.257,,,,,0.141,0.234,,0.225,0.164,,0.153,,,,,,,,0.404,,0.398,0.199,,,0.105,,0.424,0.27,,,,0.105,0.126,0.171,,,,0.078,0.491,0.519,0.497,,,,0.241,,0.092,,,,,,0.222,0.176,,,,0.203,0.165,0.054,0.123,,,,0.101,0.171,0.159,,0.368,,,,,,0.095,,,,,0.157,0.072,0.422,0.361,0.032,0.101,0.45,0.301,0.375,0.071,0.181,0.132,,,0.197,,,0.1,0.024,0.017,,0.049,0.196,,,,,,,,0.236,,0.095,0.802,,,0.025,,0.093,,0.101,0.162,0.094,0.161,0.14,0.365,0.549,0.406,0.184,0.152,0.135,,0.621,,,,,,,,0.12,0.218,0.109,0.143,0.401,,,,,0.109,0.22,0.554,,,0.54,0.618,,0.14,0.156,0.197,0.641,0.638,0.16,0.14,0.621,0.186,,,0.233,,,,,0.159,,,,0.166,,0.103,,0.177,0.112,0.115,0.1,,,,0.431,0.098,,,0.127,0.117
162,14062380,,0.568,0.57,,,,0.256,,,,,0.14,0.236,,0.224,0.173,,0.153,,,,,,,,0.405,,0.393,0.2,,,0.095,,0.423,0.27,,,,0.105,0.126,0.171,,,,0.078,0.492,0.519,0.498,,,,0.241,,0.091,,,,,,0.221,0.176,,,,0.203,0.165,0.054,0.124,,,,0.1,0.171,0.159,,0.372,,,,,,0.094,,,,,0.16,0.072,0.401,0.35,0.032,0.101,0.461,0.305,0.377,0.071,0.18,0.132,,,0.197,,,0.1,0.047,0.044,,0.047,0.196,,,,,,,,0.219,,0.093,0.803,,,0.025,,0.093,,0.101,0.161,0.093,0.162,0.139,0.365,0.581,0.38,0.18,0.153,0.136,,0.621,,,,,,,,0.119,0.22,0.109,0.143,0.402,,,,,0.109,0.219,0.554,,,0.54,0.618,,0.14,0.155,0.197,0.64,0.638,0.16,0.14,0.617,0.188,,,0.234,,,,,0.157,,,,0.163,,0.105,,0.179,0.112,0.115,0.1,,,,0.43,0.099,,,0.127,0.118
162,14062440,,0.568,0.571,,,,0.256,,,,,0.139,0.241,,0.224,0.173,,0.153,,,,,,,,0.406,,0.392,0.2,,,0.095,,0.423,0.267,,,,0.105,0.126,0.172,,,,0.078,0.492,0.519,0.497,,,,0.241,,0.092,,,,,,0.232,0.176,,,,0.203,0.166,0.054,0.123,,,,0.101,0.171,0.159,,0.373,,,,,,0.095,,,,,0.164,0.072,0.401,0.339,0.033,0.101,0.462,0.313,0.378,0.071,0.18,0.131,,,0.197,,,0.101,0.032,0.021,,0.109,0.196,,,,,,,,0.218,,0.093,0.803,,,0.025,,0.093,,0.102,0.161,0.093,0.161,0.139,0.365,0.598,0.371,0.181,0.152,0.136,,0.621,,,,,,,,0.117,0.221,0.109,0.143,0.401,,,,,0.108,0.218,0.554,,,0.54,0.618,,0.14,0.157,0.197,0.64,0.638,0.16,0.14,0.618,0.186,,,0.232,,,,,0.158,,,,0.164,,0.105,,0.185,0.113,0.116,0.104,,,,0.43,0.086,,,0.127,0.118
162,14062500,,0.568,0.571,,,,0.256,,,,,0.139,0.231,,0.224,0.166,,0.153,,,,,,,,0.406,,0.401,0.2,,,0.095,,0.423,0.266,,,,0.105,0.126,0.17,,,,0.078,0.493,0.519,0.498,,,,0.241,,0.092,,,,,,0.232,0.176,,,,0.203,0.167,0.054,0.123,,,,0.101,0.171,0.159,,0.37,,,,,,0.095,,,,,0.161,0.071,0.382,0.345,0.033,0.101,0.46,0.306,0.379,0.071,0.178,0.131,,,0.197,,,0.101,0.031,0.033,,0.072,0.196,,,,,,,,0.221,,0.094,0.796,,,0.025,,0.094,,0.102,0.162,0.092,0.157,0.14,0.365,0.585,0.39,0.182,0.151,0.136,,0.621,,,,,,,,0.118,0.216,0.109,0.143,0.399,,,,,0.109,0.218,0.554,,,0.54,0.618,,0.14,0.156,0.197,0.641,0.638,0.16,0.14,0.613,0.185,,,0.234,,,,,0.16,,,,0.165,,0.104,,0.185,0.114,0.117,0.104,,,,0.43,0.085,,,0.127,0.117
162,14062560,,0.568,0.571,,,,0.256,,,,,0.14,0.245,,0.224,0.168,,0.153,,,,,,,,0.406,,0.412,0.2,,,0.094,,0.423,0.267,,,,0.105,0.126,0.171,,,,0.078,0.493,0.519,0.497,,,,0.241,,0.093,,,,,,0.229,0.176,,,,0.203,0.166,0.054,0.124,,,,0.101,0.171,0.159,,0.366,,,,,,0.096,,,,,0.163,0.071,0.39,0.336,0.033,0.101,0.473,0.303,0.381,0.071,0.178,0.13,,,0.197,,,0.1,0.055,0.047,,0.137,0.196,,,,,,,,0.223,,0.094,0.797,,,0.025,,0.094,,0.101,0.161,0.093,0.157,0.138,0.365,0.592,0.384,0.181,0.153,0.135,,0.621,,,,,,,,0.117,0.214,0.109,0.143,0.399,,,,,0.109,0.218,0.554,,,0.54,0.618,,0.14,0.157,0.197,0.64,0.638,0.16,0.14,0.609,0.184,,,0.23,,,,,0.16,,,,0.165,,0.104,,0.179,0.113,0.115,0.101,,,,0.43,0.095,,,0.127,0.117
162,14062620,,0.568,0.571,,,,0.256,,,,,0.143,0.251,,0.224,0.146,,0.153,,,,,,,,0.404,,0.414,0.2,,,0.094,,0.423,0.269,,,,0.105,0.125,0.171,,,,0.077,0.493,0.519,0.498,,,,0.241,,0.092,,,,,,0.211,0.176,,,,0.203,0.166,0.054,0.124,,,,0.103,0.171,0.159,,0.37,,,,,,0.094,,,,,0.158,0.071,0.377,0.328,0.033,0.101,0.471,0.307,0.382,0.071,0.178,0.131,,,0.197,,,0.101,0.026,0.014,,0.056,0.196,,,,,,,,0.225,,0.094,0.807,,,0.025,,0.093,,0.102,0.161,0.092,0.158,0.139,0.365,0.583,0.397,0.18,0.153,0.135,,0.621,,,,,,,,0.114,0.217,0.109,0.143,0.401,,,,,0.108,0.217,0.554,,,0.541,0.618,,0.14,0.156,0.197,0.641,0.638,0.16,0.14,0.621,0.182,,,0.229,,,,,0.16,,,,0.165,,0.104,,0.178,0.113,0.115,0.101,,,,0.431,0.099,,,0.127,0.117
162,14062680,,0.568,0.571,,,,0.256,,,,,0.141,0.264,,0.224,0.103,,0.153,,,,,,,,0.404,,0.412,0.2,,,0.094,,0.424,0.269,,,,0.105,0.125,0.17,,,,0.078,0.494,0.519,0.497,,,,0.241,,0.092,,,,,,0.214,0.176,,,,0.203,0.166,0.054,0.124,,,,0.105,0.17,0.158,,0.369,,,,,,0.094,,,,,0.159,0.071,0.378,0.331,0.033,0.101,0.471,0.307,0.383,0.071,0.179,0.13,,,0.197,,,0.101,0.071,0.144,,0.126,0.196,,,,,,,,0.215,,0.093,0.813,,,0.025,,0.093,,0.102,0.161,0.092,0.157,0.139,0.365,0.594,0.385,0.181,0.152,0.136,,0.622,,,,,,,,0.113,0.217,0.109,0.143,0.398,,,,,0.108,0.217,0.554,,,0.541,0.618,,0.14,0.155,0.197,0.641,0.638,0.16,0.14,0.631,0.182,,,0.235,,,,,0.159,,,,0.165,,0.105,,0.122,0.111,0.114,0.099,,,,0.431,0.099,,,0.127,0.117
162,14062740,,0.568,0.571,,,,0.257,,,,,0.139,0.272,,0.224,0.136,,0.153,,,,,,,,0.404,,0.414,0.2,,,0.095,,0.424,0.268,,,,0.105,0.126,0.171,,,,0.077,0.492,0.519,0.497,,,,0.241,,0.093,,,,,,0.218,0.176,,,,0.203,0.166,0.054,0.124,,,,0.11,0.171,0.159,,0.366,,,,,,0.095,,,,,0.158,0.072,0.383,0.332,0.033,0.101,0.471,0.306,0.384,0.071,0.178,0.132,,,0.197,,,0.101,0.028,0.059,,0.05,0.196,,,,,,,,0.23,,0.095,0.812,,,0.025,,0.094,,0.103,0.161,0.093,0.157,0.139,0.365,0.582,0.387,0.182,0.153,0.136,,0.622,,,,,,,,0.112,0.217,0.109,0.143,0.398,,,,,0.108,0.216,0.554,,,0.541,0.618,,0.14,0.156,0.197,0.641,0.638,0.16,0.14,0.633,0.183,,,0.236,,,,,0.159,,,,0.165,,0.105,,0.181,0.112,0.116,0.101,,,,0.429,0.099,,,0.127,0.117
162,14062800,,0.568,0.571,,,,0.257,,,,,0.139,0.252,,0.224,0.122,,0.154,,,,,,,,0.404,,0.415,0.2,,,0.095,,0.424,0.268,,,,0.105,0.125,0.172,,,,0.077,0.492,0.519,0.497,,,,0.241,,0.093,,,,,,0.217,0.176,,,,0.203,0.166,0.054,0.149,,,,0.114,0.171,0.159,,0.367,,,,,,0.093,,,,,0.168,0.072,0.391,0.324,0.033,0.101,0.473,0.31,0.385,0.071,0.178,0.129,,,0.197,,,0.1,0.022,0.015,,0.058,0.196,,,,,,,,0.222,,0.095,0.808,,,0.025,,0.093,,0.101,0.161,0.091,0.157,0.139,0.365,0.582,0.387,0.179,0.153,0.136,,0.622,,,,,,,,0.122,0.219,0.109,0.143,0.402,,,,,0.109,0.217,0.554,,,0.541,0.619,,0.141,0.157,0.198,0.641,0.638,0.16,0.14,0.629,0.182,,,0.236,,,,,0.161,,,,0.166,,0.105,,0.22,0.112,0.114,0.101,,,,0.429,0.098,,,0.127,0.117
162,14062860,,0.568,0.571,,,,0.257,,,,,0.139,0.244,,0.224,0.138,,0.154,,,,,,,,0.405,,0.424,0.2,,,0.094,,0.424,0.265,,,,0.105,0.125,0.171,,,,0.077,0.492,0.519,0.497,,,,0.241,,0.092,,,,,,0.216,0.176,,,,0.203,0.166,0.054,0.178,,,,0.114,0.171,0.159,,0.37,,,,,,0.094,,,,,0.166,0.071,0.374,0.324,0.033,0.101,0.476,0.315,0.385,0.071,0.177,0.129,,,0.197,,,0.1,0.026,0.016,,0.075,0.196,,,,,,,,0.215,,0.093,0.806,,,0.025,,0.093,,0.102,0.162,0.093,0.157,0.139,0.365,0.575,0.393,0.184,0.153,0.136,,0.622,,,,,,,,0.123,0.216,0.109,0.143,0.4,,,,,0.109,0.217,0.554,,,0.541,0.619,,0.14,0.157,0.198,0.64,0.638,0.16,0.14,0.618,0.185,,,0.235,,,,,0.159,,,,0.165,,0.105,,0.228,0.112,0.115,0.099,,,,0.431,0.099,,,0.127,0.117
162,14062920,,0.568,0.571,,,,0.257,,,,,0.14,0.248,,0.224,0.135,,0.153,,,,,,,,0.405,,0.414,0.2,,,0.108,,0.424,0.267,,,,0.105,0.125,0.171,,,,0.077,0.492,0.519,0.497,,,,0.241,,0.092,,,,,,0.218,0.176,,,,0.203,0.166,0.054,0.106,,,,0.109,0.171,0.159,,0.373,,,,,,0.095,,,,,0.158,0.071,0.403,0.326,0.033,0.101,0.468,0.315,0.386,0.071,0.179,0.128,,,0.197,,,0.101,0.024,0.013,,0.047,0.197,,,,,,,,0.231,,0.094,0.805,,,0.025,,0.094,,0.103,0.164,0.093,0.157,0.139,0.365,0.598,0.381,0.187,0.154,0.135,,0.622,,,,,,,,0.122,0.222,0.109,0.143,0.401,,,,,0.109,0.216,0.554,,,0.541,0.619,,0.14,0.156,0.197,0.641,0.638,0.16,0.14,0.608,0.184,,,0.231,,,,,0.161,,,,0.164,,0.104,,0.232,0.112,0.116,0.099,,,,0.431,0.1,,,0.127,0.117
162,14062980,,0.568,0.571,,,,0.257,,,,,0.141,0.239,,0.224,0.104,,0.153,,,,,,,,0.404,,0.408,0.2,,,0.109,,0.424,0.272,,,,0.105,0.125,0.17,,,,0.077,0.493,0.519,0.497,,,,0.241,,0.092,,,,,,0.217,0.176,,,,0.203,0.167,0.054,0.108,,,,0.113,0.171,0.159,,0.37,,,,,,0.093,,,,,0.161,0.072,0.373,0.329,0.033,0.101,0.475,0.314,0.386,0.071,0.18,0.131,,,0.198,,,0.099,0.072,0.071,,0.048,0.196,,,,,,,,0.218,,0.095,0.802,,,0.025,,0.095,,0.103,0.161,0.094,0.157,0.139,0.365,0.585,0.394,0.18,0.153,0.135,,0.622,,,,,,,,0.122,0.219,0.109,0.143,0.4,,,,,0.109,0.216,0.554,,,0.541,0.619,,0.14,0.156,0.197,0.641,0.638,0.16,0.14,0.613,0.183,,,0.223,,,,,0.16,,,,0.164,,0.105,,0.236,0.112,0.117,0.098,,,,0.43,0.096,,,0.127,0.117
162,14063040,,0.568,0.571,,,,0.257,,,,,0.141,0.236,,0.223,0.105,,0.154,,,,,,,,0.404,,0.411,0.201,,,0.111,,0.424,0.273,,,,0.105,0.125,0.171,,,,0.077,0.493,0.519,0.497,,,,0.241,,0.092,,,,,,0.218,0.176,,,,0.203,0.166,0.054,0.107,,,,0.114,0.171,0.159,,0.365,,,,,,0.094,,,,,0.163,0.072,0.389,0.339,0.033,0.101,0.463,0.318,0.392,0.071,0.181,0.135,,,0.198,,,0.1,0.027,0.015,,0.04,0.197,,,,,,,,0.214,,0.095,0.81,,,0.025,,0.093,,0.101,0.162,0.091,0.157,0.139,0.365,0.592,0.387,0.189,0.153,0.136,,0.621,,,,,,,,0.121,0.215,0.109,0.143,0.398,,,,,0.109,0.216,0.554,,,0.541,0.619,,0.141,0.157,0.197,0.641,0.638,0.16,0.14,0.612,0.182,,,0.22,,,,,0.159,,,,0.164,,0.106,,0.247,0.113,0.116,0.097,,,,0.43,0.092,,,0.127,0.117
162,14063100,,0.568,0.571,,,,0.257,,,,,0.14,0.224,,0.223,0.121,,0.153,,,,,,,,0.405,,0.399,0.201,,,0.113,,0.424,0.272,,,,0.105,0.126,0.171,,,,0.077,0.492,0.519,0.497,,,,0.241,,0.092,,,,,,0.22,0.176,,,,0.203,0.167,0.054,0.107,,,,0.109,0.171,0.159,,0.367,,,,,,0.095,,,,,0.162,0.071,0.4,0.344,0.034,0.101,0.477,0.318,0.391,0.071,0.18,0.134,,,0.198,,,0.101,0.036,0.016,,0.069,0.197,,,,,,,,0.211,,0.094,0.807,,,0.025,,0.094,,0.103,0.161,0.092,0.158,0.139,0.365,0.599,0.379,0.18,0.153,0.136,,0.622,,,,,,,,0.121,0.217,0.109,0.143,0.401,,,,,0.109,0.215,0.554,,,0.541,0.619,,0.14,0.156,0.197,0.641,0.638,0.16,0.14,0.61,0.182,,,0.216,,,,,0.158,,,,0.165,,0.105,,0.242,0.112,0.116,0.104,,,,0.43,0.095,,,0.127,0.117
162,14063160,,0.568,0.571,,,,0.257,,,,,0.16,0.221,,0.223,0.135,,0.154,,,,,,,,0.405,,0.42,0.201,,,0.091,,0.424,0.271,,,,0.104,0.129,0.171,,,,0.078,0.493,0.519,0.497,,,,0.241,,0.092,,,,,,0.239,0.176,,,,0.203,0.167,0.054,0.11,,,,0.112,0.171,0.159,,0.369,,,,,,0.095,,,,,0.159,0.072,0.376,0.331,0.034,0.101,0.46,0.324,0.391,0.071,0.18,0.133,,,0.198,,,0.101,0.039,0.055,,0.089,0.196,,,,,,,,0.216,,0.094,0.808,,,0.025,,0.094,,0.103,0.161,0.093,0.158,0.14,0.365,0.6,0.378,0.189,0.152,0.137,,0.622,,,,,,,,0.12,0.217,0.109,0.143,0.4,,,,,0.109,0.214,0.554,,,0.541,0.619,,0.144,0.155,0.197,0.641,0.638,0.16,0.14,0.613,0.182,,,0.214,,,,,0.16,,,,0.165,,0.103,,0.235,0.113,0.116,0.112,,,,0.43,0.094,,,0.127,0.117
162,14063220,,0.568,0.57,,,,0.257,,,,,0.149,0.238,,0.223,0.112,,0.153,,,,,,,,0.405,,0.41,0.2,,,0.092,,0.424,0.269,,,,0.105,0.127,0.17,,,,0.078,0.492,0.519,0.497,,,,0.241,,0.092,,,,,,0.225,0.176,,,,0.203,0.167,0.054,0.111,,,,0.115,0.171,0.159,,0.365,,,,,,0.093,,,,,0.155,0.072,0.402,0.322,0.034,0.101,0.462,0.323,0.391,0.071,0.179,0.134,,,0.198,,,0.1,0.048,0.025,,0.044,0.196,,,,,,,,0.212,,0.095,0.802,,,0.025,,0.095,,0.104,0.162,0.093,0.157,0.14,0.365,0.599,0.377,0.182,0.152,0.137,,0.622,,,,,,,,0.118,0.217,0.109,0.143,0.399,,,,,0.109,0.214,0.554,,,0.541,0.619,,0.145,0.155,0.198,0.641,0.638,0.16,0.14,0.611,0.183,,,0.216,,,,,0.159,,,,0.164,,0.104,,0.229,0.113,0.116,0.108,,,,0.431,0.078,,,0.127,0.117
162,14063280,,0.568,0.571,,,,0.257,,,,,0.142,0.249,,0.223,0.096,,0.153,,,,,,,,0.404,,0.416,0.201,,,0.094,,0.424,0.267,,,,0.104,0.127,0.172,,,,0.078,0.492,0.519,0.497,,,,0.241,,0.092,,,,,,0.221,0.176,,,,0.203,0.167,0.054,0.109,,,,0.097,0.171,0.159,,0.37,,,,,,0.094,,,,,0.157,0.072,0.409,0.316,0.034,0.101,0.466,0.318,0.392,0.071,0.181,0.133,,,0.198,,,0.101,0.03,0.033,,0.058,0.196,,,,,,,,0.22,,0.092,0.802,,,0.025,,0.093,,0.103,0.162,0.093,0.158,0.139,0.365,0.602,0.368,0.185,0.153,0.137,,0.622,,,,,,,,0.117,0.214,0.109,0.143,0.399,,,,,0.109,0.214,0.554,,,0.541,0.619,,0.141,0.155,0.197,0.641,0.638,0.16,0.14,0.606,0.181,,,0.22,,,,,0.157,,,,0.165,,0.104,,0.224,0.113,0.115,0.105,,,,0.432,0.088,,,0.127,0.118
162,14063340,,0.568,0.571,,,,0.257,,,,,0.148,0.262,,0.223,0.112,,0.153,,,,,,,,0.404,,0.411,0.201,,,0.092,,0.424,0.269,,,,0.104,0.126,0.172,,,,0.078,0.492,0.519,0.498,,,,0.241,,0.092,,,,,,0.218,0.176,,,,0.203,0.167,0.054,0.11,,,,0.097,0.171,0.159,,0.367,,,,,,0.095,,,,,0.157,0.072,0.389,0.312,0.034,0.101,0.461,0.313,0.392,0.071,0.179,0.129,,,0.198,,,0.101,0.039,0.017,,0.112,0.196,,,,,,,,0.221,,0.093,0.803,,,0.025,,0.093,,0.103,0.162,0.092,0.157,0.139,0.365,0.605,0.368,0.181,0.153,0.136,,0.622,,,,,,,,0.115,0.213,0.109,0.143,0.396,,,,,0.109,0.214,0.554,,,0.541,0.619,,0.141,0.155,0.197,0.641,0.638,0.16,0.14,0.605,0.184,,,0.224,,,,,0.158,,,,0.165,,0.103,,0.168,0.113,0.115,0.098,,,,0.43,0.091,,,0.127,0.118
162,14063400,,0.568,0.571,,,,0.257,,,,,0.142,0.259,,0.224,0.125,,0.153,,,,,,,,0.404,,0.417,0.201,,,0.093,,0.424,0.268,,,,0.104,0.126,0.172,,,,0.078,0.494,0.519,0.498,,,,0.241,,0.093,,,,,,0.22,0.176,,,,0.203,0.167,0.054,0.111,,,,0.095,0.172,0.161,,0.374,,,,,,0.095,,,,,0.157,0.072,0.357,0.311,0.035,0.101,0.471,0.311,0.393,0.071,0.178,0.133,,,0.198,,,0.101,0.121,0.179,,0.035,0.198,,,,,,,,0.231,,0.093,0.801,,,0.024,,0.094,,0.103,0.161,0.093,0.159,0.139,0.365,0.594,0.371,0.186,0.153,0.136,,0.623,,,,,,,,0.126,0.228,0.109,0.143,0.4,,,,,0.11,0.214,0.554,,,0.541,0.619,,0.14,0.155,0.198,0.641,0.638,0.16,0.14,0.611,0.184,,,0.231,,,,,0.158,,,,0.18,,0.103,,0.17,0.112,0.116,0.098,,,,0.431,0.092,,,0.127,0.117
162,14063460,,0.568,0.571,,,,0.257,,,,,0.143,0.273,,0.224,0.115,,0.154,,,,,,,,0.404,,0.417,0.201,,,0.094,,0.424,0.268,,,,0.104,0.126,0.171,,,,0.079,0.494,0.519,0.498,,,,0.241,,0.092,,,,,,0.22,0.176,,,,0.203,0.167,0.054,0.111,,,,0.095,0.171,0.159,,0.381,,,,,,0.095,,,,,0.158,0.071,0.366,0.317,0.034,0.101,0.47,0.31,0.393,0.071,0.18,0.128,,,0.198,,,0.101,0.091,0.051,,0.04,0.198,,,,,,,,0.225,,0.094,0.802,,,0.024,,0.094,,0.102,0.162,0.093,0.157,0.139,0.365,0.597,0.367,0.181,0.153,0.136,,0.623,,,,,,,,0.125,0.216,0.109,0.143,0.4,,,,,0.11,0.213,0.554,,,0.541,0.619,,0.141,0.156,0.197,0.641,0.638,0.16,0.14,0.61,0.185,,,0.228,,,,,0.159,,,,0.18,,0.104,,0.179,0.113,0.116,0.099,,,,0.43,0.094,,,0.127,0.117
162,14063520,,0.568,0.571,,,,0.257,,,,,0.14,0.251,,0.225,0.117,,0.153,,,,,,,,0.404,,0.405,0.201,,,0.092,,0.424,0.266,,,,0.104,0.126,0.172,,,,0.078,0.494,0.519,0.498,,,,0.241,,0.093,,,,,,0.214,0.176,,,,0.203,0.167,0.054,0.111,,,,0.098,0.17,0.159,,0.375,,,,,,0.094,,,,,0.153,0.072,0.359,0.309,0.034,0.101,0.474,0.308,0.393,0.071,0.179,0.13,,,0.198,,,0.1,0.08,0.078,,0.04,0.198,,,,,,,,0.226,,0.095,0.798,,,0.025,,0.092,,0.102,0.162,0.093,0.158,0.139,0.365,0.593,0.376,0.181,0.153,0.136,,0.623,,,,,,,,0.124,0.216,0.109,0.143,0.399,,,,,0.109,0.213,0.554,,,0.541,0.619,,0.143,0.155,0.197,0.641,0.638,0.16,0.141,0.604,0.186,,,0.223,,,,,0.158,,,,0.179,,0.103,,0.183,0.113,0.115,0.099,,,,0.428,0.09,,,0.127,0.117
162,14063580,,0.568,0.571,,,,0.257,,,,,0.142,0.257,,0.224,0.101,,0.153,,,,,,,,0.404,,0.417,0.201,,,0.093,,0.424,0.267,,,,0.104,0.125,0.172,,,,0.078,0.495,0.519,0.498,,,,0.241,,0.092,,,,,,0.218,0.176,,,,0.203,0.167,0.054,0.112,,,,0.096,0.171,0.159,,0.368,,,,,,0.094,,,,,0.157,0.071,0.394,0.309,0.034,0.101,0.462,0.311,0.394,0.071,0.178,0.132,,,0.198,,,0.101,0.061,0.074,,0.066,0.198,,,,,,,,0.223,,0.093,0.797,,,0.024,,0.093,,0.103,0.163,0.092,0.158,0.139,0.365,0.607,0.38,0.183,0.154,0.136,,0.623,,,,,,,,0.123,0.214,0.109,0.143,0.399,,,,,0.109,0.212,0.554,,,0.541,0.619,,0.143,0.155,0.198,0.641,0.638,0.16,0.14,0.601,0.187,,,0.222,,,,,0.159,,,,0.174,,0.104,,0.2,0.113,0.116,0.097,,,,0.428,0.093,,,0.127,0.118
162,14063640,,0.568,0.571,,,,0.257,,,,,0.141,0.257,,0.224,0.106,,0.153,,,,,,,,0.404,,0.41,0.2,,,0.094,,0.424,0.269,,,,0.104,0.126,0.172,,,,0.078,0.495,0.519,0.497,,,,0.241,,0.091,,,,,,0.22,0.176,,,,0.203,0.167,0.054,0.111,,,,0.097,0.171,0.158,,0.364,,,,,,0.095,,,,,0.156,0.071,0.405,0.308,0.034,0.101,0.474,0.314,0.394,0.071,0.177,0.132,,,0.198,,,0.101,0.045,0.049,,0.048,0.197,,,,,,,,0.226,,0.093,0.801,,,0.025,,0.094,,0.102,0.162,0.092,0.157,0.139,0.365,0.604,0.365,0.179,0.152,0.136,,0.622,,,,,,,,0.124,0.218,0.109,0.143,0.398,,,,,0.109,0.211,0.554,,,0.541,0.619,,0.139,0.156,0.198,0.641,0.638,0.16,0.14,0.597,0.188,,,0.225,,,,,0.159,,,,0.172,,0.103,,0.214,0.113,0.117,0.098,,,,0.428,0.094,,,0.127,0.118
162,14063700,,0.568,0.571,,,,0.257,,,,,0.142,0.262,,0.223,0.112,,0.153,,,,,,,,0.405,,0.413,0.201,,,0.094,,0.424,0.274,,,,0.104,0.126,0.171,,,,0.077,0.492,0.519,0.497,,,,0.241,,0.093,,,,,,0.226,0.176,,,,0.203,0.166,0.054,0.111,,,,0.099,0.17,0.158,,0.361,,,,,,0.095,,,,,0.158,0.071,0.208,0.299,0.034,0.101,0.469,0.311,0.394,0.071,0.179,0.131,,,0.198,,,0.101,0.028,0.016,,0.051,0.197,,,,,,,,0.231,,0.094,0.799,,,0.025,,0.094,,0.102,0.162,0.093,0.158,0.14,0.365,0.605,0.382,0.19,0.153,0.137,,0.622,,,,,,,,0.124,0.214,0.109,0.143,0.397,,,,,0.109,0.211,0.554,,,0.541,0.619,,0.14,0.155,0.198,0.641,0.638,0.16,0.14,0.595,0.189,,,0.226,,,,,0.159,,,,0.169,,0.104,,0.219,0.113,0.117,0.098,,,,0.428,0.095,,,0.127,0.119
162,14063760,,0.568,0.571,,,,0.257,,,,,0.143,0.259,,0.223,0.12,,0.153,,,,,,,,0.404,,0.405,0.201,,,0.093,,0.425,0.274,,,,0.104,0.127,0.171,,,,0.077,0.492,0.519,0.497,,,,0.241,,0.093,,,,,,0.228,0.176,,,,0.203,0.166,0.054,0.111,,,,0.099,0.171,0.159,,0.36,,,,,,0.094,,,,,0.157,0.071,0.308,0.312,0.034,0.101,0.469,0.31,0.394,0.071,0.179,0.131,,,0.198,,,0.101,0.082,0.017,,0.042,0.197,,,,,,,,0.218,,0.093,0.801,,,0.025,,0.093,,0.129,0.163,0.094,0.157,0.14,0.365,0.605,0.374,0.189,0.153,0.136,,0.622,,,,,,,,0.122,0.215,0.109,0.143,0.396,,,,,0.109,0.211,0.554,,,0.541,0.619,,0.14,0.156,0.198,0.641,0.638,0.16,0.14,0.595,0.189,,,0.222,,,,,0.16,,,,0.167,,0.104,,0.214,0.114,0.115,0.101,,,,0.429,0.092,,,0.127,0.118
162,14063820,,0.568,0.57,,,,0.257,,,,,0.154,0.263,,0.223,0.127,,0.153,,,,,,,,0.405,,0.41,0.202,,,0.107,,0.424,0.274,,,,0.104,0.126,0.172,,,,0.077,0.492,0.519,0.498,,,,0.241,,0.092,,,,,,0.222,0.176,,,,0.203,0.167,0.054,0.112,,,,0.096,0.171,0.158,,0.36,,,,,,0.095,,,,,0.157,0.072,0.316,0.309,0.034,0.101,0.472,0.312,0.395,0.071,0.18,0.131,,,0.198,,,0.101,0.127,0.278,,0.08,0.197,,,,,,,,0.208,,0.093,0.803,,,0.025,,0.093,,0.132,0.163,0.092,0.158,0.141,0.365,0.605,0.39,0.184,0.152,0.137,,0.622,,,,,,,,0.121,0.218,0.109,0.143,0.397,,,,,0.109,0.211,0.554,,,0.541,0.619,,0.141,0.156,0.198,0.64,0.638,0.16,0.14,0.603,0.187,,,0.221,,,,,0.159,,,,0.168,,0.105,,0.166,0.113,0.114,0.101,,,,0.429,0.092,,,0.127,0.118
162,14063880,,0.568,0.571,,,,0.257,,,,,0.143,0.278,,0.223,0.113,,0.153,,,,,,,,0.404,,0.406,0.202,,,0.108,,0.425,0.272,,,,0.104,0.125,0.17,,,,0.077,0.492,0.519,0.498,,,,0.241,,0.092,,,,,,0.226,0.176,,,,0.203,0.166,0.054,0.113,,,,0.095,0.171,0.159,,0.363,,,,,,0.096,,,,,0.16,0.071,0.327,0.297,0.034,0.101,0.475,0.311,0.395,0.071,0.181,0.131,,,0.198,,,0.102,0.056,0.075,,0.051,0.197,,,,,,,,0.222,,0.094,0.814,,,0.025,,0.094,,0.084,0.163,0.093,0.158,0.14,0.365,0.621,0.388,0.185,0.153,0.136,,0.622,,,,,,,,0.12,0.219,0.109,0.143,0.399,,,,,0.109,0.21,0.554,,,0.542,0.619,,0.139,0.155,0.198,0.64,0.638,0.16,0.14,0.615,0.186,,,0.215,,,,,0.159,,,,0.167,,0.103,,0.197,0.113,0.116,0.1,,,,0.43,0.093,,,0.127,0.118
162,14063940,,0.568,0.571,,,,0.257,,,,,0.144,0.264,,0.223,0.113,,0.153,,,,,,,,0.404,,0.404,0.202,,,0.109,,0.425,0.271,,,,0.104,0.125,0.17,,,,0.077,0.492,0.519,0.498,,,,0.241,,0.093,,,,,,0.217,0.176,,,,0.203,0.166,0.054,0.112,,,,0.099,0.171,0.159,,0.367,,,,,,0.095,,,,,0.159,0.072,0.317,0.303,0.034,0.101,0.483,0.308,0.396,0.071,0.18,0.13,,,0.198,,,0.102,0.031,0.017,,0.041,0.197,,,,,,,,0.254,,0.094,0.812,,,0.025,,0.093,,0.088,0.163,0.093,0.158,0.139,0.365,0.59,0.39,0.18,0.153,0.137,,0.622,,,,,,,,0.119,0.218,0.109,0.143,0.4,,,,,0.109,0.21,0.554,,,0.542,0.619,,0.14,0.156,0.198,0.64,0.638,0.16,0.14,0.619,0.186,,,0.22,,,,,0.16,,,,0.167,,0.103,,0.209,0.113,0.116,0.099,,,,0.43,0.092,,,0.127,0.118
162,14064000,,0.568,0.571,,,,0.257,,,,,0.147,0.268,,0.223,0.136,,0.153,,,,,,,,0.406,,0.401,0.202,,,0.112,,0.425,0.27,,,,0.104,0.125,0.171,,,,0.078,0.493,0.519,0.498,,,,0.241,,0.092,,,,,,0.216,0.176,,,,0.203,0.166,0.054,0.113,,,,0.097,0.171,0.159,,0.364,,,,,,0.094,,,,,0.158,0.072,0.406,0.304,0.034,0.101,0.477,0.313,0.397,0.071,0.179,0.131,,,0.198,,,0.101,0.03,0.045,,0.126,0.197,,,,,,,,0.23,,0.095,0.812,,,0.025,,0.094,,0.092,0.162,0.092,0.158,0.138,0.365,0.6,0.381,0.185,0.152,0.136,,0.622,,,,,,,,0.118,0.218,0.109,0.143,0.397,,,,,0.109,0.21,0.554,,,0.542,0.619,,0.14,0.157,0.198,0.64,0.638,0.16,0.14,0.62,0.187,,,0.227,,,,,0.159,,,,0.17,,0.103,,0.211,0.114,0.115,0.098,,,,0.432,0.094,,,0.127,0.118
162,14064060,,0.568,0.57,,,,0.257,,,,,0.145,0.272,,0.224,0.126,,0.153,,,,,,,,0.405,,0.389,0.202,,,0.114,,0.425,0.272,,,,0.104,0.125,0.172,,,,0.078,0.493,0.519,0.498,,,,0.241,,0.091,,,,,,0.221,0.176,,,,0.203,0.166,0.054,0.115,,,,0.096,0.171,0.159,,0.361,,,,,,0.095,,,,,0.159,0.071,0.433,0.294,0.034,0.101,0.476,0.308,0.398,0.071,0.177,0.13,,,0.198,,,0.102,0.025,0.017,,0.041,0.197,,,,,,,,0.217,,0.094,0.809,,,0.025,,0.094,,0.091,0.163,0.093,0.159,0.139,0.365,0.581,0.373,0.181,0.152,0.137,,0.622,,,,,,,,0.118,0.22,0.109,0.143,0.4,,,,,0.109,0.21,0.554,,,0.542,0.619,,0.14,0.155,0.198,0.64,0.638,0.16,0.14,0.622,0.187,,,0.227,,,,,0.16,,,,0.169,,0.104,,0.243,0.112,0.115,0.098,,,,0.431,0.093,,,0.127,0.118
162,14064120,,0.568,0.57,,,,0.258,,,,,0.147,0.272,,0.223,0.121,,0.153,,,,,,,,0.405,,0.388,0.202,,,0.091,,0.425,0.275,,,,0.104,0.125,0.171,,,,0.077,0.493,0.519,0.498,,,,0.241,,0.092,,,,,,0.224,0.176,,,,0.203,0.167,0.054,0.115,,,,0.097,0.171,0.159,,0.361,,,,,,0.094,,,,,0.157,0.071,0.347,0.305,0.034,0.101,0.478,0.311,0.399,0.071,0.182,0.13,,,0.198,,,0.101,0.026,0.017,,0.09,0.197,,,,,,,,0.214,,0.095,0.813,,,0.025,,0.094,,0.091,0.163,0.094,0.158,0.138,0.365,0.598,0.377,0.183,0.153,0.137,,0.622,,,,,,,,0.116,0.218,0.109,0.143,0.4,,,,,0.109,0.209,0.554,,,0.542,0.619,,0.14,0.155,0.198,0.64,0.638,0.16,0.14,0.629,0.186,,,0.23,,,,,0.16,,,,0.167,,0.105,,0.251,0.113,0.115,0.098,,,,0.43,0.095,,,0.127,0.118
162,14064180,,0.568,0.57,,,,0.258,,,,,0.147,0.26,,0.224,0.124,,0.153,,,,,,,,0.405,,0.392,0.202,,,0.091,,0.425,0.274,,,,0.104,0.125,0.171,,,,0.077,0.493,0.519,0.498,,,,0.241,,0.093,,,,,,0.219,0.176,,,,0.203,0.166,0.054,0.115,,,,0.099,0.171,0.159,,0.361,,,,,,0.094,,,,,0.156,0.072,0.361,0.299,0.034,0.101,0.473,0.308,0.399,0.071,0.181,0.132,,,0.198,,,0.101,0.027,0.017,,0.104,0.197,,,,,,,,0.216,,0.095,0.811,,,0.025,,0.093,,0.092,0.163,0.094,0.159,0.138,0.365,0.59,0.366,0.18,0.153,0.136,,0.622,,,,,,,,0.115,0.214,0.109,0.143,0.398,,,,,0.109,0.209,0.554,,,0.542,0.619,,0.141,0.151,0.198,0.64,0.638,0.16,0.14,0.628,0.184,,,0.233,,,,,0.159,,,,0.168,,0.105,,0.256,0.114,0.115,0.098,,,,0.43,0.097,,,0.127,0.118
162,14064240,,0.568,0.57,,,,0.258,,,,,0.145,0.25,,0.224,0.127,,0.153,,,,,,,,0.405,,0.397,0.2,,,0.093,,0.425,0.273,,,,0.104,0.125,0.172,,,,0.078,0.493,0.519,0.498,,,,0.241,,0.091,,,,,,0.228,0.176,,,,0.203,0.164,0.054,0.116,,,,0.097,0.171,0.159,,0.361,,,,,,0.094,,,,,0.163,0.072,0.392,0.298,0.034,0.101,0.48,0.317,0.4,0.071,0.178,0.131,,,0.198,,,0.102,0.038,0.031,,0.054,0.197,,,,,,,,0.21,,0.095,0.81,,,0.025,,0.094,,0.093,0.163,0.093,0.158,0.139,0.365,0.606,0.37,0.184,0.154,0.137,,0.622,,,,,,,,0.113,0.219,0.109,0.143,0.399,,,,,0.109,0.209,0.553,,,0.542,0.619,,0.141,0.151,0.198,0.64,0.638,0.16,0.14,0.62,0.187,,,0.236,,,,,0.159,,,,0.167,,0.105,,0.259,0.114,0.115,0.097,,,,0.43,0.097,,,0.127,0.118
162,14064300,,0.568,0.57,,,,0.258,,,,,0.156,0.255,,0.224,0.108,,0.153,,,,,,,,0.405,,0.399,0.2,,,0.092,,0.425,0.271,,,,0.104,0.126,0.172,,,,0.078,0.495,0.519,0.498,,,,0.241,,0.092,,,,,,0.226,0.176,,,,0.203,0.164,0.054,0.115,,,,0.097,0.171,0.159,,0.362,,,,,,0.094,,,,,0.163,0.071,0.381,0.303,0.034,0.101,0.473,0.316,0.398,0.071,0.18,0.131,,,0.198,,,0.101,0.031,0.041,,0.043,0.197,,,,,,,,0.216,,0.094,0.804,,,0.024,,0.094,,0.093,0.163,0.093,0.159,0.139,0.365,0.603,0.378,0.184,0.154,0.137,,0.622,,,,,,,,0.113,0.218,0.109,0.143,0.401,,,,,0.109,0.208,0.554,,,0.542,0.621,,0.14,0.151,0.198,0.64,0.638,0.16,0.14,0.62,0.187,,,0.233,,,,,0.159,,,,0.168,,0.105,,0.261,0.111,0.116,0.096,,,,0.43,0.096,,,0.127,0.118
162,14064360,,0.568,0.57,,,,0.258,,,,,0.147,0.249,,0.223,0.103,,0.153,,,,,,,,0.406,,0.415,0.201,,,0.091,,0.425,0.271,,,,0.104,0.128,0.171,,,,0.078,0.495,0.519,0.498,,,,0.241,,0.093,,,,,,0.251,0.176,,,,0.203,0.164,0.054,0.114,,,,0.099,0.171,0.159,,0.362,,,,,,0.094,,,,,0.158,0.071,0.385,0.303,0.034,0.101,0.49,0.307,0.399,0.071,0.18,0.128,,,0.198,,,0.102,0.026,0.017,,0.05,0.197,,,,,,,,0.219,,0.095,0.803,,,0.025,,0.095,,0.092,0.163,0.093,0.159,0.139,0.365,0.598,0.371,0.184,0.154,0.137,,0.622,,,,,,,,0.113,0.219,0.109,0.143,0.401,,,,,0.109,0.208,0.554,,,0.542,0.62,,0.14,0.148,0.198,0.64,0.638,0.16,0.14,0.614,0.188,,,0.234,,,,,0.16,,,,0.168,,0.104,,0.254,0.113,0.116,0.108,,,,0.431,0.1,,,0.127,0.118
162,14064420,,0.568,0.57,,,,0.258,,,,,0.146,0.244,,0.223,0.106,,0.153,,,,,,,,0.406,,0.416,0.2,,,0.093,,0.425,0.27,,,,0.104,0.126,0.172,,,,0.078,0.495,0.519,0.498,,,,0.241,,0.094,,,,,,0.238,0.176,,,,0.203,0.164,0.054,0.113,,,,0.099,0.17,0.159,,0.359,,,,,,0.093,,,,,0.164,0.071,0.425,0.303,0.034,0.101,0.483,0.309,0.399,0.071,0.181,0.131,,,0.198,,,0.101,0.034,0.023,,0.081,0.197,,,,,,,,0.216,,0.095,0.799,,,0.025,,0.093,,0.094,0.164,0.093,0.159,0.135,0.365,0.602,0.384,0.182,0.154,0.137,,0.623,,,,,,,,0.113,0.216,0.109,0.143,0.401,,,,,0.109,0.207,0.554,,,0.542,0.62,,0.141,0.148,0.198,0.641,0.638,0.16,0.14,0.61,0.187,,,0.23,,,,,0.158,,,,0.167,,0.104,,0.243,0.114,0.116,0.105,,,,0.432,0.096,,,0.127,0.118
162,14064480,,0.568,0.57,,,,0.258,,,,,0.149,0.256,,0.223,0.119,,0.153,,,,,,,,0.406,,0.415,0.2,,,0.092,,0.425,0.272,,,,0.104,0.126,0.172,,,,0.078,0.495,0.519,0.498,,,,0.241,,0.091,,,,,,0.23,0.176,,,,0.203,0.165,0.054,0.115,,,,0.099,0.171,0.158,,0.356,,,,,,0.094,,,,,0.155,0.071,0.429,0.303,0.034,0.101,0.472,0.311,0.4,0.071,0.18,0.129,,,0.197,,,0.101,0.027,0.016,,0.122,0.196,,,,,,,,0.212,,0.094,0.803,,,0.025,,0.094,,0.094,0.164,0.093,0.158,0.137,0.365,0.593,0.386,0.189,0.153,0.138,,0.623,,,,,,,,0.113,0.216,0.109,0.143,0.4,,,,,0.109,0.207,0.554,,,0.542,0.62,,0.141,0.148,0.198,0.641,0.638,0.159,0.14,0.614,0.186,,,0.234,,,,,0.158,,,,0.166,,0.104,,0.235,0.114,0.115,0.099,,,,0.431,0.098,,,0.127,0.118
162,14064540,,0.568,0.57,,,,0.258,,,,,0.151,0.248,,0.224,0.125,,0.153,,,,,,,,0.406,,0.423,0.201,,,0.092,,0.425,0.273,,,,0.104,0.126,0.173,,,,0.077,0.495,0.519,0.498,,,,0.241,,0.092,,,,,,0.224,0.176,,,,0.203,0.165,0.055,0.115,,,,0.1,0.171,0.159,,0.363,,,,,,0.094,,,,,0.157,0.071,0.433,0.303,0.034,0.101,0.487,0.31,0.4,0.071,0.178,0.135,,,0.197,,,0.102,0.028,0.027,,0.048,0.196,,,,,,,,0.215,,0.095,0.808,,,0.026,,0.094,,0.094,0.163,0.093,0.159,0.138,0.365,0.604,0.386,0.184,0.153,0.138,,0.623,,,,,,,,0.111,0.216,0.109,0.143,0.396,,,,,0.109,0.207,0.554,,,0.542,0.62,,0.14,0.148,0.198,0.641,0.638,0.159,0.14,0.615,0.185,,,0.234,,,,,0.159,,,,0.166,,0.105,,0.227,0.112,0.116,0.097,,,,0.43,0.098,,,0.127,0.118
162,14064600,,0.568,0.57,,,,0.257,,,,,0.146,0.246,,0.224,0.124,,0.153,,,,,,,,0.405,,0.427,0.2,,,0.094,,0.425,0.273,,,,0.103,0.126,0.172,,,,0.077,0.492,0.519,0.498,,,,0.241,,0.092,,,,,,0.219,0.176,,,,0.203,0.165,0.054,0.115,,,,0.101,0.17,0.158,,0.363,,,,,,0.094,,,,,0.159,0.071,0.436,0.309,0.034,0.101,0.485,0.305,0.4,0.071,0.181,0.132,,,0.197,,,0.102,0.031,0.02,,0.038,0.196,,,,,,,,0.222,,0.095,0.818,,,0.025,,0.094,,0.094,0.163,0.094,0.159,0.138,0.365,0.604,0.381,0.181,0.153,0.138,,0.623,,,,,,,,0.111,0.215,0.109,0.143,0.394,,,,,0.109,0.206,0.554,,,0.542,0.62,,0.14,0.148,0.198,0.641,0.638,0.159,0.14,0.613,0.186,,,0.23,,,,,0.158,,,,0.168,,0.105,,0.22,0.113,0.116,0.098,,,,0.43,0.095,,,0.127,0.118
162,14064660,,0.568,0.57,,,,0.258,,,,,0.146,0.239,,0.225,0.096,,0.153,,,,,,,,0.404,,0.416,0.2,,,0.092,,0.425,0.272,,,,0.103,0.125,0.171,,,,0.077,0.492,0.519,0.498,,,,0.241,,0.092,,,,,,0.222,0.176,,,,0.203,0.165,0.054,0.115,,,,0.099,0.171,0.158,,0.359,,,,,,0.093,,,,,0.156,0.071,0.438,0.296,0.034,0.101,0.483,0.309,0.401,0.071,0.181,0.13,,,0.197,,,0.101,0.078,0.171,,0.038,0.196,,,,,,,,0.221,,0.094,0.82,,,0.026,,0.093,,0.096,0.163,0.094,0.159,0.138,0.365,0.605,0.374,0.18,0.153,0.139,,0.623,,,,,,,,0.111,0.212,0.109,0.143,0.394,,,,,0.109,0.206,0.554,,,0.542,0.62,,0.141,0.152,0.198,0.641,0.638,0.159,0.14,0.613,0.185,,,0.229,,,,,0.159,,,,0.167,,0.104,,0.214,0.113,0.115,0.098,,,,0.43,0.098,,,0.127,0.118
162,14064720,,0.568,0.57,,,,0.258,,,,,0.147,0.24,,0.225,0.085,,0.153,,,,,,,,0.404,,0.422,0.201,,,0.092,,0.425,0.27,,,,0.103,0.126,0.172,,,,0.077,0.492,0.519,0.498,,,,0.241,,0.091,,,,,,0.216,0.176,,,,0.203,0.166,0.053,0.116,,,,0.098,0.171,0.158,,0.356,,,,,,0.093,,,,,0.154,0.072,0.441,0.306,0.034,0.101,0.485,0.31,0.401,0.071,0.179,0.129,,,0.197,,,0.101,0.035,0.043,,0.058,0.196,,,,,,,,0.221,,0.094,0.822,,,0.026,,0.092,,0.096,0.162,0.093,0.159,0.138,0.365,0.594,0.389,0.18,0.153,0.137,,0.623,,,,,,,,0.111,0.221,0.109,0.143,0.395,,,,,0.109,0.206,0.554,,,0.542,0.62,,0.14,0.153,0.197,0.64,0.638,0.16,0.14,0.606,0.184,,,0.227,,,,,0.159,,,,0.167,,0.104,,0.208,0.113,0.115,0.098,,,,0.429,0.098,,,0.127,0.118
162,14064780,,0.568,0.57,,,,0.258,,,,,0.15,0.228,,0.224,0.085,,0.153,,,,,,,,0.404,,0.396,0.198,,,0.092,,0.425,0.271,,,,0.103,0.126,0.172,,,,0.077,0.493,0.519,0.498,,,,0.241,,0.092,,,,,,0.225,0.176,,,,0.203,0.16,0.054,0.115,,,,0.099,0.17,0.158,,0.359,,,,,,0.094,,,,,0.155,0.071,0.442,0.304,0.034,0.101,0.491,0.309,0.401,0.071,0.178,0.131,,,0.197,,,0.102,0.056,0.022,,0.155,0.196,,,,,,,,0.226,,0.094,0.817,,,0.025,,0.093,,0.096,0.163,0.093,0.159,0.138,0.365,0.593,0.38,0.179,0.153,0.139,,0.623,,,,,,,,0.11,0.215,0.109,0.143,0.394,,,,,0.109,0.206,0.554,,,0.542,0.62,,0.141,0.153,0.197,0.64,0.638,0.16,0.14,0.61,0.183,,,0.227,,,,,0.159,,,,0.166,,0.104,,0.203,0.112,0.115,0.097,,,,0.43,0.098,,,0.127,0.118
162,14064840,,0.567,0.57,,,,0.258,,,,,0.151,0.225,,0.224,0.078,,0.153,,,,,,,,0.406,,0.409,0.2,,,0.092,,0.425,0.274,,,,0.103,0.125,0.172,,,,0.078,0.493,0.519,0.498,,,,0.241,,0.093,,,,,,0.215,0.176,,,,0.203,0.166,0.054,0.114,,,,0.1,0.17,0.158,,0.357,,,,,,0.094,,,,,0.159,0.071,0.445,0.303,0.034,0.101,0.478,0.302,0.402,0.071,0.177,0.129,,,0.197,,,0.102,0.024,0.016,,0.034,0.196,,,,,,,,0.216,,0.094,0.816,,,0.026,,0.093,,0.096,0.162,0.094,0.159,0.136,0.365,0.597,0.373,0.184,0.154,0.139,,0.622,,,,,,,,0.11,0.214,0.109,0.143,0.394,,,,,0.109,0.205,0.554,,,0.542,0.62,,0.141,0.153,0.197,0.641,0.638,0.16,0.14,0.606,0.183,,,0.229,,,,,0.159,,,,0.166,,0.105,,0.193,0.113,0.116,0.095,,,,0.429,0.099,,,0.127,0.118
162,14064900,,0.568,0.57,,,,0.258,,,,,0.153,0.227,,0.224,0.084,,0.153,,,,,,,,0.405,,0.414,0.2,,,0.091,,0.425,0.274,,,,0.103,0.126,0.171,,,,0.078,0.493,0.519,0.498,,,,0.241,,0.093,,,,,,0.214,0.149,,,,0.203,0.166,0.054,0.115,,,,0.1,0.17,0.158,,0.356,,,,,,0.093,,,,,0.16,0.071,0.447,0.306,0.034,0.101,0.488,0.313,0.403,0.071,0.179,0.127,,,0.197,,,0.102,0.025,0.017,,0.041,0.196,,,,,,,,0.215,,0.095,0.819,,,0.026,,0.091,,0.097,0.163,0.093,0.159,0.137,0.365,0.588,0.365,0.185,0.153,0.139,,0.623,,,,,,,,0.111,0.199,0.109,0.143,0.397,,,,,0.109,0.205,0.555,,,0.542,0.62,,0.141,0.152,0.197,0.64,0.638,0.16,0.14,0.604,0.188,,,0.231,,,,,0.159,,,,0.166,,0.104,,0.19,0.114,0.115,0.095,,,,0.43,0.098,,,0.127,0.118
162,14064960,,0.568,0.571,,,,0.258,,,,,0.15,0.225,,0.224,0.085,,0.153,,,,,,,,0.405,,0.415,0.201,,,0.092,,0.425,0.273,,,,0.103,0.126,0.171,,,,0.078,0.493,0.519,0.498,,,,0.241,,0.094,,,,,,0.209,0.157,,,,0.203,0.165,0.054,0.115,,,,0.1,0.17,0.158,,0.353,,,,,,0.093,,,,,0.156,0.071,0.442,0.3,0.034,0.101,0.481,0.312,0.403,0.071,0.181,0.129,,,0.197,,,0.102,0.025,0.016,,0.069,0.196,,,,,,,,0.22,,0.094,0.816,,,0.026,,0.092,,0.097,0.163,0.092,0.159,0.136,0.365,0.603,0.379,0.183,0.154,0.139,,0.623,,,,,,,,0.111,0.206,0.109,0.143,0.395,,,,,0.109,0.204,0.555,,,0.542,0.62,,0.141,0.153,0.198,0.64,0.638,0.16,0.14,0.597,0.186,,,0.231,,,,,0.16,,,,0.166,,0.104,,0.183,0.112,0.116,0.096,,,,0.431,0.098,,,0.127,0.118
162,14065020,,0.568,0.571,,,,0.258,,,,,0.152,0.22,,0.225,0.085,,0.154,,,,,,,,0.405,,0.412,0.2,,,0.093,,0.426,0.272,,,,0.103,0.126,0.172,,,,0.078,0.493,0.519,0.498,,,,0.241,,0.092,,,,,,0.219,0.147,,,,0.203,0.166,0.054,0.115,,,,0.099,0.17,0.158,,0.353,,,,,,0.095,,,,,0.157,0.072,0.451,0.295,0.034,0.101,0.482,0.302,0.403,0.071,0.179,0.128,,,0.197,,,0.102,0.033,0.016,,0.061,0.196,,,,,,,,0.214,,0.093,0.817,,,0.026,,0.092,,0.096,0.163,0.093,0.159,0.137,0.365,0.599,0.375,0.181,0.154,0.139,,0.623,,,,,,,,0.11,0.206,0.109,0.143,0.393,,,,,0.109,0.204,0.555,,,0.542,0.62,,0.141,0.153,0.197,0.641,0.638,0.16,0.14,0.602,0.185,,,0.229,,,,,0.159,,,,0.166,,0.105,,0.141,0.112,0.116,0.097,,,,0.43,0.098,,,0.127,0.118
162,14065080,,0.568,0.571,,,,0.258,,,,,0.15,0.218,,0.224,0.088,,0.153,,,,,,,,0.404,,0.407,0.191,,,0.094,,0.426,0.273,,,,0.103,0.125,0.172,,,,0.078,0.493,0.519,0.498,,,,0.241,,0.093,,,,,,0.227,0.147,,,,0.203,0.166,0.054,0.115,,,,0.099,0.17,0.159,,0.353,,,,,,0.095,,,,,0.161,0.072,0.451,0.3,0.034,0.101,0.492,0.305,0.402,0.071,0.179,0.131,,,0.197,,,0.103,0.029,0.016,,0.044,0.196,,,,,,,,0.219,,0.094,0.816,,,0.027,,0.092,,0.096,0.164,0.094,0.159,0.135,0.365,0.598,0.365,0.181,0.154,0.139,,0.623,,,,,,,,0.111,0.204,0.109,0.143,0.395,,,,,0.109,0.204,0.554,,,0.542,0.62,,0.141,0.154,0.198,0.641,0.638,0.16,0.14,0.604,0.182,,,0.222,,,,,0.159,,,,0.167,,0.105,,0.143,0.113,0.116,0.099,,,,0.43,0.098,,,0.127,0.118
162,14065140,,0.568,0.571,,,,0.258,,,,,0.152,0.211,,0.224,0.092,,0.154,,,,,,,,0.404,,0.399,0.191,,,0.094,,0.426,0.277,,,,0.103,0.126,0.172,,,,0.078,0.493,0.519,0.497,,,,0.241,,0.093,,,,,,0.229,0.147,,,,0.203,0.166,0.054,0.116,,,,0.1,0.17,0.159,,0.358,,,,,,0.093,,,,,0.161,0.071,0.432,0.304,0.034,0.101,0.493,0.302,0.403,0.071,0.178,0.13,,,0.198,,,0.102,0.026,0.017,,0.04,0.196,,,,,,,,0.232,,0.094,0.818,,,0.027,,0.092,,0.096,0.163,0.093,0.158,0.136,0.365,0.603,0.381,0.18,0.153,0.138,,0.623,,,,,,,,0.112,0.207,0.109,0.143,0.395,,,,,0.109,0.203,0.554,,,0.542,0.62,,0.141,0.154,0.198,0.641,0.638,0.16,0.14,0.61,0.182,,,0.221,,,,,0.16,,,,0.167,,0.104,,0.152,0.114,0.114,0.102,,,,0.43,0.098,,,0.127,0.118
162,14065200,,0.568,0.571,,,,0.258,,,,,0.152,0.19,,0.225,0.121,,0.154,,,,,,,,0.406,,0.409,0.192,,,0.093,,0.426,0.274,,,,0.103,0.13,0.173,,,,0.078,0.495,0.519,0.497,,,,0.241,,0.093,,,,,,0.235,0.152,,,,0.203,0.164,0.054,0.116,,,,0.099,0.172,0.164,,0.384,,,,,,0.093,,,,,0.169,0.072,0.444,0.314,0.034,0.101,0.499,0.315,0.404,0.071,0.181,0.131,,,0.198,,,0.102,0.046,0.088,,0.04,0.202,,,,,,,,0.238,,0.093,0.825,,,0.026,,0.092,,0.095,0.163,0.093,0.161,0.136,0.365,0.609,0.385,0.189,0.154,0.14,,0.623,,,,,,,,0.142,0.233,0.11,0.143,0.407,,,,,0.111,0.202,0.554,,,0.542,0.62,,0.141,0.153,0.198,0.641,0.638,0.16,0.14,0.61,0.183,,,0.221,,,,,0.159,,,,0.219,,0.105,,0.166,0.113,0.114,0.1,,,,0.431,0.098,,,0.127,0.118
162,14065260,,0.568,0.57,,,,0.258,,,,,0.154,0.187,,0.224,0.093,,0.154,,,,,,,,0.407,,0.403,0.191,,,0.094,,0.426,0.272,,,,0.104,0.127,0.174,,,,0.078,0.495,0.519,0.497,,,,0.241,,0.091,,,,,,0.226,0.155,,,,0.203,0.165,0.054,0.114,,,,0.099,0.171,0.16,,0.385,,,,,,0.094,,,,,0.166,0.072,0.438,0.317,0.034,0.101,0.491,0.317,0.403,0.071,0.18,0.134,,,0.198,,,0.102,0.026,0.017,,0.103,0.202,,,,,,,,0.222,,0.094,0.824,,,0.026,,0.092,,0.096,0.163,0.093,0.161,0.136,0.365,0.609,0.388,0.184,0.154,0.138,,0.623,,,,,,,,0.143,0.229,0.11,0.143,0.409,,,,,0.111,0.202,0.554,,,0.542,0.62,,0.141,0.153,0.197,0.64,0.638,0.16,0.14,0.612,0.187,,,0.22,,,,,0.158,,,,0.222,,0.105,,0.161,0.113,0.115,0.099,,,,0.43,0.091,,,0.127,0.118
162,14065320,,0.568,0.571,,,,0.259,,,,,0.154,0.183,,0.223,0.084,,0.154,,,,,,,,0.407,,0.409,0.192,,,0.094,,0.426,0.271,,,,0.104,0.127,0.173,,,,0.078,0.495,0.519,0.497,,,,0.241,,0.092,,,,,,0.216,0.155,,,,0.203,0.165,0.054,0.115,,,,0.1,0.17,0.159,,0.38,,,,,,0.093,,,,,0.166,0.072,0.434,0.316,0.034,0.101,0.494,0.316,0.403,0.071,0.179,0.133,,,0.197,,,0.102,0.025,0.016,,0.034,0.202,,,,,,,,0.223,,0.094,0.821,,,0.026,,0.094,,0.097,0.163,0.094,0.158,0.137,0.365,0.607,0.382,0.184,0.154,0.138,,0.623,,,,,,,,0.143,0.225,0.11,0.143,0.409,,,,,0.11,0.201,0.554,,,0.542,0.62,,0.141,0.154,0.197,0.641,0.638,0.16,0.14,0.613,0.189,,,0.219,,,,,0.159,,,,0.223,,0.105,,0.152,0.113,0.116,0.1,,,,0.429,0.09,,,0.127,0.118
162,14065380,,0.568,0.571,,,,0.259,,,,,0.156,0.204,,0.223,0.079,,0.154,,,,,,,,0.407,,0.401,0.192,,,0.094,,0.426,0.271,,,,0.104,0.126,0.168,,,,0.078,0.495,0.519,0.498,,,,0.241,,0.092,,,,,,0.218,0.156,,,,0.203,0.165,0.054,0.115,,,,0.095,0.17,0.159,,0.378,,,,,,0.093,,,,,0.165,0.073,0.449,0.306,0.034,0.101,0.494,0.31,0.404,0.071,0.177,0.135,,,0.197,,,0.102,0.022,0.016,,0.039,0.201,,,,,,,,0.225,,0.094,0.825,,,0.026,,0.092,,0.097,0.163,0.093,0.159,0.136,0.365,0.605,0.369,0.189,0.154,0.139,,0.623,,,,,,,,0.144,0.229,0.11,0.143,0.406,,,,,0.109,0.2,0.554,,,0.543,0.62,,0.14,0.154,0.197,0.641,0.638,0.16,0.14,0.604,0.19,,,0.218,,,,,0.159,,,,0.221,,0.105,,0.15,0.113,0.115,0.099,,,,0.428,0.095,,,0.127,0.118
162,14065440,,0.568,0.571,,,,0.259,,,,,0.161,0.205,,0.224,0.083,,0.154,,,,,,,,0.407,,0.403,0.192,,,0.093,,0.426,0.27,,,,0.104,0.127,0.169,,,,0.078,0.495,0.519,0.498,,,,0.241,,0.091,,,,,,0.221,0.157,,,,0.203,0.166,0.054,0.116,,,,0.098,0.17,0.159,,0.372,,,,,,0.094,,,,,0.168,0.072,0.434,0.309,0.034,0.101,0.496,0.311,0.404,0.071,0.177,0.135,,,0.197,,,0.102,0.031,0.022,,0.039,0.201,,,,,,,,0.217,,0.093,0.824,,,0.026,,0.093,,0.099,0.163,0.094,0.16,0.136,0.365,0.604,0.38,0.18,0.153,0.14,,0.623,,,,,,,,0.143,0.237,0.109,0.143,0.403,,,,,0.109,0.2,0.555,,,0.543,0.62,,0.141,0.154,0.197,0.641,0.638,0.16,0.14,0.601,0.189,,,0.216,,,,,0.158,,,,0.216,,0.106,,0.151,0.111,0.114,0.095,,,,0.428,0.096,,,0.127,0.118
162,14065500,,0.568,0.57,,,,0.259,,,,,0.162,0.212,,0.224,0.124,,0.154,,,,,,,,0.408,,0.407,0.192,,,0.093,,0.426,0.274,,,,0.104,0.127,0.169,,,,0.078,0.492,0.519,0.498,,,,0.241,,0.092,,,,,,0.23,0.18,,,,0.203,0.165,0.054,0.114,,,,0.096,0.171,0.159,,0.366,,,,,,0.094,,,,,0.169,0.072,0.453,0.311,0.034,0.101,0.5,0.312,0.404,0.071,0.181,0.135,,,0.197,,,0.103,0.186,0.33,,0.041,0.201,,,,,,,,0.224,,0.094,0.823,,,0.026,,0.093,,0.096,0.163,0.094,0.159,0.136,0.365,0.61,0.39,0.184,0.153,0.138,,0.623,,,,,,,,0.143,0.266,0.109,0.143,0.407,,,,,0.109,0.199,0.555,,,0.543,0.62,,0.141,0.154,0.198,0.641,0.638,0.16,0.14,0.602,0.188,,,0.217,,,,,0.16,,,,0.211,,0.106,,0.146,0.112,0.115,0.106,,,,0.428,0.097,,,0.127,0.118
162,14065560,,0.568,0.571,,,,0.259,,,,,0.159,0.207,,0.223,0.096,,0.154,,,,,,,,0.407,,0.416,0.192,,,0.093,,0.424,0.273,,,,0.103,0.129,0.169,,,,0.079,0.493,0.519,0.498,,,,0.241,,0.092,,,,,,0.247,0.182,,,,0.203,0.166,0.054,0.115,,,,0.098,0.171,0.158,,0.366,,,,,,0.094,,,,,0.166,0.072,0.44,0.307,0.034,0.101,0.485,0.313,0.405,0.071,0.181,0.135,,,0.198,,,0.103,0.115,0.298,,0.03,0.201,,,,,,,,0.227,,0.094,0.822,,,0.026,,0.093,,0.098,0.163,0.093,0.159,0.137,0.365,0.609,0.383,0.183,0.154,0.139,,0.623,,,,,,,,0.142,0.264,0.109,0.143,0.404,,,,,0.109,0.198,0.555,,,0.543,0.62,,0.141,0.154,0.197,0.641,0.638,0.16,0.141,0.604,0.189,,,0.217,,,,,0.16,,,,0.205,,0.105,,0.15,0.112,0.116,0.109,,,,0.429,0.091,,,0.127,0.118
162,14065620,,0.568,0.571,,,,0.259,,,,,0.155,0.207,,0.228,0.081,,0.154,,,,,,,,0.406,,0.409,0.192,,,0.093,,0.425,0.272,,,,0.104,0.127,0.168,,,,0.079,0.493,0.519,0.498,,,,0.241,,0.092,,,,,,0.228,0.181,,,,0.203,0.166,0.054,0.115,,,,0.1,0.17,0.158,,0.368,,,,,,0.094,,,,,0.168,0.071,0.453,0.315,0.033,0.101,0.49,0.307,0.405,0.071,0.18,0.134,,,0.198,,,0.102,0.023,0.035,,0.092,0.2,,,,,,,,0.215,,0.094,0.817,,,0.025,,0.092,,0.098,0.163,0.093,0.159,0.137,0.365,0.601,0.37,0.189,0.154,0.139,,0.624,,,,,,,,0.141,0.25,0.109,0.143,0.402,,,,,0.109,0.197,0.555,,,0.543,0.62,,0.141,0.154,0.197,0.64,0.638,0.16,0.141,0.614,0.189,,,0.215,,,,,0.159,,,,0.202,,0.105,,0.151,0.112,0.116,0.106,,,,0.43,0.092,,,0.127,0.118
162,14065680,,0.569,0.571,,,,0.259,,,,,0.156,0.196,,0.228,0.07,,0.154,,,,,,,,0.407,,0.41,0.184,,,0.092,,0.425,0.27,,,,0.104,0.127,0.169,,,,0.079,0.493,0.519,0.498,,,,0.241,,0.092,,,,,,0.223,0.183,,,,0.203,0.167,0.054,0.115,,,,0.097,0.17,0.158,,0.363,,,,,,0.094,,,,,0.161,0.071,0.441,0.307,0.033,0.101,0.493,0.311,0.405,0.071,0.179,0.133,,,0.198,,,0.102,0.058,0.133,,0.037,0.2,,,,,,,,0.218,,0.094,0.816,,,0.025,,0.092,,0.097,0.163,0.092,0.159,0.137,0.365,0.608,0.378,0.185,0.154,0.139,,0.623,,,,,,,,0.139,0.243,0.109,0.143,0.398,,,,,0.109,0.197,0.554,,,0.543,0.62,,0.141,0.153,0.197,0.641,0.638,0.16,0.141,0.618,0.189,,,0.217,,,,,0.159,,,,0.2,,0.105,,0.15,0.111,0.114,0.104,,,,0.429,0.094,,,0.127,0.118
162,14065740,,0.569,0.571,,,,0.259,,,,,0.155,0.191,,0.23,0.07,,0.154,,,,,,,,0.407,,0.404,0.184,,,0.094,,0.425,0.269,,,,0.104,0.126,0.17,,,,0.078,0.492,0.519,0.498,,,,0.241,,0.093,,,,,,0.218,0.18,,,,0.203,0.167,0.054,0.115,,,,0.099,0.171,0.158,,0.361,,,,,,0.095,,,,,0.166,0.072,0.433,0.305,0.033,0.101,0.48,0.308,0.405,0.071,0.179,0.131,,,0.198,,,0.102,0.027,0.021,,0.041,0.199,,,,,,,,0.224,,0.095,0.818,,,0.025,,0.093,,0.097,0.163,0.094,0.159,0.137,0.365,0.604,0.367,0.186,0.154,0.139,,0.624,,,,,,,,0.139,0.244,0.109,0.143,0.396,,,,,0.109,0.196,0.554,,,0.543,0.62,,0.141,0.153,0.197,0.641,0.638,0.16,0.141,0.61,0.188,,,0.215,,,,,0.158,,,,0.196,,0.105,,0.147,0.112,0.116,0.097,,,,0.428,0.095,,,0.127,0.118
162,14065800,,0.568,0.571,,,,0.259,,,,,0.157,0.187,,0.229,0.093,,0.154,,,,,,,,0.407,,0.417,0.184,,,0.094,,0.425,0.268,,,,0.104,0.126,0.169,,,,0.078,0.494,0.519,0.498,,,,0.241,,0.093,,,,,,0.22,0.18,,,,0.203,0.167,0.054,0.115,,,,0.1,0.171,0.159,,0.362,,,,,,0.095,,,,,0.158,0.072,0.45,0.308,0.033,0.101,0.491,0.305,0.405,0.071,0.178,0.133,,,0.198,,,0.102,0.036,0.017,,0.041,0.199,,,,,,,,0.231,,0.095,0.819,,,0.025,,0.093,,0.097,0.163,0.094,0.159,0.138,0.365,0.611,0.374,0.187,0.154,0.139,,0.624,,,,,,,,0.139,0.247,0.109,0.143,0.399,,,,,0.109,0.196,0.554,,,0.544,0.62,,0.14,0.153,0.197,0.641,0.638,0.16,0.141,0.609,0.188,,,0.217,,,,,0.158,,,,0.194,,0.106,,0.161,0.112,0.115,0.096,,,,0.428,0.089,,,0.127,0.118
162,14065860,,0.569,0.571,,,,0.263,,,,,0.159,0.189,,0.229,0.08,,0.154,,,,,,,,0.407,,0.42,0.184,,,0.093,,0.425,0.269,,,,0.103,0.125,0.169,,,,0.078,0.494,0.519,0.498,,,,0.241,,0.092,,,,,,0.222,0.18,,,,0.203,0.168,0.054,0.12,,,,0.096,0.17,0.158,,0.36,,,,,,0.093,,,,,0.163,0.072,0.44,0.308,0.033,0.101,0.493,0.304,0.405,0.071,0.178,0.129,,,0.198,,,0.09,0.023,0.017,,0.049,0.199,,,,,,,,0.219,,0.106,0.824,,,0.025,,0.092,,0.097,0.163,0.093,0.159,0.138,0.365,0.607,0.372,0.2,0.154,0.139,,0.624,,,,,,,,0.136,0.249,0.109,0.143,0.401,,,,,0.109,0.195,0.554,,,0.543,0.62,,0.14,0.154,0.197,0.641,0.638,0.16,0.141,0.618,0.187,,,0.217,,,,,0.159,,,,0.188,,0.105,,0.163,0.113,0.114,0.096,,,,0.428,0.09,,,0.127,0.118
162,14065920,,0.568,0.571,,,,0.263,,,,,0.158,0.192,,0.229,0.081,,0.154,,,,,,,,0.407,,0.421,0.185,,,0.093,,0.425,0.27,,,,0.103,0.126,0.169,,,,0.078,0.494,0.519,0.498,,,,0.241,,0.092,,,,,,0.223,0.18,,,,0.203,0.168,0.054,0.121,,,,0.099,0.171,0.158,,0.358,,,,,,0.094,,,,,0.162,0.072,0.434,0.305,0.033,0.101,0.501,0.305,0.405,0.071,0.178,0.133,,,0.198,,,0.091,0.054,0.112,,0.047,0.199,,,,,,,,0.228,,0.105,0.823,,,0.025,,0.093,,0.097,0.163,0.093,0.159,0.138,0.365,0.61,0.385,0.187,0.154,0.139,,0.624,,,,,,,,0.131,0.251,0.109,0.143,0.402,,,,,0.109,0.194,0.554,,,0.543,0.62,,0.14,0.154,0.197,0.641,0.638,0.16,0.141,0.628,0.187,,,0.223,,,,,0.16,,,,0.178,,0.104,,0.171,0.111,0.116,0.096,,,,0.428,0.089,,,0.127,0.118
162,14065980,,0.569,0.57,,,,0.263,,,,,0.157,0.185,,0.229,0.088,,0.154,,,,,,,,0.407,,0.417,0.185,,,0.095,,0.425,0.268,,,,0.103,0.125,0.169,,,,0.078,0.494,0.519,0.498,,,,0.241,,0.093,,,,,,0.216,0.18,,,,0.203,0.165,0.053,0.121,,,,0.096,0.171,0.158,,0.357,,,,,,0.095,,,,,0.163,0.071,0.435,0.306,0.033,0.101,0.493,0.307,0.405,0.071,0.181,0.132,,,0.198,,,0.091,0.037,0.037,,0.045,0.199,,,,,,,,0.22,,0.105,0.826,,,0.025,,0.093,,0.099,0.163,0.094,0.158,0.139,0.365,0.616,0.366,0.179,0.154,0.14,,0.623,,,,,,,,0.128,0.254,0.109,0.143,0.399,,,,,0.109,0.194,0.554,,,0.543,0.62,,0.141,0.155,0.197,0.641,0.638,0.16,0.141,0.627,0.184,,,0.23,,,,,0.16,,,,0.177,,0.104,,0.172,0.112,0.115,0.095,,,,0.428,0.089,,,0.127,0.118
162,14066040,,0.569,0.571,,,,0.263,,,,,0.158,0.194,,0.23,0.092,,0.154,,,,,,,,0.406,,0.419,0.185,,,0.093,,0.425,0.266,,,,0.103,0.125,0.17,,,,0.078,0.494,0.519,0.498,,,,0.241,,0.093,,,,,,0.222,0.18,,,,0.203,0.165,0.053,0.114,,,,0.111,0.171,0.158,,0.362,,,,,,0.094,,,,,0.163,0.073,0.437,0.303,0.033,0.101,0.49,0.309,0.406,0.071,0.178,0.132,,,0.198,,,0.09,0.058,0.131,,0.045,0.199,,,,,,,,0.223,,0.106,0.825,,,0.025,,0.093,,0.098,0.163,0.094,0.159,0.139,0.365,0.615,0.366,0.19,0.154,0.14,,0.623,,,,,,,,0.127,0.253,0.109,0.143,0.398,,,,,0.109,0.194,0.554,,,0.543,0.62,,0.141,0.153,0.196,0.641,0.638,0.16,0.14,0.625,0.184,,,0.235,,,,,0.159,,,,0.176,,0.104,,0.166,0.111,0.116,0.095,,,,0.429,0.089,,,0.127,0.118
162,14066100,,0.569,0.57,,,,0.263,,,,,0.157,0.216,,0.23,0.093,,0.154,,,,,,,,0.406,,0.41,0.185,,,0.093,,0.425,0.265,,,,0.103,0.125,0.168,,,,0.078,0.496,0.519,0.499,,,,0.241,,0.092,,,,,,0.217,0.18,,,,0.203,0.165,0.054,0.114,,,,0.111,0.171,0.158,,0.36,,,,,,0.093,,,,,0.163,0.072,0.433,0.316,0.033,0.101,0.489,0.315,0.406,0.071,0.179,0.132,,,0.198,,,0.09,0.025,0.017,,0.464,0.199,,,,,,,,0.227,,0.104,0.824,,,0.025,,0.092,,0.097,0.163,0.093,0.159,0.139,0.365,0.614,0.373,0.185,0.154,0.14,,0.623,,,,,,,,0.128,0.255,0.109,0.143,0.399,,,,,0.109,0.194,0.554,,,0.543,0.62,,0.14,0.153,0.196,0.641,0.638,0.16,0.14,0.615,0.184,,,0.229,,,,,0.159,,,,0.177,,0.105,,0.161,0.111,0.115,0.095,,,,0.428,0.089,,,0.127,0.118
162,14066160,,0.568,0.571,,,,0.263,,,,,0.158,0.213,,0.23,0.069,,0.154,,,,,,,,0.407,,0.417,0.185,,,0.094,,0.425,0.266,,,,0.103,0.126,0.168,,,,0.078,0.496,0.519,0.499,,,,0.241,,0.093,,,,,,0.217,0.18,,,,0.203,0.165,0.054,0.13,,,,0.113,0.171,0.158,,0.356,,,,,,0.095,,,,,0.164,0.072,0.435,0.315,0.033,0.101,0.491,0.315,0.406,0.071,0.179,0.13,,,0.198,,,0.091,0.026,0.026,,0.247,0.198,,,,,,,,0.217,,0.093,0.821,,,0.025,,0.093,,0.098,0.163,0.093,0.158,0.139,0.365,0.611,0.384,0.188,0.154,0.14,,0.624,,,,,,,,0.127,0.257,0.109,0.143,0.4,,,,,0.109,0.193,0.554,,,0.543,0.62,,0.141,0.153,0.197,0.641,0.638,0.16,0.14,0.601,0.187,,,0.227,,,,,0.16,,,,0.173,,0.105,,0.155,0.112,0.115,0.095,,,,0.428,0.09,,,0.127,0.118
162,14066220,,0.568,0.571,,,,0.263,,,,,0.158,0.205,,0.23,0.071,,0.154,,,,,,,,0.407,,0.411,0.185,,,0.094,,0.425,0.27,,,,0.103,0.126,0.168,,,,0.078,0.497,0.519,0.498,,,,0.241,,0.093,,,,,,0.211,0.181,,,,0.203,0.165,0.054,0.121,,,,0.114,0.171,0.158,,0.356,,,,,,0.096,,,,,0.164,0.071,0.439,0.305,0.033,0.101,0.496,0.309,0.406,0.071,0.178,0.133,,,0.198,,,0.091,0.034,0.072,,0.044,0.198,,,,,,,,0.221,,0.094,0.819,,,0.025,,0.093,,0.099,0.164,0.094,0.159,0.139,0.365,0.62,0.394,0.182,0.154,0.139,,0.624,,,,,,,,0.125,0.258,0.109,0.143,0.397,,,,,0.109,0.193,0.554,,,0.543,0.62,,0.142,0.152,0.196,0.641,0.638,0.16,0.14,0.594,0.188,,,0.228,,,,,0.158,,,,0.174,,0.105,,0.152,0.112,0.116,0.096,,,,0.428,0.089,,,0.127,0.118
162,14066280,,0.568,0.571,,,,0.263,,,,,0.158,0.217,,0.23,0.079,,0.154,,,,,,,,0.407,,0.418,0.185,,,0.093,,0.425,0.27,,,,0.103,0.126,0.168,,,,0.078,0.497,0.519,0.498,,,,0.241,,0.093,,,,,,0.22,0.181,,,,0.203,0.165,0.054,0.116,,,,0.097,0.17,0.158,,0.355,,,,,,0.095,,,,,0.162,0.071,0.441,0.312,0.033,0.101,0.493,0.309,0.406,0.071,0.179,0.135,,,0.198,,,0.092,0.089,0.21,,0.044,0.198,,,,,,,,0.223,,0.094,0.819,,,0.025,,0.092,,0.099,0.163,0.095,0.159,0.139,0.365,0.621,0.394,0.186,0.154,0.138,,0.624,,,,,,,,0.124,0.258,0.109,0.143,0.398,,,,,0.109,0.193,0.554,,,0.543,0.62,,0.141,0.152,0.197,0.641,0.638,0.16,0.14,0.596,0.191,,,0.227,,,,,0.159,,,,0.174,,0.106,,0.16,0.113,0.116,0.096,,,,0.429,0.089,,,0.127,0.118
162,14066340,,0.568,0.571,,,,0.263,,,,,0.157,0.21,,0.23,0.07,,0.154,,,,,,,,0.407,,0.412,0.185,,,0.094,,0.425,0.267,,,,0.103,0.125,0.174,,,,0.078,0.497,0.519,0.499,,,,0.241,,0.095,,,,,,0.216,0.181,,,,0.203,0.165,0.054,0.116,,,,0.1,0.17,0.158,,0.355,,,,,,0.094,,,,,0.161,0.072,0.439,0.303,0.033,0.101,0.5,0.308,0.406,0.071,0.178,0.131,,,0.198,,,0.09,0.024,0.017,,0.044,0.198,,,,,,,,0.219,,0.094,0.822,,,0.025,,0.092,,0.097,0.164,0.093,0.159,0.139,0.365,0.616,0.383,0.184,0.153,0.14,,0.624,,,,,,,,0.122,0.261,0.109,0.143,0.397,,,,,0.109,0.192,0.554,,,0.543,0.621,,0.141,0.152,0.197,0.641,0.638,0.16,0.14,0.607,0.193,,,0.222,,,,,0.159,,,,0.174,,0.106,,0.17,0.113,0.114,0.096,,,,0.429,0.088,,,0.127,0.117
162,14066400,,0.568,0.571,,,,0.264,,,,,0.169,0.207,,0.229,0.106,,0.154,,,,,,,,0.409,,0.416,0.186,,,0.095,,0.425,0.265,,,,0.103,0.125,0.169,,,,0.078,0.495,0.519,0.498,,,,0.241,,0.099,,,,,,0.22,0.181,,,,0.203,0.165,0.054,0.117,,,,0.097,0.171,0.158,,0.36,,,,,,0.095,,,,,0.168,0.072,0.416,0.311,0.033,0.101,0.497,0.314,0.406,0.071,0.18,0.135,,,0.198,,,0.091,0.027,0.065,,0.045,0.198,,,,,,,,0.219,,0.093,0.82,,,0.025,,0.093,,0.098,0.163,0.094,0.158,0.139,0.365,0.622,0.388,0.188,0.154,0.14,,0.624,,,,,,,,0.121,0.261,0.109,0.143,0.401,,,,,0.11,0.192,0.554,,,0.543,0.621,,0.141,0.152,0.196,0.641,0.638,0.16,0.14,0.608,0.193,,,0.22,,,,,0.158,,,,0.174,,0.105,,0.169,0.112,0.115,0.095,,,,0.429,0.088,,,0.127,0.117
162,14066460,,0.568,0.57,,,,0.264,,,,,0.162,0.218,,0.229,0.072,,0.154,,,,,,,,0.407,,0.415,0.186,,,0.095,,0.425,0.266,,,,0.103,0.125,0.168,,,,0.077,0.494,0.519,0.498,,,,0.241,,0.103,,,,,,0.223,0.181,,,,0.203,0.165,0.054,0.117,,,,0.097,0.171,0.158,,0.354,,,,,,0.095,,,,,0.171,0.072,0.433,0.304,0.033,0.101,0.506,0.311,0.406,0.071,0.177,0.134,,,0.198,,,0.091,0.023,0.016,,0.071,0.198,,,,,,,,0.223,,0.093,0.825,,,0.025,,0.093,,0.098,0.163,0.094,0.158,0.138,0.365,0.618,0.375,0.185,0.153,0.14,,0.624,,,,,,,,0.12,0.262,0.109,0.143,0.401,,,,,0.11,0.192,0.554,,,0.543,0.621,,0.142,0.152,0.197,0.641,0.638,0.16,0.14,0.615,0.192,,,0.219,,,,,0.159,,,,0.173,,0.105,,0.165,0.114,0.116,0.097,,,,0.428,0.089,,,0.127,0.117
162,14066520,,0.568,0.57,,,,0.264,,,,,0.161,0.234,,0.229,0.07,,0.154,,,,,,,,0.407,,0.409,0.186,,,0.094,,0.425,0.268,,,,0.103,0.125,0.167,,,,0.077,0.494,0.52,0.498,,,,0.241,,0.106,,,,,,0.224,0.181,,,,0.203,0.165,0.054,0.117,,,,0.1,0.171,0.158,,0.351,,,,,,0.094,,,,,0.162,0.071,0.407,0.309,0.033,0.101,0.484,0.313,0.407,0.071,0.176,0.136,,,0.198,,,0.09,0.055,0.115,,0.045,0.198,,,,,,,,0.213,,0.093,0.827,,,0.025,,0.092,,0.099,0.164,0.093,0.159,0.138,0.365,0.616,0.375,0.19,0.154,0.141,,0.624,,,,,,,,0.119,0.262,0.109,0.143,0.401,,,,,0.109,0.191,0.554,,,0.543,0.621,,0.143,0.152,0.196,0.641,0.638,0.16,0.14,0.618,0.191,,,0.221,,,,,0.158,,,,0.173,,0.105,,0.163,0.113,0.116,0.096,,,,0.429,0.087,,,0.127,0.117
162,14066580,,0.568,0.57,,,,0.264,,,,,0.162,0.237,,0.229,0.068,,0.154,,,,,,,,0.407,,0.427,0.185,,,0.094,,0.425,0.269,,,,0.103,0.125,0.168,,,,0.078,0.495,0.52,0.498,,,,0.241,,0.099,,,,,,0.218,0.181,,,,0.203,0.165,0.054,0.115,,,,0.098,0.171,0.158,,0.353,,,,,,0.095,,,,,0.165,0.071,0.394,0.309,0.033,0.101,0.5,0.304,0.407,0.071,0.18,0.131,,,0.198,,,0.091,0.025,0.017,,0.097,0.198,,,,,,,,0.213,,0.094,0.831,,,0.025,,0.092,,0.098,0.164,0.093,0.159,0.137,0.365,0.622,0.375,0.188,0.154,0.14,,0.624,,,,,,,,0.118,0.262,0.109,0.143,0.4,,,,,0.109,0.191,0.554,,,0.543,0.621,,0.141,0.152,0.195,0.641,0.638,0.16,0.14,0.625,0.189,,,0.22,,,,,0.158,,,,0.173,,0.104,,0.141,0.112,0.115,0.096,,,,0.43,0.087,,,0.127,0.117
162,14066640,,0.568,0.57,,,,0.264,,,,,0.167,0.24,,0.229,0.076,,0.154,,,,,,,,0.407,,0.422,0.185,,,0.094,,0.425,0.268,,,,0.103,0.125,0.168,,,,0.077,0.495,0.52,0.498,,,,0.241,,0.1,,,,,,0.218,0.181,,,,0.203,0.165,0.054,0.117,,,,0.098,0.17,0.158,,0.355,,,,,,0.095,,,,,0.161,0.072,0.398,0.303,0.033,0.101,0.493,0.304,0.407,0.071,0.177,0.132,,,0.198,,,0.091,0.023,0.016,,0.048,0.198,,,,,,,,0.22,,0.093,0.832,,,0.024,,0.092,,0.099,0.164,0.094,0.158,0.138,0.365,0.617,0.384,0.193,0.154,0.139,,0.624,,,,,,,,0.118,0.261,0.109,0.143,0.398,,,,,0.109,0.19,0.554,,,0.543,0.621,,0.141,0.148,0.195,0.641,0.638,0.16,0.14,0.626,0.189,,,0.225,,,,,0.159,,,,0.172,,0.105,,0.152,0.113,0.115,0.095,,,,0.431,0.086,,,0.127,0.117
162,14066700,,0.568,0.57,,,,0.264,,,,,0.164,0.229,,0.229,0.09,,0.154,,,,,,,,0.407,,0.418,0.186,,,0.094,,0.425,0.266,,,,0.104,0.126,0.168,,,,0.077,0.495,0.52,0.498,,,,0.241,,0.089,,,,,,0.217,0.181,,,,0.203,0.165,0.054,0.116,,,,0.099,0.17,0.158,,0.358,,,,,,0.094,,,,,0.161,0.072,0.395,0.299,0.033,0.101,0.503,0.303,0.407,0.071,0.178,0.132,,,0.198,,,0.091,0.245,0.747,,0.062,0.198,,,,,,,,0.225,,0.094,0.83,,,0.024,,0.094,,0.099,0.164,0.092,0.159,0.138,0.365,0.62,0.385,0.186,0.154,0.139,,0.624,,,,,,,,0.118,0.256,0.109,0.143,0.397,,,,,0.109,0.19,0.555,,,0.543,0.621,,0.141,0.148,0.196,0.641,0.638,0.16,0.14,0.62,0.188,,,0.222,,,,,0.159,,,,0.172,,0.105,,0.16,0.113,0.116,0.099,,,,0.431,0.087,,,0.127,0.117
162,14066760,,0.568,0.571,,,,0.264,,,,,0.161,0.218,,0.229,0.079,,0.154,,,,,,,,0.407,,0.417,0.186,,,0.093,,0.425,0.267,,,,0.104,0.128,0.168,,,,0.078,0.495,0.52,0.498,,,,0.241,,0.091,,,,,,0.25,0.182,,,,0.203,0.165,0.054,0.117,,,,0.098,0.17,0.158,,0.356,,,,,,0.095,,,,,0.158,0.071,0.391,0.31,0.033,0.101,0.493,0.308,0.408,0.071,0.177,0.132,,,0.198,,,0.09,0.087,0.419,,0.05,0.198,,,,,,,,0.223,,0.094,0.834,,,0.024,,0.091,,0.099,0.163,0.093,0.159,0.138,0.365,0.622,0.367,0.182,0.154,0.14,,0.624,,,,,,,,0.117,0.252,0.109,0.143,0.397,,,,,0.109,0.19,0.556,,,0.543,0.621,,0.145,0.149,0.196,0.641,0.638,0.16,0.14,0.613,0.188,,,0.217,,,,,0.157,,,,0.172,,0.104,,0.174,0.113,0.115,0.108,,,,0.431,0.087,,,0.127,0.117
162,14066820,,0.568,0.57,,,,0.264,,,,,0.161,0.218,,0.229,0.082,,0.154,,,,,,,,0.407,,0.425,0.186,,,0.093,,0.425,0.267,,,,0.104,0.126,0.169,,,,0.078,0.495,0.52,0.499,,,,0.241,,0.088,,,,,,0.233,0.182,,,,0.203,0.166,0.054,0.117,,,,0.097,0.17,0.158,,0.355,,,,,,0.095,,,,,0.159,0.071,0.4,0.304,0.033,0.101,0.501,0.305,0.408,0.071,0.18,0.132,,,0.198,,,0.091,0.028,0.02,,0.13,0.197,,,,,,,,0.227,,0.093,0.835,,,0.024,,0.092,,0.099,0.163,0.094,0.159,0.135,0.365,0.61,0.379,0.189,0.154,0.139,,0.624,,,,,,,,0.116,0.248,0.109,0.143,0.398,,,,,0.109,0.189,0.556,,,0.544,0.621,,0.14,0.149,0.195,0.641,0.638,0.16,0.14,0.613,0.189,,,0.216,,,,,0.158,,,,0.172,,0.103,,0.171,0.114,0.115,0.107,,,,0.43,0.086,,,0.127,0.117
162,14066880,,0.568,0.57,,,,0.264,,,,,0.166,0.202,,0.229,0.107,,0.154,,,,,,,,0.407,,0.429,0.186,,,0.093,,0.425,0.267,,,,0.104,0.126,0.168,,,,0.078,0.495,0.52,0.499,,,,0.241,,0.088,,,,,,0.218,0.182,,,,0.203,0.165,0.054,0.118,,,,0.099,0.17,0.158,,0.354,,,,,,0.096,,,,,0.161,0.071,0.381,0.303,0.033,0.101,0.508,0.303,0.408,0.071,0.179,0.134,,,0.198,,,0.091,0.028,0.023,,0.049,0.197,,,,,,,,0.227,,0.093,0.827,,,0.024,,0.092,,0.099,0.164,0.094,0.158,0.137,0.365,0.623,0.408,0.194,0.154,0.144,,0.624,,,,,,,,0.116,0.24,0.109,0.143,0.401,,,,,0.109,0.189,0.556,,,0.544,0.621,,0.141,0.149,0.196,0.641,0.638,0.16,0.14,0.618,0.189,,,0.219,,,,,0.16,,,,0.172,,0.103,,0.173,0.112,0.115,0.101,,,,0.431,0.086,,,0.127,0.117
162,14066940,,0.568,0.57,,,,0.264,,,,,0.167,0.209,,0.23,0.096,,0.154,,,,,,,,0.407,,0.422,0.186,,,0.094,,0.425,0.27,,,,0.104,0.126,0.168,,,,0.078,0.495,0.519,0.499,,,,0.241,,0.089,,,,,,0.212,0.182,,,,0.203,0.165,0.054,0.117,,,,0.099,0.171,0.158,,0.359,,,,,,0.094,,,,,0.16,0.072,0.375,0.312,0.033,0.101,0.495,0.303,0.409,0.071,0.178,0.129,,,0.198,,,0.091,0.035,0.052,,0.048,0.197,,,,,,,,0.231,,0.094,0.822,,,0.024,,0.093,,0.1,0.164,0.093,0.159,0.135,0.365,0.627,0.398,0.188,0.155,0.145,,0.624,,,,,,,,0.116,0.236,0.109,0.143,0.405,,,,,0.109,0.189,0.556,,,0.544,0.621,,0.141,0.149,0.196,0.641,0.638,0.16,0.14,0.622,0.187,,,0.222,,,,,0.159,,,,0.172,,0.103,,0.175,0.114,0.116,0.096,,,,0.431,0.085,,,0.127,0.117
162,14067000,,0.568,0.571,,,,0.264,,,,,0.162,0.22,,0.23,0.096,,0.154,,,,,,,,0.407,,0.424,0.185,,,0.093,,0.425,0.271,,,,0.104,0.126,0.168,,,,0.077,0.497,0.519,0.499,,,,0.241,,0.09,,,,,,0.226,0.182,,,,0.203,0.165,0.054,0.118,,,,0.1,0.171,0.159,,0.369,,,,,,0.095,,,,,0.163,0.071,0.427,0.307,0.033,0.101,0.499,0.305,0.409,0.071,0.178,0.129,,,0.198,,,0.09,0.029,0.029,,0.05,0.198,,,,,,,,0.241,,0.094,0.827,,,0.024,,0.093,,0.099,0.165,0.093,0.16,0.135,0.365,0.624,0.371,0.185,0.154,0.148,,0.624,,,,,,,,0.123,0.236,0.109,0.143,0.403,,,,,0.11,0.188,0.556,,,0.544,0.621,,0.141,0.148,0.195,0.641,0.638,0.16,0.14,0.616,0.186,,,0.223,,,,,0.159,,,,0.191,,0.104,,0.169,0.114,0.115,0.098,,,,0.431,0.086,,,0.127,0.117
162,14067060,,0.568,0.571,,,,0.264,,,,,0.162,0.228,,0.23,0.095,,0.154,,,,,,,,0.407,,0.421,0.186,,,0.093,,0.425,0.27,,,,0.104,0.126,0.168,,,,0.077,0.497,0.483,0.499,,,,0.241,,0.091,,,,,,0.222,0.182,,,,0.203,0.165,0.054,0.118,,,,0.098,0.171,0.158,,0.369,,,,,,0.095,,,,,0.166,0.071,0.389,0.299,0.033,0.101,0.499,0.313,0.409,0.071,0.178,0.13,,,0.198,,,0.09,0.023,0.016,,0.105,0.198,,,,,,,,0.226,,0.093,0.827,,,0.025,,0.092,,0.1,0.164,0.093,0.158,0.136,0.365,0.619,0.375,0.186,0.155,0.14,,0.624,,,,,,,,0.124,0.226,0.109,0.143,0.402,,,,,0.11,0.188,0.556,,,0.544,0.621,,0.141,0.149,0.195,0.64,0.638,0.16,0.14,0.62,0.186,,,0.22,,,,,0.159,,,,0.192,,0.103,,0.127,0.113,0.116,0.098,,,,0.431,0.085,,,0.127,0.117
162,14067120,,0.568,0.571,,,,0.264,,,,,0.161,0.222,,0.23,0.088,,0.154,,,,,,,,0.406,,0.419,0.186,,,0.094,,0.425,0.267,,,,0.104,0.126,0.168,,,,0.077,0.497,0.497,0.499,,,,0.241,,0.089,,,,,,0.224,0.182,,,,0.203,0.166,0.054,0.117,,,,0.097,0.171,0.158,,0.363,,,,,,0.096,,,,,0.165,0.071,0.405,0.301,0.033,0.101,0.501,0.313,0.409,0.071,0.18,0.132,,,0.198,,,0.091,0.039,0.038,,0.188,0.197,,,,,,,,0.222,,0.094,0.825,,,0.025,,0.093,,0.1,0.165,0.094,0.158,0.133,0.365,0.624,0.369,0.188,0.155,0.139,,0.624,,,,,,,,0.122,0.222,0.109,0.143,0.4,,,,,0.11,0.188,0.555,,,0.544,0.621,,0.141,0.149,0.195,0.64,0.638,0.16,0.14,0.622,0.185,,,0.217,,,,,0.159,,,,0.187,,0.105,,0.148,0.113,0.116,0.098,,,,0.43,0.085,,,0.127,0.117
162,14067180,,0.568,0.57,,,,0.264,,,,,0.163,0.222,,0.23,0.084,,0.154,,,,,,,,0.406,,0.423,0.179,,,0.094,,0.425,0.266,,,,0.104,0.126,0.168,,,,0.077,0.497,0.497,0.499,,,,0.241,,0.09,,,,,,0.217,0.182,,,,0.203,0.165,0.053,0.115,,,,0.099,0.171,0.158,,0.364,,,,,,0.095,,,,,0.164,0.071,0.376,0.305,0.033,0.101,0.505,0.308,0.409,0.071,0.177,0.129,,,0.198,,,0.091,0.058,0.115,,0.053,0.197,,,,,,,,0.229,,0.094,0.825,,,0.026,,0.092,,0.098,0.164,0.093,0.159,0.137,0.365,0.628,0.393,0.19,0.155,0.14,,0.623,,,,,,,,0.121,0.22,0.109,0.143,0.399,,,,,0.109,0.188,0.555,,,0.544,0.621,,0.141,0.149,0.195,0.641,0.638,0.16,0.14,0.626,0.185,,,0.219,,,,,0.159,,,,0.185,,0.104,,0.157,0.113,0.116,0.097,,,,0.429,0.085,,,0.127,0.117
162,14067240,,0.568,0.571,,,,0.264,,,,,0.163,0.22,,0.229,0.09,,0.154,,,,,,,,0.407,,0.422,0.179,,,0.093,,0.425,0.267,,,,0.104,0.126,0.168,,,,0.078,0.497,0.498,0.499,,,,0.241,,0.09,,,,,,0.221,0.182,,,,0.203,0.166,0.054,0.116,,,,0.098,0.171,0.158,,0.362,,,,,,0.095,,,,,0.16,0.071,0.376,0.31,0.033,0.101,0.488,0.312,0.409,0.071,0.177,0.131,,,0.198,,,0.089,0.072,0.048,,0.055,0.197,,,,,,,,0.237,,0.095,0.82,,,0.025,,0.093,,0.099,0.164,0.093,0.157,0.137,0.365,0.625,0.391,0.192,0.155,0.139,,0.623,,,,,,,,0.121,0.218,0.109,0.143,0.399,,,,,0.11,0.188,0.556,,,0.544,0.621,,0.142,0.149,0.195,0.64,0.638,0.16,0.14,0.623,0.183,,,0.218,,,,,0.158,,,,0.18,,0.105,,0.172,0.114,0.115,0.097,,,,0.429,0.085,,,0.127,0.117
162,14067300,,0.568,0.57,,,,0.264,,,,,0.171,0.219,,0.229,0.109,,0.154,,,,,,,,0.407,,0.431,0.179,,,0.094,,0.425,0.267,,,,0.104,0.126,0.168,,,,0.077,0.494,0.498,0.498,,,,0.241,,0.092,,,,,,0.219,0.182,,,,0.203,0.166,0.054,0.116,,,,0.098,0.171,0.158,,0.361,,,,,,0.095,,,,,0.167,0.071,0.382,0.299,0.033,0.101,0.505,0.312,0.41,0.071,0.179,0.132,,,0.198,,,0.091,0.067,0.071,,0.048,0.197,,,,,,,,0.218,,0.093,0.82,,,0.025,,0.093,,0.099,0.164,0.094,0.157,0.135,0.365,0.631,0.39,0.188,0.155,0.14,,0.623,,,,,,,,0.118,0.217,0.109,0.143,0.401,,,,,0.11,0.187,0.556,,,0.544,0.621,,0.141,0.15,0.195,0.64,0.638,0.16,0.14,0.617,0.185,,,0.214,,,,,0.159,,,,0.176,,0.105,,0.178,0.113,0.115,0.097,,,,0.429,0.085,,,0.127,0.117
162,14067360,,0.569,0.571,,,,0.264,,,,,0.163,0.216,,0.229,0.088,,0.154,,,,,,,,0.407,,0.432,0.179,,,0.094,,0.425,0.268,,,,0.104,0.126,0.169,,,,0.077,0.495,0.52,0.498,,,,0.241,,0.089,,,,,,0.218,0.182,,,,0.203,0.166,0.054,0.116,,,,0.099,0.171,0.158,,0.357,,,,,,0.096,,,,,0.16,0.071,0.404,0.305,0.033,0.101,0.342,0.315,0.41,0.071,0.179,0.133,,,0.198,,,0.091,0.024,0.013,,0.038,0.197,,,,,,,,0.222,,0.094,0.823,,,0.026,,0.093,,0.1,0.163,0.094,0.158,0.135,0.365,0.624,0.392,0.193,0.155,0.139,,0.623,,,,,,,,0.117,0.209,0.109,0.143,0.403,,,,,0.11,0.187,0.556,,,0.544,0.621,,0.146,0.149,0.195,0.64,0.638,0.16,0.14,0.612,0.185,,,0.216,,,,,0.159,,,,0.176,,0.105,,0.189,0.113,0.115,0.096,,,,0.43,0.08,,,0.127,0.117
162,14067420,,0.568,0.571,,,,0.264,,,,,0.168,0.223,,0.229,0.083,,0.154,,,,,,,,0.407,,0.432,0.18,,,0.094,,0.425,0.269,,,,0.104,0.125,0.168,,,,0.077,0.495,0.52,0.498,,,,0.241,,0.089,,,,,,0.219,0.182,,,,0.203,0.166,0.054,0.116,,,,0.099,0.171,0.157,,0.36,,,,,,0.095,,,,,0.159,0.071,0.413,0.308,0.033,0.101,0.413,0.314,0.409,0.071,0.179,0.131,,,0.198,,,0.092,0.036,0.018,,0.043,0.197,,,,,,,,0.22,,0.094,0.827,,,0.025,,0.093,,0.1,0.163,0.093,0.158,0.135,0.365,0.631,0.389,0.191,0.154,0.139,,0.623,,,,,,,,0.117,0.204,0.109,0.143,0.405,,,,,0.11,0.187,0.556,,,0.544,0.621,,0.146,0.149,0.196,0.64,0.638,0.16,0.14,0.61,0.183,,,0.216,,,,,0.158,,,,0.174,,0.105,,0.194,0.114,0.116,0.096,,,,0.431,0.079,,,0.127,0.117
162,14067480,,0.569,0.571,,,,0.264,,,,,0.165,0.219,,0.23,0.084,,0.155,,,,,,,,0.407,,0.437,0.18,,,0.094,,0.425,0.267,,,,0.104,0.126,0.168,,,,0.078,0.495,0.52,0.498,,,,0.241,,0.091,,,,,,0.218,0.183,,,,0.203,0.166,0.054,0.116,,,,0.1,0.171,0.158,,0.358,,,,,,0.096,,,,,0.16,0.071,0.412,0.301,0.033,0.101,0.421,0.313,0.41,0.071,0.179,0.133,,,0.198,,,0.09,0.024,0.011,,0.057,0.197,,,,,,,,0.223,,0.095,0.838,,,0.025,,0.092,,0.1,0.164,0.093,0.157,0.135,0.365,0.628,0.388,0.188,0.154,0.139,,0.623,,,,,,,,0.116,0.198,0.109,0.143,0.401,,,,,0.11,0.187,0.556,,,0.544,0.621,,0.146,0.149,0.196,0.64,0.638,0.16,0.14,0.605,0.183,,,0.219,,,,,0.16,,,,0.174,,0.106,,0.197,0.113,0.115,0.097,,,,0.43,0.081,,,0.127,0.117
162,14067540,,0.569,0.57,,,,0.264,,,,,0.164,0.221,,0.23,0.093,,0.154,,,,,,,,0.408,,0.44,0.179,,,0.095,,0.426,0.266,,,,0.104,0.126,0.168,,,,0.078,0.495,0.519,0.498,,,,0.241,,0.092,,,,,,0.218,0.183,,,,0.203,0.166,0.054,0.115,,,,0.099,0.171,0.158,,0.356,,,,,,0.096,,,,,0.164,0.071,0.372,0.309,0.033,0.101,0.421,0.311,0.411,0.071,0.179,0.132,,,0.198,,,0.091,0.027,0.014,,0.045,0.197,,,,,,,,0.218,,0.094,0.835,,,0.025,,0.093,,0.101,0.164,0.094,0.157,0.135,0.365,0.63,0.385,0.188,0.154,0.14,,0.624,,,,,,,,0.114,0.194,0.109,0.143,0.401,,,,,0.11,0.187,0.556,,,0.544,0.621,,0.146,0.15,0.196,0.64,0.638,0.16,0.14,0.617,0.181,,,0.22,,,,,0.158,,,,0.174,,0.105,,0.205,0.114,0.115,0.098,,,,0.43,0.082,,,0.127,0.117
162,14067600,,0.568,0.57,,,,0.264,,,,,0.178,0.213,,0.23,0.09,,0.154,,,,,,,,0.407,,0.436,0.179,,,0.095,,0.426,0.266,,,,0.104,0.126,0.168,,,,0.078,0.495,0.519,0.498,,,,0.241,,0.089,,,,,,0.224,0.183,,,,0.203,0.166,0.054,0.117,,,,0.098,0.171,0.158,,0.357,,,,,,0.096,,,,,0.166,0.071,0.373,0.312,0.033,0.101,0.418,0.303,0.413,0.071,0.178,0.131,,,0.198,,,0.091,0.027,0.014,,0.055,0.197,,,,,,,,0.216,,0.094,0.835,,,0.025,,0.093,,0.101,0.163,0.094,0.157,0.135,0.365,0.64,0.398,0.189,0.155,0.14,,0.624,,,,,,,,0.114,0.19,0.109,0.143,0.402,,,,,0.11,0.187,0.556,,,0.544,0.621,,0.141,0.15,0.194,0.64,0.638,0.16,0.14,0.627,0.182,,,0.225,,,,,0.16,,,,0.174,,0.105,,0.2,0.114,0.115,0.098,,,,0.43,0.082,,,0.127,0.118
162,14067660,,0.569,0.57,,,,0.264,,,,,0.169,0.208,,0.228,0.088,,0.154,,,,,,,,0.407,,0.438,0.18,,,0.094,,0.426,0.27,,,,0.104,0.126,0.168,,,,0.078,0.495,0.519,0.498,,,,0.241,,0.089,,,,,,0.218,0.183,,,,0.203,0.166,0.054,0.117,,,,0.099,0.171,0.158,,0.359,,,,,,0.096,,,,,0.169,0.071,0.374,0.313,0.033,0.101,0.465,0.313,0.413,0.071,0.177,0.13,,,0.198,,,0.09,0.121,0.194,,0.042,0.197,,,,,,,,0.222,,0.095,0.833,,,0.025,,0.094,,0.1,0.165,0.095,0.158,0.135,0.365,0.635,0.389,0.188,0.154,0.14,,0.624,,,,,,,,0.114,0.188,0.109,0.143,0.401,,,,,0.11,0.187,0.556,,,0.544,0.621,,0.142,0.15,0.196,0.64,0.638,0.16,0.14,0.627,0.182,,,0.233,,,,,0.159,,,,0.174,,0.105,,0.201,0.114,0.115,0.097,,,,0.428,0.082,,,0.127,0.119
162,14067720,,0.569,0.57,,,,0.264,,,,,0.176,0.214,,0.228,0.101,,0.155,,,,,,,,0.407,,0.443,0.18,,,0.094,,0.426,0.27,,,,0.104,0.125,0.168,,,,0.078,0.494,0.52,0.498,,,,0.241,,0.091,,,,,,0.215,0.183,,,,0.203,0.166,0.054,0.117,,,,0.1,0.171,0.158,,0.361,,,,,,0.095,,,,,0.164,0.072,0.439,0.305,0.033,0.101,0.376,0.31,0.411,0.071,0.18,0.132,,,0.198,,,0.091,0.025,0.024,,0.054,0.197,,,,,,,,0.214,,0.094,0.834,,,0.025,,0.092,,0.101,0.164,0.092,0.158,0.135,0.365,0.647,0.391,0.183,0.155,0.14,,0.624,,,,,,,,0.113,0.19,0.109,0.143,0.404,,,,,0.11,0.186,0.555,,,0.544,0.621,,0.142,0.15,0.195,0.64,0.638,0.16,0.14,0.628,0.181,,,0.233,,,,,0.159,,,,0.174,,0.103,,0.199,0.111,0.114,0.097,,,,0.428,0.082,,,0.127,0.118
162,14067780,,0.568,0.57,,,,0.264,,,,,0.17,0.204,,0.23,0.078,,0.154,,,,,,,,0.407,,0.444,0.18,,,0.095,,0.426,0.27,,,,0.104,0.126,0.169,,,,0.078,0.494,0.52,0.498,,,,0.241,,0.089,,,,,,0.224,0.183,,,,0.203,0.166,0.054,0.117,,,,0.098,0.171,0.158,,0.357,,,,,,0.096,,,,,0.167,0.071,0.431,0.308,0.033,0.101,0.348,0.312,0.412,0.071,0.179,0.129,,,0.198,,,0.091,0.023,0.014,,0.08,0.197,,,,,,,,0.216,,0.094,0.829,,,0.025,,0.092,,0.101,0.164,0.093,0.158,0.135,0.365,0.636,0.392,0.183,0.155,0.14,,0.624,,,,,,,,0.112,0.189,0.109,0.143,0.405,,,,,0.11,0.186,0.556,,,0.544,0.621,,0.141,0.15,0.195,0.64,0.638,0.16,0.14,0.624,0.18,,,0.228,,,,,0.157,,,,0.173,,0.104,,0.2,0.112,0.115,0.099,,,,0.43,0.083,,,0.127,0.118
162,14067840,,0.568,0.57,,,,0.264,,,,,0.171,0.209,,0.229,0.089,,0.154,,,,,,,,0.407,,0.433,0.18,,,0.095,,0.426,0.269,,,,0.104,0.125,0.171,,,,0.078,0.495,0.52,0.498,,,,0.241,,0.089,,,,,,0.226,0.183,,,,0.203,0.166,0.054,0.118,,,,0.1,0.171,0.158,,0.361,,,,,,0.095,,,,,0.163,0.073,0.422,0.304,0.033,0.101,0.391,0.31,0.412,0.071,0.179,0.132,,,0.198,,,0.091,0.024,0.014,,0.047,0.197,,,,,,,,0.23,,0.094,0.826,,,0.025,,0.093,,0.101,0.163,0.094,0.159,0.135,0.365,0.634,0.376,0.186,0.154,0.14,,0.624,,,,,,,,0.111,0.188,0.109,0.143,0.403,,,,,0.11,0.186,0.556,,,0.544,0.621,,0.141,0.151,0.195,0.64,0.638,0.16,0.14,0.616,0.181,,,0.224,,,,,0.158,,,,0.173,,0.105,,0.202,0.113,0.116,0.096,,,,0.43,0.083,,,0.127,0.118
162,14067900,,0.568,0.57,,,,0.264,,,,,0.171,0.25,,0.228,0.097,,0.154,,,,,,,,0.407,,0.446,0.18,,,0.094,,0.426,0.268,,,,0.105,0.126,0.169,,,,0.078,0.497,0.52,0.499,,,,0.241,,0.09,,,,,,0.223,0.183,,,,0.203,0.166,0.054,0.117,,,,0.1,0.171,0.158,,0.363,,,,,,0.095,,,,,0.166,0.073,0.396,0.312,0.033,0.101,0.4,0.315,0.414,0.071,0.18,0.137,,,0.198,,,0.092,0.026,0.015,,0.048,0.197,,,,,,,,0.254,,0.095,0.824,,,0.025,,0.092,,0.1,0.163,0.092,0.159,0.135,0.365,0.642,0.384,0.187,0.155,0.141,,0.624,,,,,,,,0.113,0.188,0.109,0.143,0.403,,,,,0.11,0.186,0.556,,,0.544,0.621,,0.141,0.149,0.195,0.641,0.638,0.16,0.14,0.616,0.185,,,0.221,,,,,0.159,,,,0.177,,0.105,,0.202,0.114,0.116,0.096,,,,0.429,0.079,,,0.127,0.118
162,14067960,,0.568,0.57,,,,0.264,,,,,0.185,0.265,,0.228,0.077,,0.154,,,,,,,,0.408,,0.437,0.181,,,0.094,,0.426,0.267,,,,0.104,0.128,0.168,,,,0.078,0.497,0.52,0.499,,,,0.241,,0.09,,,,,,0.242,0.183,,,,0.203,0.165,0.054,0.117,,,,0.101,0.171,0.158,,0.359,,,,,,0.096,,,,,0.165,0.072,0.418,0.309,0.033,0.101,0.403,0.313,0.413,0.071,0.18,0.133,,,0.198,,,0.09,0.024,0.016,,0.062,0.197,,,,,,,,0.245,,0.095,0.815,,,0.025,,0.092,,0.1,0.162,0.093,0.159,0.135,0.365,0.641,0.395,0.19,0.155,0.155,,0.624,,,,,,,,0.113,0.188,0.109,0.143,0.405,,,,,0.11,0.186,0.556,,,0.544,0.621,,0.141,0.149,0.196,0.641,0.638,0.16,0.14,0.628,0.186,,,0.222,,,,,0.159,,,,0.176,,0.105,,0.201,0.113,0.115,0.108,,,,0.43,0.079,,,0.127,0.118
162,14068020,,0.568,0.57,,,,0.264,,,,,0.18,0.262,,0.23,0.085,,0.154,,,,,,,,0.407,,0.44,0.181,,,0.095,,0.426,0.269,,,,0.104,0.126,0.169,,,,0.078,0.497,0.52,0.498,,,,0.241,,0.091,,,,,,0.225,0.183,,,,0.203,0.166,0.054,0.117,,,,0.1,0.171,0.158,,0.355,,,,,,0.096,,,,,0.165,0.071,0.373,0.299,0.033,0.101,0.434,0.306,0.412,0.071,0.18,0.134,,,0.199,,,0.091,0.023,0.016,,0.209,0.197,,,,,,,,0.226,,0.094,0.815,,,0.025,,0.093,,0.101,0.163,0.093,0.159,0.135,0.365,0.644,0.401,0.192,0.156,0.135,,0.624,,,,,,,,0.112,0.188,0.109,0.143,0.406,,,,,0.11,0.185,0.556,,,0.545,0.621,,0.14,0.15,0.195,0.641,0.638,0.16,0.14,0.625,0.186,,,0.22,,,,,0.159,,,,0.171,,0.105,,0.202,0.113,0.115,0.107,,,,0.431,0.077,,,0.127,0.118
162,14068080,,0.568,0.57,,,,0.264,,,,,0.17,0.25,,0.228,0.071,,0.154,,,,,,,,0.407,,0.437,0.181,,,0.094,,0.426,0.271,,,,0.104,0.127,0.17,,,,0.078,0.497,0.52,0.498,,,,0.241,,0.092,,,,,,0.212,0.183,,,,0.203,0.166,0.054,0.118,,,,0.1,0.171,0.158,,0.357,,,,,,0.095,,,,,0.168,0.071,0.388,0.303,0.033,0.101,0.445,0.306,0.413,0.071,0.181,0.131,,,0.199,,,0.092,0.023,0.016,,0.143,0.197,,,,,,,,0.243,,0.094,0.813,,,0.025,,0.094,,0.1,0.163,0.094,0.159,0.135,0.365,0.635,0.407,0.188,0.155,0.138,,0.625,,,,,,,,0.111,0.187,0.109,0.143,0.404,,,,,0.11,0.185,0.556,,,0.545,0.621,,0.14,0.15,0.195,0.641,0.638,0.16,0.14,0.628,0.185,,,0.219,,,,,0.159,,,,0.171,,0.105,,0.204,0.114,0.116,0.103,,,,0.429,0.081,,,0.127,0.118
162,14068140,,0.568,0.57,,,,0.264,,,,,0.171,0.245,,0.228,0.078,,0.154,,,,,,,,0.408,,0.434,0.182,,,0.094,,0.426,0.27,,,,0.104,0.127,0.169,,,,0.078,0.497,0.52,0.498,,,,0.241,,0.091,,,,,,0.21,0.183,,,,0.203,0.166,0.054,0.117,,,,0.098,0.171,0.158,,0.356,,,,,,0.095,,,,,0.16,0.071,0.384,0.304,0.033,0.101,0.448,0.31,0.414,0.071,0.18,0.131,,,0.199,,,0.092,0.023,0.019,,0.064,0.197,,,,,,,,0.231,,0.094,0.816,,,0.025,,0.094,,0.1,0.159,0.093,0.159,0.135,0.365,0.64,0.399,0.193,0.155,0.14,,0.625,,,,,,,,0.111,0.187,0.109,0.143,0.403,,,,,0.11,0.185,0.556,,,0.545,0.621,,0.141,0.149,0.195,0.64,0.638,0.16,0.14,0.629,0.184,,,0.223,,,,,0.159,,,,0.172,,0.104,,0.203,0.114,0.116,0.098,,,,0.429,0.081,,,0.127,0.118
162,14068200,,0.568,0.57,,,,0.264,,,,,0.171,0.228,,0.228,0.091,,0.154,,,,,,,,0.407,,0.428,0.182,,,0.093,,0.426,0.27,,,,0.104,0.126,0.169,,,,0.078,0.494,0.52,0.498,,,,0.241,,0.09,,,,,,0.218,0.183,,,,0.203,0.166,0.054,0.117,,,,0.099,0.171,0.158,,0.362,,,,,,0.096,,,,,0.166,0.072,0.379,0.312,0.033,0.101,0.456,0.312,0.416,0.071,0.181,0.135,,,0.199,,,0.091,0.023,0.015,,0.063,0.197,,,,,,,,0.242,,0.094,0.817,,,0.025,,0.092,,0.101,0.159,0.094,0.16,0.134,0.365,0.641,0.374,0.192,0.155,0.141,,0.624,,,,,,,,0.111,0.187,0.109,0.143,0.405,,,,,0.11,0.185,0.555,,,0.545,0.622,,0.144,0.15,0.195,0.64,0.638,0.16,0.14,0.625,0.185,,,0.223,,,,,0.158,,,,0.172,,0.104,,0.204,0.113,0.116,0.096,,,,0.429,0.081,,,0.127,0.118
162,14068260,,0.568,0.57,,,,0.264,,,,,0.175,0.22,,0.228,0.087,,0.154,,,,,,,,0.407,,0.437,0.182,,,0.093,,0.426,0.268,,,,0.104,0.126,0.169,,,,0.077,0.494,0.519,0.499,,,,0.241,,0.091,,,,,,0.211,0.183,,,,0.203,0.166,0.054,0.118,,,,0.098,0.171,0.158,,0.363,,,,,,0.096,,,,,0.168,0.072,0.395,0.326,0.033,0.101,0.458,0.305,0.417,0.071,0.182,0.136,,,0.199,,,0.091,0.024,0.015,,0.057,0.197,,,,,,,,0.246,,0.095,0.817,,,0.025,,0.092,,0.1,0.158,0.094,0.158,0.134,0.365,0.641,0.394,0.189,0.155,0.141,,0.624,,,,,,,,0.111,0.188,0.109,0.143,0.405,,,,,0.11,0.185,0.555,,,0.545,0.622,,0.145,0.149,0.195,0.64,0.638,0.16,0.14,0.622,0.185,,,0.219,,,,,0.161,,,,0.172,,0.105,,0.206,0.113,0.117,0.097,,,,0.43,0.083,,,0.127,0.118
162,14068320,,0.568,0.57,,,,0.264,,,,,0.17,0.22,,0.228,0.084,,0.154,,,,,,,,0.407,,0.439,0.182,,,0.094,,0.426,0.269,,,,0.104,0.126,0.17,,,,0.077,0.494,0.519,0.499,,,,0.241,,0.103,,,,,,0.209,0.183,,,,0.203,0.166,0.054,0.118,,,,0.098,0.171,0.158,,0.365,,,,,,0.096,,,,,0.17,0.072,0.41,0.357,0.033,0.101,0.46,0.305,0.419,0.071,0.182,0.136,,,0.199,,,0.092,0.027,0.015,,0.057,0.197,,,,,,,,0.257,,0.094,0.812,,,0.025,,0.094,,0.1,0.159,0.094,0.159,0.134,0.365,0.643,0.393,0.192,0.155,0.141,,0.624,,,,,,,,0.111,0.187,0.109,0.143,0.406,,,,,0.11,0.185,0.555,,,0.545,0.622,,0.14,0.15,0.195,0.64,0.638,0.16,0.14,0.621,0.185,,,0.219,,,,,0.159,,,,0.173,,0.104,,0.205,0.113,0.117,0.096,,,,0.429,0.083,,,0.127,0.118
162,14068380,,0.568,0.57,,,,0.264,,,,,0.176,0.215,,0.228,0.076,,0.154,,,,,,,,0.406,,0.425,0.183,,,0.093,,0.426,0.27,,,,0.104,0.125,0.171,,,,0.077,0.494,0.52,0.499,,,,0.241,,0.103,,,,,,0.215,0.183,,,,0.203,0.167,0.054,0.117,,,,0.099,0.171,0.158,,0.366,,,,,,0.095,,,,,0.181,0.071,0.408,0.394,0.033,0.101,0.459,0.321,0.419,0.071,0.183,0.137,,,0.199,,,0.091,0.023,0.015,,0.057,0.197,,,,,,,,0.23,,0.095,0.819,,,0.025,,0.094,,0.101,0.16,0.093,0.159,0.134,0.365,0.652,0.393,0.188,0.155,0.141,,0.624,,,,,,,,0.111,0.188,0.109,0.143,0.406,,,,,0.11,0.185,0.555,,,0.545,0.622,,0.141,0.149,0.195,0.64,0.638,0.16,0.14,0.621,0.187,,,0.223,,,,,0.159,,,,0.172,,0.104,,0.204,0.114,0.117,0.095,,,,0.429,0.083,,,0.127,0.118
162,14068440,,0.568,0.571,,,,0.264,,,,,0.192,0.204,,0.228,0.076,,0.154,,,,,,,,0.406,,0.435,0.182,,,0.093,,0.426,0.269,,,,0.103,0.125,0.17,,,,0.077,0.495,0.52,0.499,,,,0.241,,0.102,,,,,,0.212,0.183,,,,0.203,0.166,0.054,0.117,,,,0.099,0.171,0.158,,0.364,,,,,,0.095,,,,,0.176,0.071,0.454,0.428,0.033,0.101,0.462,0.324,0.419,0.071,0.186,0.139,,,0.199,,,0.09,0.024,0.015,,0.115,0.197,,,,,,,,0.261,,0.095,0.817,,,0.025,,0.093,,0.101,0.159,0.093,0.159,0.134,0.365,0.642,0.391,0.186,0.155,0.141,,0.624,,,,,,,,0.11,0.189,0.109,0.143,0.407,,,,,0.11,0.185,0.555,,,0.545,0.622,,0.141,0.149,0.195,0.64,0.638,0.16,0.14,0.612,0.187,,,0.227,,,,,0.161,,,,0.17,,0.103,,0.203,0.112,0.115,0.095,,,,0.43,0.084,,,0.127,0.118
162,14068500,,0.568,0.571,,,,0.264,,,,,0.17,0.203,,0.228,0.092,,0.154,,,,,,,,0.406,,0.429,0.182,,,0.094,,0.426,0.266,,,,0.103,0.126,0.17,,,,0.077,0.495,0.52,0.499,,,,0.241,,0.106,,,,,,0.212,0.183,,,,0.203,0.167,0.054,0.118,,,,0.098,0.171,0.158,,0.363,,,,,,0.096,,,,,0.163,0.072,0.441,0.461,0.033,0.101,0.461,0.332,0.273,0.071,0.187,0.137,,,0.199,,,0.091,0.025,0.015,,0.058,0.197,,,,,,,,0.253,,0.095,0.81,,,0.025,,0.093,,0.102,0.159,0.094,0.159,0.134,0.365,0.65,0.395,0.19,0.155,0.141,,0.624,,,,,,,,0.111,0.19,0.109,0.143,0.409,,,,,0.109,0.184,0.555,,,0.545,0.622,,0.141,0.15,0.195,0.64,0.638,0.16,0.14,0.604,0.185,,,0.223,,,,,0.161,,,,0.17,,0.104,,0.203,0.113,0.116,0.093,,,,0.431,0.084,,,0.127,0.118
162,14068560,,0.568,0.571,,,,0.265,,,,,0.17,0.194,,0.227,0.073,,0.154,,,,,,,,0.407,,0.442,0.182,,,0.095,,0.426,0.264,,,,0.103,0.125,0.17,,,,0.077,0.495,0.52,0.499,,,,0.241,,0.11,,,,,,0.215,0.183,,,,0.203,0.167,0.054,0.117,,,,0.1,0.171,0.158,,0.363,,,,,,0.096,,,,,0.11,0.072,0.452,0.456,0.033,0.101,0.466,0.331,0.418,0.071,0.19,0.136,,,0.199,,,0.091,0.027,0.024,,0.058,0.197,,,,,,,,0.263,,0.096,0.812,,,0.025,,0.094,,0.1,0.16,0.094,0.16,0.135,0.365,0.648,0.388,0.194,0.155,0.142,,0.624,,,,,,,,0.111,0.19,0.109,0.143,0.407,,,,,0.109,0.184,0.555,,,0.545,0.622,,0.141,0.149,0.195,0.64,0.638,0.16,0.14,0.6,0.184,,,0.218,,,,,0.159,,,,0.171,,0.104,,0.202,0.114,0.116,0.093,,,,0.432,0.083,,,0.127,0.118
162,14068620,,0.568,0.571,,,,0.265,,,,,0.171,0.199,,0.227,0.077,,0.153,,,,,,,,0.407,,0.433,0.176,,,0.094,,0.427,0.264,,,,0.103,0.126,0.17,,,,0.077,0.495,0.519,0.498,,,,0.241,,0.089,,,,,,0.216,0.183,,,,0.203,0.167,0.054,0.117,,,,0.098,0.171,0.158,,0.362,,,,,,0.095,,,,,0.144,0.071,0.469,0.451,0.033,0.101,0.467,0.332,0.437,0.071,0.188,0.14,,,0.199,,,0.092,0.031,0.015,,0.078,0.197,,,,,,,,0.232,,0.094,0.813,,,0.025,,0.093,,0.101,0.16,0.093,0.159,0.135,0.365,0.64,0.377,0.188,0.154,0.142,,0.624,,,,,,,,0.11,0.188,0.109,0.143,0.41,,,,,0.109,0.184,0.556,,,0.545,0.622,,0.141,0.15,0.195,0.64,0.638,0.16,0.14,0.609,0.182,,,0.215,,,,,0.161,,,,0.173,,0.103,,0.202,0.113,0.116,0.094,,,,0.429,0.074,,,0.127,0.118
162,14068680,,0.568,0.571,,,,0.265,,,,,0.17,0.204,,0.227,0.088,,0.154,,,,,,,,0.407,,0.416,0.177,,,0.094,,0.427,0.269,,,,0.103,0.126,0.169,,,,0.077,0.495,0.519,0.498,,,,0.241,,0.088,,,,,,0.215,0.183,,,,0.203,0.167,0.054,0.118,,,,0.099,0.171,0.158,,0.363,,,,,,0.095,,,,,0.163,0.071,0.432,0.457,0.033,0.101,0.472,0.329,0.44,0.071,0.189,0.138,,,0.199,,,0.09,0.023,0.015,,0.059,0.197,,,,,,,,0.239,,0.094,0.81,,,0.025,,0.093,,0.102,0.16,0.093,0.16,0.132,0.365,0.64,0.394,0.187,0.155,0.142,,0.624,,,,,,,,0.111,0.19,0.109,0.143,0.409,,,,,0.109,0.184,0.556,,,0.545,0.622,,0.141,0.15,0.195,0.64,0.638,0.16,0.14,0.619,0.181,,,0.218,,,,,0.16,,,,0.17,,0.104,,0.207,0.112,0.115,0.094,,,,0.43,0.075,,,0.127,0.118
162,14068740,,0.568,0.571,,,,0.265,,,,,0.171,0.198,,0.227,0.082,,0.154,,,,,,,,0.407,,0.429,0.176,,,0.094,,0.427,0.272,,,,0.103,0.125,0.169,,,,0.077,0.495,0.519,0.498,,,,0.241,,0.088,,,,,,0.212,0.183,,,,0.203,0.167,0.054,0.119,,,,0.098,0.172,0.158,,0.361,,,,,,0.095,,,,,0.198,0.072,0.45,0.449,0.033,0.101,0.472,0.334,0.458,0.071,0.187,0.14,,,0.199,,,0.091,0.025,0.02,,0.061,0.197,,,,,,,,0.24,,0.094,0.816,,,0.025,,0.094,,0.1,0.159,0.094,0.16,0.135,0.365,0.646,0.397,0.19,0.154,0.141,,0.624,,,,,,,,0.113,0.19,0.109,0.143,0.41,,,,,0.109,0.184,0.556,,,0.545,0.622,,0.141,0.151,0.195,0.64,0.638,0.16,0.14,0.624,0.181,,,0.222,,,,,0.159,,,,0.171,,0.104,,0.208,0.113,0.116,0.094,,,,0.429,0.077,,,0.127,0.118
162,14068800,,0.568,0.571,,,,0.265,,,,,0.18,0.201,,0.227,0.106,,0.154,,,,,,,,0.408,,0.44,0.177,,,0.093,,0.427,0.271,,,,0.103,0.126,0.169,,,,0.077,0.496,0.519,0.498,,,,0.241,,0.094,,,,,,0.217,0.183,,,,0.203,0.167,0.054,0.119,,,,0.097,0.18,0.168,,0.379,,,,,,0.096,,,,,0.17,0.072,0.44,0.46,0.033,0.101,0.474,0.332,0.41,0.071,0.19,0.139,,,0.199,,,0.091,0.026,0.028,,0.067,0.202,,,,,,,,0.239,,0.094,0.811,,,0.025,,0.094,,0.1,0.16,0.094,0.161,0.134,0.365,0.647,0.434,0.189,0.155,0.141,,0.624,,,,,,,,0.148,0.214,0.109,0.143,0.42,,,,,0.111,0.184,0.556,,,0.545,0.622,,0.141,0.152,0.195,0.64,0.638,0.16,0.14,0.621,0.182,,,0.222,,,,,0.158,,,,0.192,,0.103,,0.209,0.112,0.115,0.095,,,,0.431,0.08,,,0.127,0.118
162,14068860,,0.568,0.571,,,,0.265,,,,,0.203,0.2,,0.229,0.076,,0.154,,,,,,,,0.407,,0.433,0.177,,,0.095,,0.427,0.268,,,,0.103,0.125,0.169,,,,0.078,0.497,0.52,0.498,,,,0.241,,0.089,,,,,,0.213,0.183,,,,0.203,0.167,0.054,0.12,,,,0.099,0.173,0.162,,0.379,,,,,,0.095,,,,,0.166,0.072,0.454,0.459,0.033,0.101,0.475,0.329,0.412,0.071,0.19,0.143,,,0.199,,,0.09,0.031,0.016,,0.06,0.202,,,,,,,,0.24,,0.093,0.807,,,0.025,,0.092,,0.101,0.16,0.093,0.159,0.134,0.365,0.644,0.423,0.192,0.154,0.141,,0.624,,,,,,,,0.15,0.201,0.109,0.143,0.418,,,,,0.111,0.184,0.556,,,0.545,0.622,,0.143,0.153,0.196,0.64,0.638,0.16,0.14,0.617,0.181,,,0.229,,,,,0.16,,,,0.192,,0.104,,0.209,0.112,0.115,0.095,,,,0.431,0.081,,,0.127,0.118
162,14068920,,0.568,0.571,,,,0.265,,,,,0.172,0.193,,0.229,0.102,,0.154,,,,,,,,0.407,,0.428,0.177,,,0.095,,0.427,0.269,,,,0.103,0.125,0.169,,,,0.078,0.497,0.519,0.498,,,,0.241,,0.088,,,,,,0.215,0.183,,,,0.203,0.168,0.054,0.12,,,,0.096,0.172,0.159,,0.372,,,,,,0.095,,,,,0.18,0.072,0.467,0.47,0.033,0.101,0.227,0.327,0.413,0.071,0.189,0.141,,,0.199,,,0.091,0.031,0.036,,0.143,0.201,,,,,,,,0.242,,0.093,0.812,,,0.025,,0.093,,0.102,0.159,0.094,0.16,0.132,0.365,0.651,0.41,0.197,0.155,0.141,,0.624,,,,,,,,0.15,0.192,0.109,0.143,0.416,,,,,0.11,0.183,0.556,,,0.545,0.622,,0.143,0.152,0.195,0.64,0.638,0.16,0.14,0.612,0.182,,,0.234,,,,,0.16,,,,0.19,,0.104,,0.214,0.113,0.115,0.095,,,,0.43,0.081,,,0.127,0.118
162,14068980,,0.568,0.571,,,,0.265,,,,,0.178,0.186,,0.229,0.102,,0.154,,,,,,,,0.407,,0.432,0.177,,,0.095,,0.427,0.269,,,,0.103,0.125,0.169,,,,0.078,0.497,0.52,0.498,,,,0.241,,0.089,,,,,,0.212,0.183,,,,0.203,0.168,0.054,0.12,,,,0.096,0.172,0.158,,0.367,,,,,,0.095,,,,,0.192,0.072,0.442,0.47,0.033,0.101,0.333,0.336,0.414,0.071,0.191,0.142,,,0.199,,,0.091,0.024,0.015,,0.059,0.201,,,,,,,,0.248,,0.094,0.811,,,0.025,,0.093,,0.1,0.159,0.094,0.159,0.134,0.365,0.644,0.408,0.193,0.156,0.141,,0.624,,,,,,,,0.153,0.193,0.109,0.143,0.416,,,,,0.11,0.183,0.556,,,0.545,0.622,,0.141,0.152,0.195,0.64,0.638,0.16,0.14,0.612,0.181,,,0.237,,,,,0.159,,,,0.187,,0.103,,0.211,0.114,0.115,0.094,,,,0.428,0.082,,,0.127,0.118
162,14069040,,0.569,0.571,,,,0.265,,,,,0.173,0.178,,0.229,0.075,,0.154,,,,,,,,0.407,,0.438,0.177,,,0.093,,0.427,0.268,,,,0.103,0.125,0.169,,,,0.078,0.497,0.519,0.498,,,,0.241,,0.091,,,,,,0.222,0.183,,,,0.203,0.168,0.054,0.12,,,,0.1,0.171,0.159,,0.365,,,,,,0.094,,,,,0.194,0.072,0.442,0.481,0.033,0.101,0.317,0.34,0.418,0.071,0.193,0.139,,,0.199,,,0.091,0.029,0.016,,0.059,0.201,,,,,,,,0.242,,0.094,0.814,,,0.025,,0.094,,0.101,0.16,0.093,0.159,0.134,0.365,0.648,0.391,0.189,0.156,0.141,,0.624,,,,,,,,0.167,0.193,0.109,0.143,0.413,,,,,0.11,0.183,0.556,,,0.545,0.622,,0.141,0.152,0.196,0.64,0.638,0.16,0.14,0.601,0.18,,,0.236,,,,,0.16,,,,0.184,,0.105,,0.207,0.113,0.116,0.094,,,,0.428,0.084,,,0.127,0.118
162,14069100,,0.569,0.571,,,,0.265,,,,,0.174,0.178,,0.228,0.115,,0.154,,,,,,,,0.409,,0.437,0.177,,,0.093,,0.427,0.271,,,,0.103,0.126,0.169,,,,0.078,0.495,0.52,0.498,,,,0.241,,0.091,,,,,,0.235,0.184,,,,0.203,0.168,0.054,0.12,,,,0.098,0.173,0.159,,0.374,,,,,,0.095,,,,,0.19,0.072,0.447,0.49,0.033,0.101,0.383,0.347,0.419,0.071,0.194,0.143,,,0.199,,,0.09,0.039,0.07,,0.061,0.201,,,,,,,,0.252,,0.093,0.815,,,0.025,,0.093,,0.101,0.16,0.12,0.159,0.134,0.365,0.646,0.412,0.191,0.155,0.143,,0.624,,,,,,,,0.169,0.192,0.109,0.143,0.417,,,,,0.11,0.182,0.556,,,0.545,0.622,,0.141,0.152,0.196,0.641,0.638,0.16,0.14,0.598,0.182,,,0.23,,,,,0.16,,,,0.182,,0.105,,0.205,0.112,0.117,0.104,,,,0.429,0.084,,,0.127,0.118
162,14069160,,0.568,0.571,,,,0.265,,,,,0.176,0.158,,0.228,0.079,,0.154,,,,,,,,0.408,,0.44,0.177,,,0.095,,0.427,0.268,,,,0.103,0.129,0.17,,,,0.077,0.495,0.52,0.498,,,,0.241,,0.089,,,,,,0.264,0.184,,,,0.203,0.168,0.054,0.121,,,,0.098,0.172,0.158,,0.377,,,,,,0.095,,,,,0.179,0.073,0.473,0.491,0.033,0.101,0.393,0.346,0.421,0.071,0.193,0.143,,,0.199,,,0.09,0.024,0.016,,0.063,0.2,,,,,,,,0.254,,0.094,0.811,,,0.025,,0.093,,0.1,0.16,0.122,0.159,0.134,0.365,0.646,0.424,0.193,0.155,0.143,,0.624,,,,,,,,0.17,0.192,0.109,0.143,0.418,,,,,0.109,0.182,0.556,,,0.546,0.622,,0.141,0.153,0.196,0.64,0.638,0.16,0.14,0.586,0.181,,,0.225,,,,,0.16,,,,0.178,,0.105,,0.198,0.113,0.114,0.117,,,,0.429,0.081,,,0.127,0.118
162,14069220,,0.568,0.571,,,,0.265,,,,,0.175,0.122,,0.228,0.082,,0.154,,,,,,,,0.408,,0.435,0.178,,,0.095,,0.427,0.268,,,,0.104,0.127,0.17,,,,0.078,0.495,0.52,0.498,,,,0.241,,0.09,,,,,,0.249,0.184,,,,0.203,0.168,0.054,0.119,,,,0.098,0.172,0.159,,0.374,,,,,,0.096,,,,,0.169,0.072,0.471,0.475,0.033,0.101,0.409,0.351,0.42,0.071,0.195,0.141,,,0.199,,,0.091,0.059,0.091,,0.059,0.2,,,,,,,,0.242,,0.095,0.816,,,0.025,,0.093,,0.101,0.159,0.124,0.159,0.134,0.365,0.641,0.399,0.193,0.156,0.143,,0.624,,,,,,,,0.164,0.192,0.109,0.143,0.415,,,,,0.109,0.182,0.556,,,0.546,0.622,,0.141,0.153,0.196,0.64,0.638,0.16,0.14,0.582,0.181,,,0.224,,,,,0.16,,,,0.176,,0.105,,0.193,0.113,0.116,0.116,,,,0.428,0.081,,,0.127,0.118
162,14069280,,0.568,0.571,,,,0.265,,,,,0.174,0.127,,0.229,0.056,,0.154,,,,,,,,0.408,,0.428,0.178,,,0.094,,0.428,0.268,,,,0.104,0.126,0.17,,,,0.078,0.495,0.52,0.498,,,,0.241,,0.091,,,,,,0.229,0.184,,,,0.203,0.168,0.054,0.12,,,,0.097,0.172,0.158,,0.37,,,,,,0.094,,,,,0.162,0.072,0.451,0.487,0.033,0.101,0.425,0.346,0.403,0.071,0.189,0.14,,,0.199,,,0.092,0.038,0.047,,0.06,0.199,,,,,,,,0.242,,0.095,0.817,,,0.025,,0.094,,0.101,0.161,0.126,0.159,0.135,0.365,0.643,0.396,0.191,0.156,0.142,,0.624,,,,,,,,0.158,0.191,0.109,0.143,0.409,,,,,0.109,0.181,0.556,,,0.546,0.622,,0.141,0.149,0.196,0.64,0.638,0.16,0.14,0.586,0.181,,,0.22,,,,,0.159,,,,0.174,,0.105,,0.19,0.114,0.115,0.114,,,,0.426,0.083,,,0.127,0.118
162,14069340,,0.568,0.57,,,,0.265,,,,,0.178,0.102,,0.229,0.062,,0.154,,,,,,,,0.408,,0.439,0.178,,,0.093,,0.427,0.266,,,,0.104,0.126,0.17,,,,0.078,0.495,0.52,0.498,,,,0.241,,0.091,,,,,,0.213,0.184,,,,0.203,0.168,0.054,0.12,,,,0.099,0.172,0.158,,0.363,,,,,,0.095,,,,,0.153,0.072,0.475,0.479,0.033,0.101,0.437,0.338,0.404,0.071,0.191,0.137,,,0.199,,,0.09,0.023,0.015,,0.059,0.199,,,,,,,,0.238,,0.101,0.811,,,0.025,,0.094,,0.101,0.161,0.128,0.16,0.134,0.365,0.64,0.384,0.196,0.156,0.143,,0.624,,,,,,,,0.157,0.191,0.109,0.143,0.407,,,,,0.109,0.181,0.556,,,0.546,0.622,,0.141,0.148,0.196,0.64,0.638,0.16,0.14,0.584,0.181,,,0.216,,,,,0.159,,,,0.174,,0.105,,0.188,0.112,0.115,0.105,,,,0.427,0.084,,,0.127,0.118
162,14069400,,0.568,0.57,,,,0.264,,,,,0.174,0.096,,0.229,0.074,,0.154,,,,,,,,0.408,,0.432,0.181,,,0.093,,0.428,0.267,,,,0.105,0.126,0.17,,,,0.078,0.495,0.52,0.498,,,,0.241,,0.091,,,,,,0.213,0.184,,,,0.203,0.168,0.054,0.121,,,,0.099,0.173,0.159,,0.363,,,,,,0.096,,,,,0.152,0.072,0.461,0.459,0.033,0.101,0.44,0.335,0.405,0.071,0.188,0.135,,,0.199,,,0.091,0.036,0.035,,0.077,0.199,,,,,,,,0.204,,0.105,0.809,,,0.025,,0.093,,0.101,0.159,0.132,0.159,0.134,0.365,0.648,0.382,0.19,0.155,0.143,,0.624,,,,,,,,0.16,0.193,0.109,0.143,0.408,,,,,0.11,0.18,0.556,,,0.546,0.622,,0.142,0.149,0.196,0.64,0.638,0.16,0.141,0.586,0.185,,,0.221,,,,,0.16,,,,0.177,,0.104,,0.182,0.113,0.115,0.098,,,,0.428,0.084,,,0.127,0.118
162,14069460,,0.568,0.57,,,,0.264,,,,,0.174,0.093,,0.229,0.075,,0.154,,,,,,,,0.408,,0.435,0.18,,,0.094,,0.427,0.269,,,,0.104,0.126,0.171,,,,0.078,0.495,0.519,0.498,,,,0.241,,0.09,,,,,,0.215,0.184,,,,0.203,0.165,0.054,0.119,,,,0.098,0.172,0.158,,0.364,,,,,,0.096,,,,,0.143,0.071,0.451,0.469,0.033,0.101,0.446,0.329,0.406,0.071,0.19,0.137,,,0.199,,,0.091,0.027,0.015,,0.06,0.198,,,,,,,,0.191,,0.109,0.81,,,0.025,,0.093,,0.101,0.161,0.087,0.16,0.134,0.365,0.638,0.383,0.193,0.155,0.141,,0.624,,,,,,,,0.16,0.191,0.109,0.143,0.41,,,,,0.11,0.18,0.557,,,0.546,0.622,,0.141,0.15,0.195,0.64,0.638,0.16,0.141,0.599,0.185,,,0.226,,,,,0.159,,,,0.173,,0.103,,0.181,0.114,0.114,0.097,,,,0.427,0.084,,,0.127,0.118
162,14069520,,0.568,0.571,,,,0.264,,,,,0.174,0.11,,0.229,0.086,,0.154,,,,,,,,0.408,,0.447,0.179,,,0.094,,0.427,0.272,,,,0.104,0.126,0.171,,,,0.078,0.495,0.519,0.498,,,,0.241,,0.09,,,,,,0.215,0.184,,,,0.203,0.165,0.054,0.12,,,,0.1,0.172,0.158,,0.366,,,,,,0.095,,,,,0.146,0.072,0.441,0.452,0.033,0.101,0.447,0.328,0.409,0.071,0.191,0.139,,,0.199,,,0.091,0.048,0.052,,0.122,0.198,,,,,,,,0.197,,0.111,0.81,,,0.025,,0.093,,0.102,0.16,0.086,0.16,0.135,0.365,0.648,0.384,0.188,0.156,0.142,,0.624,,,,,,,,0.158,0.19,0.109,0.143,0.412,,,,,0.11,0.18,0.557,,,0.546,0.622,,0.141,0.149,0.196,0.64,0.638,0.16,0.141,0.604,0.185,,,0.234,,,,,0.16,,,,0.173,,0.103,,0.178,0.114,0.114,0.096,,,,0.429,0.085,,,0.127,0.118
162,14069580,,0.568,0.571,,,,0.265,,,,,0.178,0.108,,0.229,0.069,,0.154,,,,,,,,0.408,,0.453,0.184,,,0.094,,0.428,0.272,,,,0.104,0.126,0.169,,,,0.078,0.495,0.519,0.498,,,,0.241,,0.09,,,,,,0.22,0.184,,,,0.203,0.162,0.054,0.121,,,,0.099,0.171,0.158,,0.363,,,,,,0.095,,,,,0.144,0.072,0.435,0.458,0.033,0.101,0.449,0.322,0.395,0.071,0.189,0.137,,,0.199,,,0.09,0.024,0.015,,0.065,0.198,,,,,,,,0.222,,0.113,0.808,,,0.025,,0.093,,0.103,0.16,0.087,0.16,0.133,0.365,0.646,0.416,0.184,0.156,0.142,,0.624,,,,,,,,0.157,0.19,0.109,0.143,0.409,,,,,0.109,0.18,0.557,,,0.546,0.622,,0.141,0.149,0.196,0.64,0.638,0.16,0.14,0.606,0.185,,,0.237,,,,,0.16,,,,0.172,,0.104,,0.169,0.113,0.115,0.095,,,,0.429,0.086,,,0.127,0.118
162,14069640,,0.568,0.571,,,,0.265,,,,,0.174,0.132,,0.229,0.097,,0.153,,,,,,,,0.408,,0.439,0.183,,,0.095,,0.428,0.271,,,,0.104,0.126,0.17,,,,0.077,0.495,0.519,0.498,,,,0.241,,0.091,,,,,,0.22,0.184,,,,0.203,0.162,0.054,0.12,,,,0.099,0.172,0.158,,0.361,,,,,,0.095,,,,,0.144,0.073,0.458,0.447,0.033,0.101,0.451,0.324,0.398,0.071,0.19,0.138,,,0.199,,,0.091,0.026,0.015,,0.069,0.198,,,,,,,,0.207,,0.088,0.814,,,0.025,,0.093,,0.101,0.16,0.089,0.16,0.133,0.365,0.649,0.396,0.195,0.156,0.142,,0.624,,,,,,,,0.156,0.189,0.109,0.143,0.408,,,,,0.109,0.18,0.556,,,0.546,0.622,,0.141,0.15,0.195,0.64,0.638,0.16,0.14,0.6,0.185,,,0.235,,,,,0.161,,,,0.172,,0.104,,0.167,0.113,0.115,0.095,,,,0.428,0.085,,,0.127,0.118
162,14069700,,0.568,0.571,,,,0.265,,,,,0.175,0.076,,0.229,0.083,,0.154,,,,,,,,0.41,,0.443,0.185,,,0.095,,0.428,0.271,,,,0.104,0.126,0.171,,,,0.077,0.497,0.519,0.498,,,,0.241,,0.089,,,,,,0.22,0.184,,,,0.203,0.163,0.054,0.12,,,,0.098,0.172,0.158,,0.363,,,,,,0.096,,,,,0.143,0.072,0.442,0.454,0.033,0.101,0.452,0.323,0.398,0.071,0.191,0.142,,,0.199,,,0.091,0.056,0.092,,0.098,0.198,,,,,,,,0.26,,0.088,0.81,,,0.024,,0.093,,0.102,0.16,0.093,0.16,0.133,0.365,0.641,0.392,0.187,0.156,0.142,,0.624,,,,,,,,0.156,0.19,0.109,0.143,0.41,,,,,0.109,0.18,0.557,,,0.546,0.622,,0.141,0.15,0.196,0.64,0.638,0.16,0.14,0.616,0.186,,,0.231,,,,,0.161,,,,0.173,,0.104,,0.167,0.113,0.115,0.095,,,,0.428,0.085,,,0.127,0.119
162,14069760,,0.569,0.571,,,,0.265,,,,,0.174,0.066,,0.229,0.074,,0.154,,,,,,,,0.408,,0.451,0.186,,,0.094,,0.428,0.272,,,,0.103,0.126,0.17,,,,0.077,0.497,0.52,0.498,,,,0.241,,0.091,,,,,,0.215,0.184,,,,0.203,0.163,0.054,0.12,,,,0.098,0.172,0.158,,0.363,,,,,,0.096,,,,,0.142,0.072,0.444,0.436,0.033,0.101,0.455,0.32,0.398,0.071,0.188,0.14,,,0.199,,,0.092,0.109,0.187,,0.059,0.198,,,,,,,,0.258,,0.092,0.809,,,0.025,,0.094,,0.102,0.161,0.088,0.16,0.133,0.365,0.644,0.392,0.187,0.156,0.142,,0.624,,,,,,,,0.155,0.191,0.109,0.143,0.409,,,,,0.109,0.18,0.556,,,0.546,0.622,,0.145,0.15,0.196,0.64,0.638,0.16,0.14,0.622,0.189,,,0.232,,,,,0.161,,,,0.171,,0.104,,0.142,0.113,0.115,0.095,,,,0.43,0.078,,,0.127,0.119
162,14069820,,0.569,0.57,,,,0.265,,,,,0.177,0.113,,0.228,0.078,,0.154,,,,,,,,0.408,,0.454,0.186,,,0.095,,0.428,0.272,,,,0.104,0.126,0.17,,,,0.077,0.497,0.52,0.498,,,,0.241,,0.09,,,,,,0.221,0.184,,,,0.203,0.163,0.054,0.12,,,,0.099,0.172,0.158,,0.369,,,,,,0.094,,,,,0.141,0.072,0.475,0.451,0.033,0.101,0.46,0.32,0.398,0.071,0.191,0.139,,,0.199,,,0.09,0.027,0.014,,0.059,0.198,,,,,,,,0.265,,0.094,0.812,,,0.025,,0.093,,0.102,0.161,0.087,0.159,0.133,0.365,0.64,0.391,0.188,0.156,0.142,,0.624,,,,,,,,0.152,0.192,0.109,0.143,0.41,,,,,0.109,0.18,0.556,,,0.546,0.622,,0.141,0.149,0.196,0.64,0.638,0.16,0.14,0.623,0.189,,,0.226,,,,,0.161,,,,0.171,,0.105,,0.151,0.112,0.115,0.096,,,,0.428,0.083,,,0.127,0.118
162,14069880,,0.569,0.57,,,,0.265,,,,,0.176,0.098,,0.228,0.086,,0.153,,,,,,,,0.408,,0.454,0.187,,,0.095,,0.428,0.271,,,,0.104,0.126,0.171,,,,0.077,0.497,0.52,0.498,,,,0.241,,0.091,,,,,,0.218,0.184,,,,0.203,0.164,0.054,0.121,,,,0.099,0.172,0.158,,0.373,,,,,,0.095,,,,,0.143,0.073,0.454,0.445,0.033,0.101,0.463,0.318,0.399,0.071,0.194,0.139,,,0.199,,,0.091,0.025,0.015,,0.062,0.198,,,,,,,,0.261,,0.088,0.811,,,0.025,,0.094,,0.101,0.16,0.087,0.16,0.132,0.365,0.644,0.388,0.189,0.156,0.141,,0.624,,,,,,,,0.15,0.191,0.109,0.143,0.411,,,,,0.109,0.18,0.556,,,0.546,0.622,,0.142,0.15,0.196,0.64,0.638,0.16,0.14,0.622,0.187,,,0.22,,,,,0.16,,,,0.172,,0.105,,0.183,0.113,0.116,0.094,,,,0.43,0.081,,,0.127,0.118
162,14069940,,0.568,0.571,,,,0.265,,,,,0.181,0.113,,0.229,0.077,,0.153,,,,,,,,0.407,,0.449,0.187,,,0.094,,0.428,0.27,,,,0.104,0.125,0.171,,,,0.077,0.497,0.52,0.498,,,,0.241,,0.09,,,,,,0.216,0.184,,,,0.203,0.164,0.054,0.12,,,,0.098,0.172,0.158,,0.371,,,,,,0.095,,,,,0.142,0.072,0.452,0.437,0.033,0.101,0.465,0.319,0.386,0.071,0.194,0.143,,,0.2,,,0.091,0.032,0.015,,0.06,0.198,,,,,,,,0.28,,0.088,0.814,,,0.025,,0.093,,0.101,0.161,0.089,0.16,0.134,0.365,0.649,0.393,0.191,0.157,0.142,,0.624,,,,,,,,0.15,0.192,0.111,0.143,0.409,,,,,0.109,0.18,0.557,,,0.546,0.622,,0.142,0.15,0.196,0.64,0.638,0.16,0.14,0.617,0.187,,,0.218,,,,,0.16,,,,0.172,,0.105,,0.199,0.113,0.116,0.094,,,,0.428,0.082,,,0.127,0.118
162,14070000,,0.568,0.571,,,,0.265,,,,,0.177,0.121,,0.229,0.098,,0.153,,,,,,,,0.407,,0.449,0.187,,,0.095,,0.428,0.265,,,,0.104,0.125,0.171,,,,0.077,0.496,0.52,0.498,,,,0.241,,0.089,,,,,,0.215,0.184,,,,0.203,0.163,0.054,0.12,,,,0.098,0.172,0.158,,0.371,,,,,,0.094,,,,,0.143,0.072,0.461,0.433,0.033,0.101,0.466,0.318,0.388,0.071,0.192,0.138,,,0.2,,,0.091,0.031,0.027,,0.097,0.198,,,,,,,,0.279,,0.09,0.814,,,0.025,,0.094,,0.102,0.161,0.091,0.16,0.134,0.365,0.647,0.397,0.19,0.158,0.142,,0.624,,,,,,,,0.149,0.191,0.111,0.143,0.414,,,,,0.109,0.179,0.557,,,0.546,0.622,,0.142,0.15,0.196,0.64,0.638,0.16,0.14,0.617,0.188,,,0.216,,,,,0.161,,,,0.173,,0.105,,0.214,0.112,0.116,0.095,,,,0.427,0.083,,,0.127,0.118
162,14070060,,0.568,0.571,,,,0.265,,,,,0.178,0.131,,0.23,0.078,,0.154,,,,,,,,0.407,,0.44,0.188,,,0.095,,0.429,0.265,,,,0.104,0.126,0.171,,,,0.077,0.495,0.519,0.498,,,,0.241,,0.091,,,,,,0.219,0.184,,,,0.203,0.163,0.054,0.119,,,,0.098,0.172,0.158,,0.367,,,,,,0.095,,,,,0.14,0.072,0.456,0.443,0.033,0.101,0.466,0.317,0.389,0.071,0.192,0.139,,,0.2,,,0.091,0.027,0.016,,0.059,0.198,,,,,,,,0.274,,0.093,0.815,,,0.025,,0.092,,0.103,0.161,0.091,0.16,0.135,0.365,0.644,0.401,0.184,0.158,0.143,,0.624,,,,,,,,0.146,0.19,0.111,0.143,0.413,,,,,0.109,0.179,0.557,,,0.546,0.623,,0.141,0.15,0.196,0.64,0.638,0.16,0.14,0.62,0.186,,,0.217,,,,,0.16,,,,0.173,,0.105,,0.226,0.113,0.116,0.096,,,,0.427,0.079,,,0.127,0.118
162,14070120,,0.569,0.571,,,,0.265,,,,,0.177,0.111,,0.228,0.07,,0.154,,,,,,,,0.407,,0.445,0.188,,,0.095,,0.429,0.266,,,,0.103,0.126,0.171,,,,0.077,0.495,0.519,0.498,,,,0.241,,0.088,,,,,,0.221,0.184,,,,0.203,0.163,0.054,0.12,,,,0.099,0.172,0.158,,0.364,,,,,,0.095,,,,,0.138,0.072,0.474,0.439,0.033,0.101,0.468,0.314,0.391,0.071,0.189,0.139,,,0.2,,,0.092,0.026,0.016,,0.066,0.198,,,,,,,,0.266,,0.091,0.813,,,0.025,,0.093,,0.102,0.161,0.089,0.16,0.134,0.365,0.645,0.387,0.193,0.157,0.143,,0.624,,,,,,,,0.145,0.192,0.111,0.143,0.413,,,,,0.109,0.179,0.557,,,0.546,0.623,,0.141,0.15,0.196,0.64,0.638,0.16,0.14,0.62,0.185,,,0.218,,,,,0.16,,,,0.174,,0.105,,0.231,0.113,0.116,0.095,,,,0.427,0.078,,,0.127,0.118
162,14070180,,0.569,0.57,,,,0.265,,,,,0.177,0.124,,0.229,0.065,,0.154,,,,,,,,0.407,,0.445,0.187,,,0.094,,0.429,0.267,,,,0.103,0.125,0.171,,,,0.077,0.495,0.519,0.498,,,,0.241,,0.088,,,,,,0.216,0.184,,,,0.203,0.164,0.054,0.121,,,,0.099,0.172,0.158,,0.361,,,,,,0.096,,,,,0.143,0.072,0.443,0.429,0.033,0.101,0.467,0.313,0.392,0.071,0.19,0.139,,,0.2,,,0.092,0.028,0.016,,0.076,0.197,,,,,,,,0.258,,0.092,0.814,,,0.025,,0.093,,0.103,0.161,0.089,0.16,0.134,0.365,0.647,0.373,0.193,0.157,0.142,,0.624,,,,,,,,0.144,0.193,0.111,0.143,0.412,,,,,0.109,0.179,0.557,,,0.546,0.623,,0.142,0.15,0.196,0.64,0.638,0.16,0.14,0.624,0.183,,,0.217,,,,,0.161,,,,0.171,,0.104,,0.228,0.114,0.115,0.095,,,,0.427,0.081,,,0.127,0.119
162,14070240,,0.569,0.571,,,,0.265,,,,,0.183,0.126,,0.229,0.08,,0.154,,,,,,,,0.406,,0.445,0.187,,,0.094,,0.429,0.267,,,,0.104,0.125,0.171,,,,0.077,0.495,0.52,0.498,,,,0.241,,0.089,,,,,,0.216,0.184,,,,0.203,0.164,0.054,0.121,,,,0.1,0.172,0.157,,0.361,,,,,,0.095,,,,,0.143,0.072,0.452,0.429,0.033,0.101,0.471,0.311,0.392,0.071,0.188,0.137,,,0.2,,,0.092,0.03,0.029,,0.068,0.197,,,,,,,,0.256,,0.09,0.81,,,0.025,,0.094,,0.103,0.162,0.088,0.16,0.134,0.365,0.649,0.373,0.198,0.157,0.142,,0.624,,,,,,,,0.143,0.19,0.111,0.143,0.412,,,,,0.109,0.179,0.557,,,0.546,0.623,,0.142,0.151,0.196,0.64,0.638,0.16,0.14,0.621,0.181,,,0.215,,,,,0.16,,,,0.171,,0.105,,0.23,0.114,0.115,0.095,,,,0.428,0.08,,,0.127,0.119
162,14070300,,0.569,0.57,,,,0.265,,,,,0.198,0.1,,0.229,0.098,,0.154,,,,,,,,0.407,,0.449,0.188,,,0.096,,0.429,0.269,,,,0.104,0.126,0.17,,,,0.077,0.496,0.52,0.498,,,,0.241,,0.091,,,,,,0.229,0.184,,,,0.203,0.164,0.055,0.12,,,,0.098,0.172,0.158,,0.367,,,,,,0.095,,,,,0.141,0.071,0.471,0.423,0.033,0.101,0.473,0.31,0.392,0.071,0.187,0.136,,,0.2,,,0.091,0.037,0.034,,0.068,0.197,,,,,,,,0.263,,0.093,0.811,,,0.025,,0.093,,0.102,0.16,0.09,0.159,0.134,0.365,0.651,0.388,0.192,0.157,0.142,,0.624,,,,,,,,0.141,0.191,0.111,0.143,0.412,,,,,0.109,0.179,0.556,,,0.546,0.623,,0.143,0.151,0.196,0.64,0.638,0.16,0.14,0.618,0.181,,,0.212,,,,,0.161,,,,0.171,,0.105,,0.225,0.113,0.115,0.099,,,,0.429,0.082,,,0.127,0.119
162,14070360,,0.569,0.57,,,,0.265,,,,,0.177,0.069,,0.228,0.085,,0.154,,,,,,,,0.407,,0.449,0.188,,,0.094,,0.429,0.269,,,,0.104,0.127,0.171,,,,0.078,0.496,0.519,0.498,,,,0.241,,0.089,,,,,,0.243,0.184,,,,0.203,0.164,0.055,0.121,,,,0.098,0.171,0.157,,0.367,,,,,,0.095,,,,,0.141,0.072,0.445,0.428,0.033,0.101,0.382,0.316,0.392,0.071,0.187,0.137,,,0.2,,,0.091,0.026,0.016,,0.105,0.197,,,,,,,,0.263,,0.091,0.813,,,0.024,,0.093,,0.103,0.161,0.093,0.159,0.133,0.365,0.648,0.394,0.19,0.157,0.143,,0.624,,,,,,,,0.14,0.191,0.111,0.143,0.411,,,,,0.109,0.179,0.556,,,0.546,0.623,,0.141,0.151,0.196,0.64,0.638,0.16,0.14,0.619,0.183,,,0.215,,,,,0.16,,,,0.171,,0.105,,0.24,0.113,0.116,0.108,,,,0.43,0.083,,,0.127,0.119
162,14070420,,0.569,0.57,,,,0.265,,,,,0.179,0.072,,0.228,0.069,,0.154,,,,,,,,0.407,,0.45,0.188,,,0.093,,0.429,0.269,,,,0.104,0.125,0.171,,,,0.077,0.496,0.519,0.498,,,,0.241,,0.09,,,,,,0.232,0.184,,,,0.203,0.164,0.055,0.121,,,,0.1,0.172,0.157,,0.364,,,,,,0.094,,,,,0.139,0.072,0.435,0.433,0.033,0.101,0.312,0.313,0.393,0.071,0.186,0.138,,,0.2,,,0.092,0.034,0.02,,0.131,0.197,,,,,,,,0.256,,0.092,0.819,,,0.024,,0.094,,0.103,0.161,0.099,0.16,0.133,0.365,0.65,0.382,0.19,0.156,0.142,,0.623,,,,,,,,0.139,0.192,0.111,0.143,0.412,,,,,0.109,0.178,0.556,,,0.546,0.623,,0.142,0.15,0.196,0.641,0.638,0.16,0.14,0.622,0.185,,,0.218,,,,,0.16,,,,0.17,,0.105,,0.281,0.113,0.116,0.106,,,,0.429,0.083,,,0.127,0.118
162,14070480,,0.568,0.57,,,,0.265,,,,,0.178,0.096,,0.228,0.061,,0.154,,,,,,,,0.407,,0.428,0.188,,,0.094,,0.429,0.269,,,,0.104,0.125,0.172,,,,0.077,0.496,0.519,0.498,,,,0.241,,0.09,,,,,,0.221,0.184,,,,0.203,0.165,0.054,0.121,,,,0.097,0.171,0.158,,0.362,,,,,,0.095,,,,,0.142,0.072,0.438,0.434,0.033,0.101,0.376,0.314,0.395,0.071,0.187,0.135,,,0.2,,,0.092,0.035,0.029,,0.064,0.197,,,,,,,,0.256,,0.09,0.813,,,0.024,,0.094,,0.103,0.161,0.099,0.159,0.133,0.365,0.651,0.38,0.204,0.157,0.142,,0.623,,,,,,,,0.138,0.193,0.111,0.143,0.414,,,,,0.109,0.178,0.557,,,0.547,0.623,,0.142,0.15,0.196,0.641,0.638,0.16,0.14,0.62,0.185,,,0.221,,,,,0.159,,,,0.17,,0.105,,0.281,0.113,0.115,0.104,,,,0.429,0.083,,,0.127,0.119
162,14070540,,0.568,0.57,,,,0.265,,,,,0.183,0.11,,0.228,0.064,,0.154,,,,,,,,0.407,,0.444,0.19,,,0.094,,0.429,0.27,,,,0.104,0.126,0.171,,,,0.078,0.497,0.519,0.498,,,,0.241,,0.092,,,,,,0.214,0.184,,,,0.203,0.164,0.055,0.121,,,,0.098,0.172,0.159,,0.364,,,,,,0.096,,,,,0.141,0.072,0.473,0.425,0.033,0.101,0.384,0.31,0.396,0.071,0.188,0.134,,,0.2,,,0.091,0.027,0.016,,0.07,0.197,,,,,,,,0.254,,0.092,0.808,,,0.024,,0.092,,0.102,0.161,0.102,0.16,0.132,0.365,0.647,0.393,0.195,0.158,0.144,,0.624,,,,,,,,0.134,0.196,0.119,0.143,0.41,,,,,0.109,0.178,0.557,,,0.547,0.623,,0.142,0.15,0.195,0.641,0.638,0.16,0.14,0.619,0.184,,,0.224,,,,,0.161,,,,0.171,,0.105,,0.277,0.113,0.116,0.096,,,,0.428,0.083,,,0.127,0.118
162,14070600,,0.568,0.571,,,,0.265,,,,,0.179,0.119,,0.228,0.077,,0.154,,,,,,,,0.407,,0.442,0.192,,,0.095,,0.429,0.269,,,,0.104,0.126,0.171,,,,0.078,0.498,0.519,0.498,,,,0.241,,0.091,,,,,,0.221,0.184,,,,0.203,0.165,0.055,0.12,,,,0.097,0.172,0.161,,0.375,,,,,,0.095,,,,,0.142,0.073,0.447,0.422,0.033,0.101,0.387,0.311,0.398,0.071,0.187,0.139,,,0.2,,,0.092,0.028,0.022,,0.069,0.198,,,,,,,,0.255,,0.094,0.805,,,0.024,,0.094,,0.103,0.161,0.104,0.159,0.129,0.365,0.659,0.418,0.19,0.158,0.143,,0.623,,,,,,,,0.145,0.203,0.133,0.143,0.412,,,,,0.11,0.178,0.557,,,0.547,0.623,,0.142,0.15,0.196,0.641,0.638,0.16,0.14,0.621,0.185,,,0.23,,,,,0.162,,,,0.185,,0.105,,0.275,0.112,0.116,0.095,,,,0.429,0.083,,,0.127,0.118
162,14070660,,0.568,0.571,,,,0.265,,,,,0.184,0.108,,0.227,0.065,,0.154,,,,,,,,0.406,,0.424,0.193,,,0.093,,0.429,0.268,,,,0.104,0.126,0.172,,,,0.078,0.498,0.52,0.498,,,,0.241,,0.091,,,,,,0.22,0.184,,,,0.203,0.165,0.055,0.121,,,,0.099,0.172,0.158,,0.375,,,,,,0.094,,,,,0.14,0.072,0.447,0.42,0.033,0.101,0.418,0.311,0.398,0.071,0.188,0.139,,,0.2,,,0.092,0.027,0.016,,0.106,0.198,,,,,,,,0.249,,0.093,0.8,,,0.024,,0.094,,0.104,0.16,0.105,0.16,0.131,0.365,0.653,0.41,0.195,0.158,0.142,,0.623,,,,,,,,0.145,0.194,0.131,0.143,0.41,,,,,0.11,0.178,0.558,,,0.547,0.623,,0.142,0.15,0.196,0.641,0.638,0.16,0.14,0.625,0.185,,,0.233,,,,,0.161,,,,0.186,,0.105,,0.268,0.114,0.117,0.096,,,,0.43,0.083,,,0.127,0.118
162,14070720,,0.568,0.571,,,,0.265,,,,,0.183,0.108,,0.228,0.068,,0.154,,,,,,,,0.406,,0.419,0.193,,,0.093,,0.429,0.268,,,,0.104,0.126,0.172,,,,0.078,0.498,0.52,0.498,,,,0.241,,0.091,,,,,,0.217,0.184,,,,0.203,0.165,0.055,0.121,,,,0.099,0.172,0.158,,0.372,,,,,,0.095,,,,,0.14,0.072,0.458,0.434,0.033,0.101,0.453,0.311,0.399,0.071,0.189,0.137,,,0.2,,,0.092,0.04,0.052,,0.066,0.198,,,,,,,,0.241,,0.091,0.803,,,0.025,,0.094,,0.104,0.16,0.108,0.159,0.131,0.365,0.658,0.392,0.187,0.158,0.143,,0.623,,,,,,,,0.14,0.193,0.128,0.143,0.41,,,,,0.109,0.178,0.558,,,0.547,0.623,,0.142,0.15,0.196,0.641,0.638,0.16,0.14,0.625,0.184,,,0.239,,,,,0.161,,,,0.186,,0.105,,0.261,0.114,0.116,0.096,,,,0.429,0.083,,,0.127,0.12
162,14070780,,0.568,0.571,,,,0.265,,,,,0.185,0.139,,0.229,0.074,,0.154,,,,,,,,0.407,,0.428,0.194,,,0.094,,0.429,0.269,,,,0.104,0.125,0.17,,,,0.078,0.498,0.519,0.498,,,,0.241,,0.091,,,,,,0.214,0.184,,,,0.203,0.163,0.055,0.121,,,,0.1,0.172,0.158,,0.368,,,,,,0.095,,,,,0.142,0.071,0.456,0.41,0.033,0.101,0.457,0.308,0.399,0.071,0.187,0.136,,,0.2,,,0.09,0.088,0.064,,0.057,0.198,,,,,,,,0.241,,0.092,0.81,,,0.025,,0.093,,0.102,0.161,0.11,0.16,0.131,0.365,0.658,0.398,0.196,0.157,0.142,,0.624,,,,,,,,0.137,0.189,0.127,0.143,0.41,,,,,0.109,0.177,0.558,,,0.547,0.623,,0.142,0.15,0.196,0.64,0.638,0.16,0.14,0.615,0.182,,,0.238,,,,,0.161,,,,0.183,,0.104,,0.254,0.112,0.116,0.096,,,,0.428,0.083,,,0.127,0.121
162,14070840,,0.568,0.571,,,,0.265,,,,,0.217,0.135,,0.229,0.062,,0.154,,,,,,,,0.406,,0.443,0.193,,,0.095,,0.43,0.271,,,,0.104,0.126,0.171,,,,0.078,0.498,0.519,0.498,,,,0.241,,0.089,,,,,,0.211,0.184,,,,0.203,0.163,0.055,0.12,,,,0.099,0.172,0.157,,0.368,,,,,,0.096,,,,,0.142,0.071,0.46,0.416,0.033,0.101,0.458,0.307,0.401,0.071,0.186,0.141,,,0.2,,,0.091,0.055,0.052,,0.057,0.197,,,,,,,,0.255,,0.093,0.813,,,0.025,,0.094,,0.104,0.16,0.087,0.159,0.131,0.365,0.652,0.413,0.194,0.157,0.142,,0.624,,,,,,,,0.136,0.19,0.124,0.143,0.411,,,,,0.109,0.177,0.558,,,0.547,0.623,,0.142,0.151,0.196,0.64,0.638,0.16,0.14,0.612,0.183,,,0.235,,,,,0.161,,,,0.177,,0.105,,0.237,0.114,0.116,0.094,,,,0.429,0.083,,,0.127,0.12
162,14070900,,0.568,0.57,,,,0.265,,,,,0.182,0.123,,0.229,0.091,,0.154,,,,,,,,0.407,,0.443,0.193,,,0.094,,0.43,0.275,,,,0.104,0.125,0.172,,,,0.078,0.496,0.52,0.498,,,,0.241,,0.091,,,,,,0.218,0.184,,,,0.203,0.163,0.055,0.12,,,,0.098,0.172,0.157,,0.371,,,,,,0.094,,,,,0.143,0.072,0.434,0.43,0.033,0.101,0.466,0.308,0.4,0.071,0.187,0.136,,,0.2,,,0.091,0.031,0.035,,0.094,0.197,,,,,,,,0.263,,0.092,0.811,,,0.025,,0.094,,0.104,0.161,0.086,0.159,0.132,0.365,0.659,0.406,0.189,0.158,0.142,,0.624,,,,,,,,0.132,0.19,0.124,0.143,0.414,,,,,0.109,0.177,0.558,,,0.547,0.623,,0.142,0.15,0.196,0.64,0.638,0.16,0.14,0.615,0.185,,,0.232,,,,,0.16,,,,0.174,,0.104,,0.228,0.114,0.117,0.094,,,,0.43,0.082,,,0.127,0.12
162,14070960,,0.569,0.57,,,,0.265,,,,,0.183,0.121,,0.229,0.072,,0.154,,,,,,,,0.407,,0.438,0.193,,,0.094,,0.43,0.275,,,,0.104,0.127,0.172,,,,0.078,0.496,0.52,0.498,,,,0.241,,0.09,,,,,,0.212,0.184,,,,0.203,0.163,0.055,0.121,,,,0.1,0.172,0.158,,0.375,,,,,,0.095,,,,,0.143,0.072,0.46,0.415,0.033,0.101,0.474,0.312,0.4,0.071,0.187,0.139,,,0.2,,,0.092,0.043,0.022,,0.057,0.197,,,,,,,,0.265,,0.092,0.816,,,0.025,,0.093,,0.104,0.161,0.088,0.159,0.129,0.365,0.658,0.388,0.194,0.157,0.142,,0.624,,,,,,,,0.131,0.191,0.124,0.143,0.412,,,,,0.109,0.177,0.558,,,0.547,0.623,,0.142,0.149,0.196,0.64,0.638,0.16,0.14,0.616,0.184,,,0.228,,,,,0.162,,,,0.173,,0.104,,0.213,0.113,0.117,0.094,,,,0.431,0.083,,,0.127,0.12
162,14071020,,0.569,0.571,,,,0.265,,,,,0.183,0.107,,0.229,0.084,,0.154,,,,,,,,0.406,,0.414,0.194,,,0.095,,0.432,0.273,,,,0.104,0.126,0.173,,,,0.078,0.496,0.52,0.498,,,,0.241,,0.091,,,,,,0.215,0.184,,,,0.203,0.163,0.055,0.121,,,,0.098,0.172,0.158,,0.371,,,,,,0.095,,,,,0.142,0.072,0.48,0.409,0.033,0.101,0.475,0.306,0.4,0.071,0.188,0.137,,,0.2,,,0.091,0.067,0.098,,0.057,0.197,,,,,,,,0.257,,0.094,0.815,,,0.025,,0.094,,0.103,0.161,0.091,0.16,0.132,0.365,0.658,0.395,0.196,0.158,0.143,,0.624,,,,,,,,0.129,0.19,0.124,0.143,0.413,,,,,0.109,0.177,0.558,,,0.547,0.623,,0.142,0.15,0.196,0.64,0.638,0.16,0.14,0.62,0.184,,,0.224,,,,,0.162,,,,0.172,,0.104,,0.2,0.113,0.117,0.095,,,,0.43,0.082,,,0.127,0.12
162,14071080,,0.569,0.571,,,,0.265,,,,,0.187,0.086,,0.231,0.072,,0.154,,,,,,,,0.406,,0.423,0.194,,,0.095,,0.427,0.271,,,,0.104,0.125,0.171,,,,0.078,0.497,0.519,0.498,,,,0.241,,0.091,,,,,,0.219,0.184,,,,0.203,0.164,0.055,0.121,,,,0.097,0.172,0.157,,0.367,,,,,,0.096,,,,,0.141,0.072,0.443,0.421,0.033,0.101,0.476,0.306,0.401,0.071,0.186,0.139,,,0.2,,,0.092,0.029,0.03,,0.065,0.197,,,,,,,,0.258,,0.091,0.815,,,0.025,,0.094,,0.104,0.161,0.094,0.16,0.132,0.365,0.655,0.399,0.19,0.158,0.143,,0.624,,,,,,,,0.128,0.189,0.124,0.143,0.413,,,,,0.109,0.176,0.557,,,0.547,0.623,,0.142,0.15,0.196,0.64,0.638,0.16,0.14,0.612,0.185,,,0.219,,,,,0.16,,,,0.172,,0.104,,0.191,0.114,0.117,0.095,,,,0.429,0.082,,,0.127,0.12
162,14071140,,0.569,0.57,,,,0.265,,,,,0.185,0.096,,0.234,0.068,,0.154,,,,,,,,0.406,,0.419,0.194,,,0.095,,0.416,0.27,,,,0.104,0.125,0.172,,,,0.077,0.497,0.519,0.498,,,,0.241,,0.091,,,,,,0.221,0.185,,,,0.203,0.164,0.055,0.122,,,,0.098,0.172,0.157,,0.366,,,,,,0.094,,,,,0.138,0.072,0.46,0.398,0.033,0.101,0.478,0.303,0.401,0.071,0.187,0.138,,,0.2,,,0.092,0.03,0.016,,0.072,0.197,,,,,,,,0.264,,0.09,0.82,,,0.025,,0.094,,0.105,0.161,0.089,0.16,0.133,0.365,0.655,0.394,0.188,0.159,0.143,,0.624,,,,,,,,0.128,0.192,0.124,0.143,0.411,,,,,0.109,0.176,0.558,,,0.547,0.623,,0.143,0.15,0.196,0.64,0.638,0.16,0.14,0.617,0.187,,,0.216,,,,,0.162,,,,0.171,,0.104,,0.191,0.113,0.115,0.095,,,,0.428,0.082,,,0.127,0.12
162,14071200,,0.568,0.57,,,,0.265,,,,,0.184,0.067,,0.234,0.086,,0.154,,,,,,,,0.407,,0.42,0.194,,,0.095,,0.416,0.267,,,,0.104,0.125,0.172,,,,0.077,0.497,0.519,0.498,,,,0.241,,0.092,,,,,,0.225,0.185,,,,0.203,0.163,0.055,0.12,,,,0.1,0.172,0.158,,0.368,,,,,,0.094,,,,,0.143,0.072,0.473,0.401,0.033,0.101,0.477,0.303,0.401,0.071,0.188,0.135,,,0.2,,,0.09,0.033,0.018,,0.057,0.197,,,,,,,,0.264,,0.09,0.818,,,0.025,,0.093,,0.104,0.161,0.089,0.161,0.133,0.365,0.662,0.4,0.19,0.158,0.143,,0.624,,,,,,,,0.128,0.194,0.124,0.143,0.411,,,,,0.109,0.176,0.557,,,0.547,0.623,,0.142,0.15,0.196,0.64,0.638,0.16,0.14,0.623,0.187,,,0.217,,,,,0.16,,,,0.172,,0.104,,0.185,0.112,0.116,0.095,,,,0.428,0.082,,,0.127,0.12
162,14071260,,0.568,0.57,,,,0.265,,,,,0.186,0.074,,0.233,0.072,,0.154,,,,,,,,0.407,,0.432,0.195,,,0.095,,0.416,0.266,,,,0.103,0.125,0.171,,,,0.078,0.497,0.519,0.498,,,,0.241,,0.091,,,,,,0.229,0.185,,,,0.203,0.163,0.055,0.121,,,,0.097,0.172,0.157,,0.366,,,,,,0.096,,,,,0.142,0.072,0.458,0.406,0.033,0.101,0.479,0.301,0.401,0.071,0.187,0.137,,,0.2,,,0.091,0.035,0.027,,0.056,0.197,,,,,,,,0.265,,0.093,0.818,,,0.025,,0.094,,0.103,0.161,0.09,0.159,0.133,0.365,0.66,0.384,0.189,0.158,0.143,,0.624,,,,,,,,0.127,0.191,0.124,0.143,0.411,,,,,0.109,0.176,0.557,,,0.547,0.623,,0.142,0.15,0.195,0.64,0.638,0.16,0.14,0.624,0.186,,,0.22,,,,,0.161,,,,0.172,,0.104,,0.176,0.114,0.116,0.096,,,,0.428,0.082,,,0.127,0.12
162,14071320,,0.568,0.57,,,,0.265,,,,,0.224,0.083,,0.233,0.063,,0.154,,,,,,,,0.407,,0.43,0.195,,,0.094,,0.416,0.266,,,,0.103,0.125,0.171,,,,0.078,0.497,0.519,0.498,,,,0.241,,0.091,,,,,,0.225,0.185,,,,0.203,0.164,0.055,0.122,,,,0.099,0.172,0.157,,0.366,,,,,,0.095,,,,,0.142,0.072,0.453,0.395,0.033,0.101,0.486,0.308,0.401,0.071,0.184,0.137,,,0.2,,,0.092,0.049,0.03,,0.056,0.197,,,,,,,,0.26,,0.093,0.818,,,0.025,,0.094,,0.104,0.162,0.091,0.159,0.133,0.365,0.66,0.385,0.192,0.159,0.142,,0.624,,,,,,,,0.125,0.193,0.124,0.143,0.413,,,,,0.109,0.176,0.557,,,0.547,0.623,,0.143,0.15,0.195,0.64,0.638,0.16,0.14,0.623,0.187,,,0.227,,,,,0.162,,,,0.17,,0.104,,0.168,0.115,0.117,0.096,,,,0.428,0.082,,,0.127,0.119
162,14071380,,0.568,0.571,,,,0.265,,,,,0.191,0.113,,0.234,0.063,,0.154,,,,,,,,0.407,,0.422,0.195,,,0.094,,0.417,0.266,,,,0.103,0.125,0.172,,,,0.078,0.497,0.519,0.498,,,,0.241,,0.092,,,,,,0.213,0.185,,,,0.203,0.164,0.055,0.121,,,,0.1,0.172,0.158,,0.364,,,,,,0.094,,,,,0.143,0.072,0.459,0.396,0.033,0.101,0.483,0.305,0.401,0.071,0.186,0.138,,,0.2,,,0.091,0.063,0.126,,0.116,0.197,,,,,,,,0.257,,0.092,0.819,,,0.025,,0.095,,0.103,0.161,0.091,0.16,0.132,0.365,0.655,0.38,0.188,0.158,0.142,,0.624,,,,,,,,0.124,0.193,0.124,0.143,0.413,,,,,0.109,0.176,0.557,,,0.547,0.624,,0.143,0.15,0.196,0.64,0.638,0.16,0.14,0.62,0.186,,,0.227,,,,,0.161,,,,0.17,,0.105,,0.171,0.115,0.114,0.094,,,,0.428,0.082,,,0.127,0.119
162,14071440,,0.569,0.571,,,,0.265,,,,,0.234,0.105,,0.234,0.077,,0.154,,,,,,,,0.406,,0.431,0.195,,,0.095,,0.417,0.266,,,,0.103,0.125,0.171,,,,0.078,0.497,0.519,0.498,,,,0.241,,0.092,,,,,,0.211,0.185,,,,0.203,0.164,0.055,0.121,,,,0.098,0.172,0.158,,0.367,,,,,,0.095,,,,,0.142,0.073,0.443,0.398,0.033,0.101,0.486,0.303,0.402,0.071,0.185,0.141,,,0.2,,,0.09,0.029,0.034,,0.131,0.197,,,,,,,,0.253,,0.093,0.817,,,0.025,,0.093,,0.103,0.161,0.092,0.16,0.133,0.365,0.653,0.376,0.194,0.158,0.143,,0.624,,,,,,,,0.132,0.193,0.124,0.143,0.411,,,,,0.109,0.176,0.557,,,0.547,0.624,,0.143,0.15,0.196,0.64,0.638,0.16,0.14,0.618,0.185,,,0.235,,,,,0.163,,,,0.171,,0.105,,0.175,0.112,0.116,0.094,,,,0.429,0.082,,,0.127,0.119
162,14071500,,0.569,0.571,,,,0.265,,,,,0.135,0.153,,0.234,0.107,,0.154,,,,,,,,0.41,,0.431,0.195,,,0.095,,0.417,0.264,,,,0.103,0.126,0.171,,,,0.078,0.499,0.519,0.498,,,,0.241,,0.092,,,,,,0.228,0.185,,,,0.203,0.165,0.055,0.121,,,,0.097,0.172,0.157,,0.372,,,,,,0.096,,,,,0.145,0.073,0.463,0.399,0.033,0.101,0.484,0.303,0.402,0.071,0.19,0.138,,,0.2,,,0.091,0.069,0.158,,0.057,0.197,,,,,,,,0.25,,0.093,0.827,,,0.025,,0.094,,0.103,0.161,0.094,0.159,0.128,0.365,0.658,0.379,0.188,0.158,0.143,,0.624,,,,,,,,0.13,0.193,0.124,0.143,0.418,,,,,0.109,0.176,0.557,,,0.547,0.624,,0.143,0.15,0.195,0.64,0.638,0.16,0.14,0.618,0.186,,,0.238,,,,,0.161,,,,0.171,,0.104,,0.185,0.113,0.115,0.099,,,,0.428,0.082,,,0.127,0.119
162,14071560,,0.569,0.571,,,,0.265,,,,,0.136,0.09,,0.234,0.078,,0.154,,,,,,,,0.407,,0.43,0.195,,,0.093,,0.417,0.269,,,,0.103,0.128,0.171,,,,0.078,0.499,0.52,0.498,,,,0.241,,0.093,,,,,,0.244,0.185,,,,0.203,0.166,0.054,0.122,,,,0.099,0.172,0.157,,0.37,,,,,,0.094,,,,,0.142,0.073,0.485,0.386,0.033,0.101,0.488,0.302,0.402,0.071,0.186,0.141,,,0.2,,,0.092,0.026,0.015,,0.08,0.197,,,,,,,,0.272,,0.094,0.826,,,0.025,,0.094,,0.104,0.162,0.092,0.159,0.132,0.365,0.65,0.377,0.189,0.158,0.145,,0.624,,,,,,,,0.129,0.191,0.124,0.143,0.416,,,,,0.109,0.176,0.557,,,0.547,0.624,,0.142,0.15,0.195,0.64,0.638,0.16,0.14,0.622,0.186,,,0.233,,,,,0.162,,,,0.171,,0.104,,0.176,0.113,0.115,0.109,,,,0.427,0.077,,,0.127,0.119
162,14071620,,0.569,0.57,,,,0.265,,,,,0.138,0.056,,0.234,0.068,,0.154,,,,,,,,0.406,,0.436,0.195,,,0.094,,0.417,0.271,,,,0.103,0.126,0.171,,,,0.078,0.499,0.519,0.498,,,,0.241,,0.093,,,,,,0.229,0.185,,,,0.203,0.165,0.054,0.121,,,,0.099,0.172,0.158,,0.37,,,,,,0.095,,,,,0.139,0.072,0.449,0.39,0.033,0.101,0.49,0.305,0.402,0.071,0.187,0.143,,,0.2,,,0.092,0.07,0.112,,0.183,0.197,,,,,,,,0.262,,0.092,0.828,,,0.025,,0.095,,0.102,0.161,0.091,0.16,0.132,0.365,0.654,0.38,0.195,0.158,0.144,,0.624,,,,,,,,0.13,0.192,0.124,0.143,0.413,,,,,0.109,0.176,0.557,,,0.547,0.624,,0.142,0.15,0.196,0.64,0.638,0.16,0.141,0.62,0.188,,,0.23,,,,,0.161,,,,0.172,,0.104,,0.168,0.114,0.114,0.107,,,,0.428,0.072,,,0.127,0.119
162,14071680,,0.569,0.57,,,,0.265,,,,,0.138,0.087,,0.234,0.073,,0.154,,,,,,,,0.406,,0.447,0.195,,,0.094,,0.418,0.268,,,,0.104,0.126,0.171,,,,0.079,0.499,0.519,0.498,,,,0.241,,0.093,,,,,,0.218,0.185,,,,0.203,0.165,0.054,0.121,,,,0.099,0.172,0.157,,0.369,,,,,,0.094,,,,,0.14,0.072,0.463,0.385,0.033,0.101,0.491,0.308,0.402,0.071,0.187,0.14,,,0.2,,,0.091,0.033,0.015,,0.056,0.197,,,,,,,,0.265,,0.092,0.83,,,0.025,,0.093,,0.103,0.161,0.091,0.16,0.132,0.365,0.652,0.381,0.197,0.159,0.144,,0.624,,,,,,,,0.129,0.194,0.124,0.143,0.412,,,,,0.109,0.176,0.557,,,0.547,0.624,,0.143,0.15,0.196,0.64,0.638,0.16,0.14,0.611,0.186,,,0.226,,,,,0.163,,,,0.171,,0.105,,0.164,0.111,0.115,0.103,,,,0.426,0.077,,,0.127,0.119
162,14071740,,0.569,0.57,,,,0.265,,,,,0.069,0.093,,0.234,0.074,,0.154,,,,,,,,0.406,,0.439,0.196,,,0.094,,0.418,0.267,,,,0.103,0.125,0.171,,,,0.079,0.499,0.519,0.498,,,,0.241,,0.091,,,,,,0.22,0.185,,,,0.203,0.164,0.054,0.122,,,,0.097,0.172,0.157,,0.37,,,,,,0.095,,,,,0.141,0.072,0.476,0.394,0.033,0.101,0.494,0.304,0.403,0.071,0.187,0.135,,,0.2,,,0.091,0.065,0.062,,0.061,0.197,,,,,,,,0.272,,0.093,0.832,,,0.025,,0.094,,0.103,0.161,0.091,0.161,0.129,0.365,0.66,0.39,0.188,0.158,0.143,,0.624,,,,,,,,0.128,0.19,0.124,0.143,0.416,,,,,0.109,0.176,0.557,,,0.547,0.624,,0.142,0.15,0.196,0.64,0.638,0.16,0.141,0.597,0.187,,,0.222,,,,,0.162,,,,0.171,,0.104,,0.161,0.113,0.115,0.097,,,,0.426,0.079,,,0.127,0.119
162,14071800,,0.569,0.571,,,,0.265,,,,,0.069,0.09,,0.234,0.101,,0.154,,,,,,,,0.408,,0.426,0.196,,,0.093,,0.418,0.264,,,,0.104,0.125,0.171,,,,0.078,0.498,0.519,0.498,,,,0.241,,0.092,,,,,,0.222,0.185,,,,0.203,0.164,0.054,0.122,,,,0.098,0.172,0.157,,0.371,,,,,,0.095,,,,,0.142,0.072,0.47,0.405,0.033,0.101,0.347,0.304,0.403,0.071,0.187,0.139,,,0.2,,,0.091,0.027,0.016,,0.057,0.198,,,,,,,,0.271,,0.094,0.829,,,0.025,,0.095,,0.103,0.162,0.092,0.161,0.13,0.365,0.665,0.389,0.192,0.157,0.143,,0.624,,,,,,,,0.127,0.195,0.124,0.143,0.416,,,,,0.109,0.176,0.557,,,0.547,0.624,,0.142,0.15,0.195,0.64,0.638,0.16,0.14,0.594,0.186,,,0.221,,,,,0.162,,,,0.176,,0.104,,0.158,0.115,0.117,0.097,,,,0.428,0.079,,,0.127,0.119
162,14071860,,0.569,0.571,,,,0.265,,,,,0.09,0.112,,0.233,0.061,,0.154,,,,,,,,0.407,,0.42,0.197,,,0.094,,0.418,0.264,,,,0.104,0.125,0.17,,,,0.079,0.497,0.519,0.498,,,,0.241,,0.092,,,,,,0.216,0.185,,,,0.203,0.166,0.054,0.12,,,,0.099,0.171,0.157,,0.367,,,,,,0.094,,,,,0.142,0.072,0.46,0.396,0.033,0.101,0.397,0.303,0.405,0.071,0.186,0.143,,,0.2,,,0.092,0.029,0.015,,0.104,0.197,,,,,,,,0.27,,0.092,0.832,,,0.026,,0.095,,0.102,0.161,0.091,0.161,0.131,0.365,0.651,0.398,0.196,0.159,0.138,,0.625,,,,,,,,0.125,0.194,0.124,0.143,0.413,,,,,0.109,0.176,0.558,,,0.548,0.624,,0.142,0.15,0.195,0.64,0.638,0.16,0.14,0.595,0.188,,,0.22,,,,,0.163,,,,0.176,,0.105,,0.157,0.114,0.115,0.097,,,,0.428,0.082,,,0.127,0.119
162,14071920,,0.568,0.571,,,,0.265,,,,,0.07,0.113,,0.233,0.063,,0.154,,,,,,,,0.407,,0.425,0.197,,,0.094,,0.419,0.267,,,,0.104,0.126,0.171,,,,0.079,0.497,0.519,0.498,,,,0.241,,0.093,,,,,,0.209,0.185,,,,0.203,0.165,0.054,0.121,,,,0.097,0.172,0.157,,0.371,,,,,,0.094,,,,,0.14,0.072,0.45,0.397,0.033,0.101,0.404,0.304,0.404,0.071,0.187,0.143,,,0.2,,,0.09,0.027,0.016,,0.056,0.197,,,,,,,,0.269,,0.091,0.83,,,0.025,,0.094,,0.104,0.162,0.092,0.161,0.131,0.365,0.659,0.397,0.188,0.158,0.139,,0.625,,,,,,,,0.123,0.192,0.124,0.143,0.413,,,,,0.109,0.176,0.558,,,0.547,0.624,,0.142,0.15,0.195,0.64,0.638,0.16,0.14,0.598,0.187,,,0.225,,,,,0.164,,,,0.172,,0.104,,0.158,0.112,0.116,0.096,,,,0.428,0.08,,,0.127,0.118
162,14071980,,0.568,0.57,,,,0.265,,,,,0.077,0.157,,0.233,0.07,,0.154,,,,,,,,0.407,,0.437,0.197,,,0.096,,0.419,0.268,,,,0.104,0.125,0.171,,,,0.078,0.498,0.52,0.498,,,,0.241,,0.092,,,,,,0.216,0.185,,,,0.203,0.163,0.054,0.122,,,,0.098,0.172,0.157,,0.369,,,,,,0.095,,,,,0.14,0.072,0.436,0.4,0.033,0.101,0.401,0.303,0.405,0.071,0.187,0.137,,,0.2,,,0.091,0.027,0.015,,0.066,0.197,,,,,,,,0.283,,0.093,0.824,,,0.025,,0.094,,0.104,0.161,0.092,0.161,0.131,0.365,0.655,0.384,0.188,0.158,0.14,,0.625,,,,,,,,0.122,0.192,0.124,0.143,0.416,,,,,0.109,0.176,0.558,,,0.548,0.624,,0.142,0.151,0.195,0.641,0.638,0.16,0.14,0.6,0.187,,,0.231,,,,,0.162,,,,0.172,,0.104,,0.157,0.114,0.116,0.094,,,,0.428,0.08,,,0.127,0.118
162,14072040,,0.568,0.571,,,,0.265,,,,,0.078,0.118,,0.233,0.065,,0.154,,,,,,,,0.406,,0.438,0.197,,,0.094,,0.419,0.269,,,,0.104,0.125,0.171,,,,0.078,0.497,0.52,0.498,,,,0.241,,0.093,,,,,,0.21,0.185,,,,0.203,0.163,0.054,0.121,,,,0.1,0.172,0.157,,0.37,,,,,,0.095,,,,,0.139,0.072,0.456,0.389,0.033,0.101,0.399,0.302,0.404,0.071,0.186,0.134,,,0.2,,,0.092,0.029,0.015,,0.056,0.197,,,,,,,,0.263,,0.093,0.829,,,0.025,,0.094,,0.105,0.162,0.093,0.162,0.131,0.365,0.657,0.365,0.192,0.159,0.139,,0.625,,,,,,,,0.121,0.193,0.124,0.143,0.414,,,,,0.109,0.176,0.557,,,0.548,0.624,,0.142,0.15,0.195,0.64,0.638,0.16,0.14,0.605,0.188,,,0.237,,,,,0.162,,,,0.171,,0.105,,0.158,0.114,0.116,0.094,,,,0.428,0.081,,,0.127,0.118
162,14072100,,0.568,0.571,,,,0.265,,,,,0.071,0.111,,0.235,0.102,,0.154,,,,,,,,0.407,,0.436,0.197,,,0.095,,0.419,0.268,,,,0.104,0.125,0.171,,,,0.078,0.497,0.52,0.498,,,,0.241,,0.094,,,,,,0.212,0.127,,,,0.203,0.163,0.054,0.121,,,,0.1,0.172,0.158,,0.375,,,,,,0.095,,,,,0.135,0.073,0.447,0.386,0.033,0.101,0.402,0.302,0.385,0.071,0.187,0.136,,,0.2,,,0.091,0.027,0.021,,0.056,0.197,,,,,,,,0.282,,0.093,0.834,,,0.025,,0.095,,0.103,0.16,0.092,0.161,0.131,0.365,0.659,0.373,0.195,0.159,0.139,,0.624,,,,,,,,0.12,0.174,0.124,0.143,0.418,,,,,0.109,0.176,0.558,,,0.548,0.624,,0.143,0.15,0.195,0.64,0.638,0.16,0.14,0.606,0.189,,,0.234,,,,,0.162,,,,0.172,,0.105,,0.161,0.114,0.115,0.094,,,,0.427,0.082,,,0.127,0.118
162,14072160,,0.568,0.571,,,,0.265,,,,,0.068,0.132,,0.236,0.093,,0.154,,,,,,,,0.407,,0.437,0.197,,,0.095,,0.419,0.267,,,,0.104,0.125,0.171,,,,0.078,0.497,0.52,0.498,,,,0.241,,0.095,,,,,,0.207,0.138,,,,0.203,0.163,0.054,0.121,,,,0.1,0.172,0.157,,0.375,,,,,,0.095,,,,,0.166,0.072,0.463,0.38,0.033,0.101,0.399,0.302,0.416,0.071,0.186,0.137,,,0.2,,,0.091,0.026,0.015,,0.069,0.197,,,,,,,,0.27,,0.093,0.838,,,0.026,,0.094,,0.104,0.16,0.093,0.16,0.131,0.365,0.659,0.38,0.19,0.159,0.139,,0.625,,,,,,,,0.118,0.184,0.124,0.143,0.417,,,,,0.109,0.176,0.558,,,0.548,0.624,,0.15,0.15,0.195,0.64,0.638,0.16,0.14,0.612,0.19,,,0.233,,,,,0.164,,,,0.172,,0.104,,0.165,0.112,0.116,0.094,,,,0.427,0.082,,,0.127,0.118
162,14072220,,0.568,0.57,,,,0.265,,,,,0.071,0.123,,0.235,0.093,,0.154,,,,,,,,0.407,,0.443,0.197,,,0.096,,0.419,0.268,,,,0.104,0.125,0.171,,,,0.077,0.497,0.52,0.498,,,,0.241,,0.091,,,,,,0.208,0.136,,,,0.203,0.163,0.054,0.122,,,,0.099,0.172,0.157,,0.379,,,,,,0.095,,,,,0.177,0.072,0.488,0.403,0.033,0.101,0.4,0.3,0.418,0.071,0.19,0.14,,,0.2,,,0.091,0.025,0.015,,0.066,0.197,,,,,,,,0.181,,0.094,0.841,,,0.026,,0.094,,0.104,0.162,0.093,0.16,0.13,0.365,0.657,0.372,0.189,0.159,0.139,,0.625,,,,,,,,0.117,0.185,0.124,0.143,0.416,,,,,0.109,0.176,0.558,,,0.548,0.624,,0.15,0.15,0.196,0.64,0.638,0.16,0.14,0.609,0.188,,,0.227,,,,,0.162,,,,0.172,,0.104,,0.169,0.113,0.117,0.095,,,,0.428,0.081,,,0.127,0.118
162,14072280,,0.568,0.571,,,,0.265,,,,,0.141,0.107,,0.233,0.083,,0.154,,,,,,,,0.407,,0.439,0.197,,,0.094,,0.419,0.27,,,,0.104,0.125,0.171,,,,0.077,0.497,0.52,0.498,,,,0.241,,0.091,,,,,,0.206,0.142,,,,0.203,0.163,0.054,0.121,,,,0.099,0.173,0.158,,0.386,,,,,,0.095,,,,,0.182,0.072,0.461,0.385,0.033,0.101,0.401,0.299,0.419,0.071,0.188,0.137,,,0.2,,,0.091,0.028,0.019,,0.056,0.198,,,,,,,,0.24,,0.093,0.836,,,0.026,,0.095,,0.104,0.162,0.093,0.161,0.129,0.365,0.657,0.375,0.187,0.158,0.139,,0.624,,,,,,,,0.116,0.184,0.124,0.143,0.416,,,,,0.109,0.176,0.557,,,0.548,0.624,,0.15,0.15,0.195,0.64,0.638,0.16,0.14,0.605,0.186,,,0.222,,,,,0.163,,,,0.172,,0.104,,0.172,0.114,0.116,0.095,,,,0.427,0.081,,,0.127,0.118
162,14072340,,0.568,0.571,,,,0.265,,,,,0.074,0.106,,0.235,0.075,,0.154,,,,,,,,0.407,,0.424,0.197,,,0.095,,0.419,0.271,,,,0.103,0.126,0.171,,,,0.077,0.497,0.52,0.498,,,,0.241,,0.091,,,,,,0.221,0.146,,,,0.203,0.163,0.054,0.121,,,,0.1,0.173,0.158,,0.385,,,,,,0.095,,,,,0.174,0.072,0.455,0.377,0.033,0.101,0.399,0.296,0.418,0.071,0.188,0.136,,,0.2,,,0.091,0.026,0.015,,0.128,0.197,,,,,,,,0.223,,0.094,0.841,,,0.026,,0.095,,0.103,0.161,0.092,0.16,0.13,0.365,0.662,0.358,0.19,0.158,0.134,,0.624,,,,,,,,0.119,0.182,0.124,0.143,0.414,,,,,0.109,0.176,0.558,,,0.548,0.624,,0.151,0.15,0.195,0.64,0.638,0.16,0.14,0.597,0.187,,,0.218,,,,,0.163,,,,0.172,,0.104,,0.171,0.114,0.117,0.095,,,,0.427,0.081,,,0.127,0.118
162,14072400,,0.568,0.571,,,,0.265,,,,,0.075,0.123,,0.235,0.1,,0.154,,,,,,,,0.406,,0.413,0.198,,,0.095,,0.418,0.271,,,,0.103,0.126,0.171,,,,0.083,0.499,0.52,0.498,,,,0.241,,0.093,,,,,,0.222,0.154,,,,0.203,0.163,0.054,0.122,,,,0.101,0.188,0.173,,0.453,,,,,,0.095,,,,,0.175,0.071,0.493,0.417,0.033,0.101,0.402,0.315,0.417,0.071,0.19,0.142,,,0.2,,,0.091,0.049,0.074,,0.055,0.21,,,,,,,,0.23,,0.092,0.838,,,0.026,,0.094,,0.103,0.162,0.093,0.161,0.131,0.365,0.663,0.376,0.188,0.158,0.135,,0.624,,,,,,,,0.151,0.199,0.124,0.143,0.425,,,,,0.11,0.177,0.558,,,0.548,0.624,,0.151,0.15,0.195,0.641,0.638,0.16,0.14,0.59,0.19,,,0.216,,,,,0.163,,,,0.195,,0.105,,0.175,0.115,0.118,0.097,,,,0.429,0.081,,,0.127,0.118
162,14072460,,0.568,0.571,,,,0.265,,,,,0.07,0.114,,0.235,0.085,,0.154,,,,,,,,0.405,,0.425,0.197,,,0.095,,0.423,0.269,,,,0.103,0.125,0.17,,,,0.082,0.499,0.52,0.498,,,,0.241,,0.091,,,,,,0.215,0.155,,,,0.203,0.157,0.055,0.122,,,,0.1,0.182,0.168,,0.464,,,,,,0.095,,,,,0.183,0.072,0.5,0.466,0.033,0.101,0.403,0.34,0.428,0.071,0.198,0.147,,,0.2,,,0.091,0.084,0.193,,0.09,0.21,,,,,,,,0.217,,0.092,0.839,,,0.026,,0.094,,0.104,0.162,0.092,0.161,0.131,0.365,0.657,0.369,0.191,0.158,0.134,,0.624,,,,,,,,0.152,0.197,0.123,0.143,0.424,,,,,0.11,0.177,0.559,,,0.548,0.624,,0.151,0.15,0.195,0.64,0.638,0.16,0.14,0.583,0.192,,,0.219,,,,,0.162,,,,0.196,,0.103,,0.172,0.114,0.117,0.095,,,,0.429,0.077,,,0.127,0.118
162,14072520,,0.568,0.571,,,,0.265,,,,,0.07,0.105,,0.234,0.082,,0.154,,,,,,,,0.405,,0.425,0.198,,,0.095,,0.412,0.269,,,,0.103,0.125,0.17,,,,0.082,0.499,0.52,0.498,,,,0.241,,0.092,,,,,,0.217,0.158,,,,0.203,0.159,0.054,0.121,,,,0.101,0.174,0.16,,0.449,,,,,,0.095,,,,,0.199,0.072,0.513,0.439,0.033,0.101,0.405,0.35,0.428,0.071,0.2,0.149,,,0.2,,,0.091,0.068,0.114,,0.048,0.21,,,,,,,,0.201,,0.091,0.836,,,0.026,,0.095,,0.104,0.161,0.092,0.16,0.131,0.365,0.668,0.364,0.186,0.157,0.134,,0.624,,,,,,,,0.143,0.196,0.123,0.143,0.421,,,,,0.11,0.177,0.559,,,0.548,0.624,,0.15,0.151,0.195,0.64,0.638,0.16,0.14,0.584,0.191,,,0.221,,,,,0.164,,,,0.195,,0.105,,0.168,0.115,0.116,0.094,,,,0.428,0.079,,,0.127,0.119
162,14072580,,0.569,0.57,,,,0.265,,,,,0.07,0.101,,0.234,0.087,,0.154,,,,,,,,0.405,,0.425,0.198,,,0.095,,0.406,0.268,,,,0.104,0.125,0.17,,,,0.079,0.498,0.52,0.498,,,,0.241,,0.093,,,,,,0.216,0.159,,,,0.203,0.159,0.054,0.122,,,,0.101,0.173,0.158,,0.436,,,,,,0.095,,,,,0.217,0.071,0.518,0.485,0.033,0.101,0.408,0.36,0.432,0.071,0.204,0.148,,,0.2,,,0.09,0.026,0.016,,0.048,0.21,,,,,,,,0.199,,0.095,0.837,,,0.026,,0.096,,0.104,0.162,0.092,0.161,0.13,0.365,0.666,0.381,0.187,0.158,0.134,,0.624,,,,,,,,0.144,0.197,0.123,0.143,0.418,,,,,0.109,0.177,0.559,,,0.548,0.624,,0.151,0.151,0.196,0.64,0.638,0.16,0.14,0.592,0.189,,,0.223,,,,,0.161,,,,0.19,,0.104,,0.16,0.114,0.116,0.094,,,,0.428,0.08,,,0.127,0.119
162,14072640,,0.569,0.571,,,,0.265,,,,,0.07,0.103,,0.232,0.085,,0.154,,,,,,,,0.406,,0.42,0.197,,,0.095,,0.405,0.27,,,,0.104,0.125,0.171,,,,0.079,0.499,0.52,0.498,,,,0.241,,0.092,,,,,,0.218,0.16,,,,0.203,0.159,0.054,0.123,,,,0.1,0.173,0.158,,0.422,,,,,,0.095,,,,,0.224,0.072,0.52,0.482,0.033,0.101,0.402,0.367,0.433,0.071,0.211,0.153,,,0.2,,,0.091,0.025,0.015,,0.049,0.209,,,,,,,,0.195,,0.094,0.836,,,0.026,,0.094,,0.104,0.167,0.092,0.161,0.131,0.365,0.665,0.367,0.189,0.159,0.134,,0.624,,,,,,,,0.143,0.198,0.123,0.143,0.419,,,,,0.109,0.177,0.559,,,0.548,0.624,,0.154,0.15,0.196,0.64,0.638,0.16,0.14,0.602,0.187,,,0.219,,,,,0.165,,,,0.186,,0.104,,0.159,0.115,0.117,0.094,,,,0.428,0.081,,,0.127,0.119
162,14072700,,0.569,0.571,,,,0.265,,,,,0.07,0.112,,0.234,0.103,,0.154,,,,,,,,0.406,,0.423,0.198,,,0.095,,0.402,0.269,,,,0.104,0.126,0.171,,,,0.079,0.498,0.52,0.498,,,,0.241,,0.093,,,,,,0.222,0.16,,,,0.203,0.16,0.054,0.123,,,,0.1,0.173,0.162,,0.411,,,,,,0.095,,,,,0.222,0.073,0.395,0.498,0.033,0.101,0.406,0.361,0.434,0.071,0.214,0.151,,,0.2,,,0.091,0.026,0.016,,0.042,0.209,,,,,,,,0.215,,0.092,0.841,,,0.026,,0.095,,0.103,0.17,0.093,0.162,0.131,0.365,0.657,0.367,0.188,0.158,0.134,,0.624,,,,,,,,0.144,0.2,0.123,0.143,0.419,,,,,0.109,0.177,0.56,,,0.548,0.624,,0.151,0.151,0.195,0.64,0.638,0.16,0.14,0.614,0.186,,,0.22,,,,,0.163,,,,0.183,,0.103,,0.157,0.115,0.117,0.096,,,,0.43,0.08,,,0.127,0.119
162,14072760,,0.569,0.571,,,,0.265,,,,,0.07,0.117,,0.235,0.093,,0.154,,,,,,,,0.406,,0.422,0.198,,,0.095,,0.403,0.268,,,,0.104,0.126,0.171,,,,0.079,0.498,0.52,0.498,,,,0.241,,0.094,,,,,,0.242,0.158,,,,0.203,0.16,0.054,0.122,,,,0.1,0.173,0.158,,0.402,,,,,,0.094,,,,,0.219,0.073,0.329,0.501,0.033,0.101,0.405,0.374,0.433,0.071,0.212,0.154,,,0.2,,,0.092,0.061,0.086,,0.048,0.209,,,,,,,,0.202,,0.093,0.83,,,0.026,,0.096,,0.103,0.16,0.092,0.16,0.131,0.365,0.664,0.372,0.189,0.158,0.135,,0.624,,,,,,,,0.143,0.198,0.123,0.143,0.416,,,,,0.109,0.177,0.559,,,0.548,0.624,,0.15,0.151,0.195,0.64,0.638,0.16,0.14,0.617,0.184,,,0.222,,,,,0.164,,,,0.178,,0.104,,0.156,0.115,0.116,0.108,,,,0.431,0.08,,,0.127,0.119
162,14072820,,0.569,0.571,,,,0.265,,,,,0.071,0.113,,0.235,0.098,,0.154,,,,,,,,0.406,,0.416,0.198,,,0.096,,0.403,0.268,,,,0.104,0.126,0.17,,,,0.079,0.498,0.52,0.498,,,,0.241,,0.095,,,,,,0.225,0.144,,,,0.203,0.16,0.054,0.122,,,,0.101,0.173,0.158,,0.392,,,,,,0.095,,,,,0.209,0.072,0.348,0.506,0.033,0.101,0.404,0.368,0.436,0.071,0.21,0.157,,,0.2,,,0.09,0.039,0.026,,0.046,0.208,,,,,,,,0.245,,0.094,0.833,,,0.026,,0.095,,0.104,0.16,0.093,0.161,0.131,0.365,0.663,0.358,0.195,0.158,0.134,,0.624,,,,,,,,0.14,0.198,0.123,0.143,0.418,,,,,0.109,0.177,0.559,,,0.548,0.624,,0.15,0.15,0.195,0.64,0.638,0.16,0.14,0.609,0.183,,,0.226,,,,,0.163,,,,0.176,,0.105,,0.158,0.113,0.117,0.106,,,,0.429,0.08,,,0.127,0.119
162,14072880,,0.569,0.571,,,,0.265,,,,,0.071,0.121,,0.235,0.088,,0.154,,,,,,,,0.407,,0.416,0.198,,,0.096,,0.404,0.266,,,,0.104,0.126,0.171,,,,0.079,0.497,0.52,0.498,,,,0.241,,0.093,,,,,,0.214,0.143,,,,0.203,0.161,0.054,0.123,,,,0.1,0.174,0.159,,0.385,,,,,,0.096,,,,,0.204,0.072,0.373,0.497,0.033,0.101,0.397,0.362,0.416,0.071,0.211,0.158,,,0.2,,,0.091,0.045,0.066,,0.061,0.207,,,,,,,,0.235,,0.094,0.837,,,0.026,,0.095,,0.103,0.16,0.093,0.161,0.132,0.365,0.663,0.362,0.191,0.158,0.134,,0.624,,,,,,,,0.139,0.198,0.123,0.143,0.418,,,,,0.109,0.176,0.559,,,0.548,0.624,,0.151,0.15,0.195,0.641,0.638,0.16,0.14,0.614,0.181,,,0.227,,,,,0.164,,,,0.175,,0.105,,0.159,0.114,0.116,0.103,,,,0.429,0.081,,,0.127,0.119
162,14072940,,0.569,0.571,,,,0.265,,,,,0.07,0.129,,0.234,0.09,,0.154,,,,,,,,0.405,,0.409,0.199,,,0.096,,0.404,0.267,,,,0.104,0.125,0.17,,,,0.079,0.498,0.52,0.498,,,,0.241,,0.094,,,,,,0.218,0.143,,,,0.203,0.161,0.054,0.122,,,,0.1,0.173,0.159,,0.38,,,,,,0.096,,,,,0.188,0.072,0.385,0.485,0.033,0.101,0.395,0.357,0.418,0.071,0.207,0.149,,,0.2,,,0.091,0.057,0.107,,0.056,0.207,,,,,,,,0.231,,0.092,0.839,,,0.026,,0.095,,0.104,0.162,0.093,0.161,0.132,0.365,0.66,0.367,0.189,0.159,0.134,,0.624,,,,,,,,0.142,0.198,0.123,0.143,0.417,,,,,0.109,0.176,0.559,,,0.548,0.624,,0.151,0.15,0.195,0.641,0.638,0.159,0.14,0.613,0.182,,,0.222,,,,,0.163,,,,0.174,,0.104,,0.16,0.115,0.118,0.099,,,,0.428,0.081,,,0.127,0.119
162,14073000,,0.569,0.571,,,,0.265,,,,,0.072,0.139,,0.234,0.096,,0.154,,,,,,,,0.404,,0.421,0.199,,,0.095,,0.404,0.266,,,,0.104,0.125,0.171,,,,0.081,0.498,0.52,0.498,,,,0.241,,0.095,,,,,,0.225,0.147,,,,0.203,0.16,0.054,0.122,,,,0.102,0.193,0.177,,0.38,,,,,,0.095,,,,,0.178,0.073,0.402,0.485,0.033,0.101,0.404,0.35,0.413,0.071,0.205,0.152,,,0.2,,,0.09,0.052,0.092,,0.053,0.207,,,,,,,,0.218,,0.093,0.831,,,0.026,,0.096,,0.104,0.16,0.09,0.161,0.132,0.365,0.665,0.377,0.189,0.159,0.134,,0.625,,,,,,,,0.149,0.209,0.123,0.143,0.417,,,,,0.109,0.176,0.559,,,0.548,0.624,,0.15,0.15,0.195,0.64,0.638,0.159,0.14,0.609,0.184,,,0.219,,,,,0.164,,,,0.174,,0.104,,0.157,0.115,0.116,0.098,,,,0.427,0.08,,,0.127,0.119
162,14073060,,0.569,0.571,,,,0.265,,,,,0.089,0.158,,0.234,0.088,,0.154,,,,,,,,0.404,,0.433,0.2,,,0.095,,0.399,0.267,,,,0.104,0.125,0.171,,,,0.081,0.498,0.52,0.498,,,,0.241,,0.094,,,,,,0.22,0.148,,,,0.203,0.161,0.054,0.122,,,,0.101,0.188,0.173,,0.382,,,,,,0.095,,,,,0.18,0.073,0.419,0.486,0.033,0.101,0.397,0.345,0.415,0.071,0.205,0.146,,,0.2,,,0.09,0.029,0.015,,0.053,0.206,,,,,,,,0.227,,0.094,0.832,,,0.026,,0.096,,0.104,0.16,0.091,0.161,0.131,0.365,0.667,0.378,0.191,0.158,0.134,,0.625,,,,,,,,0.15,0.207,0.123,0.143,0.415,,,,,0.109,0.176,0.559,,,0.548,0.624,,0.151,0.15,0.195,0.64,0.638,0.159,0.14,0.617,0.183,,,0.22,,,,,0.164,,,,0.174,,0.103,,0.152,0.115,0.116,0.098,,,,0.428,0.08,,,0.127,0.119
162,14073120,,0.569,0.571,,,,0.265,,,,,0.071,0.155,,0.234,0.082,,0.154,,,,,,,,0.404,,0.416,0.199,,,0.096,,0.41,0.267,,,,0.104,0.125,0.171,,,,0.079,0.498,0.52,0.498,,,,0.241,,0.094,,,,,,0.218,0.148,,,,0.203,0.161,0.054,0.123,,,,0.099,0.179,0.163,,0.38,,,,,,0.096,,,,,0.171,0.072,0.437,0.488,0.034,0.102,0.413,0.343,0.417,0.071,0.203,0.145,,,0.2,,,0.09,0.063,0.021,,0.077,0.206,,,,,,,,0.217,,0.094,0.834,,,0.026,,0.094,,0.104,0.161,0.091,0.162,0.132,0.365,0.664,0.375,0.194,0.159,0.134,,0.625,,,,,,,,0.145,0.204,0.123,0.143,0.414,,,,,0.109,0.176,0.559,,,0.549,0.624,,0.151,0.149,0.195,0.64,0.638,0.159,0.14,0.63,0.183,,,0.224,,,,,0.164,,,,0.173,,0.103,,0.152,0.115,0.116,0.097,,,,0.428,0.08,,,0.127,0.119
162,14073180,,0.569,0.571,,,,0.265,,,,,0.073,0.134,,0.234,0.085,,0.154,,,,,,,,0.405,,0.424,0.2,,,0.096,,0.407,0.266,,,,0.104,0.125,0.172,,,,0.079,0.498,0.52,0.498,,,,0.241,,0.093,,,,,,0.217,0.143,,,,0.203,0.16,0.055,0.122,,,,0.1,0.174,0.159,,0.378,,,,,,0.096,,,,,0.164,0.071,0.445,0.486,0.034,0.101,0.457,0.341,0.418,0.071,0.205,0.149,,,0.2,,,0.091,0.053,0.079,,0.101,0.205,,,,,,,,0.222,,0.092,0.83,,,0.026,,0.095,,0.104,0.16,0.092,0.162,0.129,0.365,0.656,0.365,0.189,0.158,0.134,,0.625,,,,,,,,0.143,0.204,0.123,0.143,0.414,,,,,0.109,0.176,0.559,,,0.549,0.625,,0.15,0.15,0.195,0.64,0.638,0.159,0.14,0.627,0.187,,,0.221,,,,,0.163,,,,0.171,,0.103,,0.147,0.116,0.117,0.096,,,,0.429,0.08,,,0.127,0.119
162,14073240,,0.569,0.571,,,,0.265,,,,,0.073,0.126,,0.233,0.082,,0.154,,,,,,,,0.405,,0.421,0.2,,,0.095,,0.398,0.265,,,,0.104,0.125,0.166,,,,0.079,0.498,0.519,0.498,,,,0.241,,0.094,,,,,,0.213,0.142,,,,0.203,0.16,0.054,0.122,,,,0.101,0.174,0.158,,0.377,,,,,,0.095,,,,,0.166,0.072,0.441,0.48,0.034,0.101,0.459,0.342,0.421,0.071,0.202,0.152,,,0.2,,,0.091,0.052,0.037,,0.054,0.205,,,,,,,,0.222,,0.093,0.832,,,0.026,,0.096,,0.105,0.16,0.093,0.161,0.131,0.365,0.659,0.366,0.187,0.159,0.135,,0.625,,,,,,,,0.142,0.204,0.123,0.143,0.417,,,,,0.109,0.176,0.559,,,0.549,0.625,,0.143,0.15,0.195,0.64,0.638,0.159,0.14,0.624,0.186,,,0.219,,,,,0.164,,,,0.17,,0.105,,0.142,0.116,0.114,0.096,,,,0.428,0.08,,,0.127,0.119
162,14073300,,0.569,0.57,,,,0.265,,,,,0.072,0.109,,0.233,0.09,,0.154,,,,,,,,0.407,,0.414,0.2,,,0.096,,0.398,0.268,,,,0.104,0.125,0.167,,,,0.079,0.5,0.519,0.498,,,,0.241,,0.095,,,,,,0.215,0.144,,,,0.203,0.16,0.054,0.123,,,,0.099,0.183,0.166,,0.376,,,,,,0.096,,,,,0.158,0.072,0.442,0.488,0.034,0.101,0.46,0.338,0.421,0.071,0.205,0.15,,,0.2,,,0.09,0.036,0.028,,0.104,0.204,,,,,,,,0.218,,0.095,0.833,,,0.026,,0.095,,0.104,0.161,0.094,0.162,0.132,0.365,0.661,0.356,0.187,0.158,0.134,,0.625,,,,,,,,0.143,0.209,0.123,0.143,0.418,,,,,0.109,0.176,0.56,,,0.549,0.625,,0.143,0.15,0.196,0.64,0.638,0.159,0.14,0.618,0.184,,,0.221,,,,,0.164,,,,0.171,,0.105,,0.138,0.114,0.116,0.094,,,,0.427,0.08,,,0.127,0.119
162,14073360,,0.569,0.57,,,,0.265,,,,,0.072,0.107,,0.234,0.084,,0.154,,,,,,,,0.406,,0.409,0.2,,,0.096,,0.398,0.271,,,,0.104,0.125,0.167,,,,0.079,0.5,0.52,0.498,,,,0.241,,0.093,,,,,,0.22,0.144,,,,0.203,0.161,0.054,0.123,,,,0.098,0.176,0.161,,0.374,,,,,,0.097,,,,,0.153,0.072,0.461,0.481,0.034,0.101,0.464,0.336,0.422,0.071,0.205,0.148,,,0.2,,,0.09,0.04,0.064,,0.116,0.204,,,,,,,,0.218,,0.095,0.839,,,0.026,,0.096,,0.104,0.161,0.095,0.162,0.132,0.365,0.663,0.366,0.195,0.159,0.134,,0.626,,,,,,,,0.142,0.208,0.123,0.143,0.417,,,,,0.109,0.176,0.56,,,0.549,0.625,,0.146,0.15,0.195,0.64,0.638,0.159,0.14,0.618,0.183,,,0.224,,,,,0.164,,,,0.172,,0.104,,0.137,0.115,0.117,0.093,,,,0.427,0.076,,,0.127,0.119
162,14073420,,0.569,0.57,,,,0.265,,,,,0.073,0.147,,0.235,0.077,,0.154,,,,,,,,0.406,,0.405,0.2,,,0.096,,0.4,0.271,,,,0.104,0.125,0.167,,,,0.079,0.5,0.52,0.498,,,,0.241,,0.094,,,,,,0.219,0.142,,,,0.203,0.161,0.054,0.122,,,,0.1,0.174,0.158,,0.375,,,,,,0.097,,,,,0.149,0.073,0.456,0.485,0.034,0.101,0.357,0.335,0.425,0.071,0.199,0.147,,,0.2,,,0.091,0.026,0.016,,0.12,0.203,,,,,,,,0.232,,0.094,0.841,,,0.026,,0.096,,0.104,0.161,0.095,0.161,0.13,0.365,0.659,0.319,0.19,0.159,0.134,,0.626,,,,,,,,0.138,0.209,0.123,0.143,0.416,,,,,0.109,0.176,0.56,,,0.549,0.625,,0.147,0.151,0.195,0.64,0.638,0.159,0.14,0.613,0.182,,,0.222,,,,,0.165,,,,0.172,,0.104,,0.143,0.115,0.117,0.094,,,,0.426,0.076,,,0.127,0.119
162,14073480,,0.569,0.571,,,,0.265,,,,,0.073,0.121,,0.235,0.083,,0.154,,,,,,,,0.406,,0.425,0.2,,,0.095,,0.4,0.27,,,,0.104,0.125,0.166,,,,0.078,0.5,0.52,0.498,,,,0.241,,0.095,,,,,,0.218,0.141,,,,0.203,0.16,0.055,0.122,,,,0.099,0.173,0.158,,0.373,,,,,,0.096,,,,,0.15,0.072,0.463,0.491,0.034,0.101,0.428,0.335,0.427,0.071,0.198,0.144,,,0.2,,,0.091,0.043,0.016,,0.082,0.203,,,,,,,,0.222,,0.094,0.841,,,0.026,,0.097,,0.105,0.161,0.093,0.161,0.132,0.365,0.663,0.373,0.193,0.158,0.134,,0.626,,,,,,,,0.137,0.209,0.123,0.143,0.416,,,,,0.109,0.176,0.56,,,0.549,0.625,,0.142,0.151,0.195,0.64,0.638,0.159,0.14,0.606,0.182,,,0.221,,,,,0.165,,,,0.172,,0.104,,0.142,0.115,0.116,0.095,,,,0.425,0.076,,,0.127,0.119
162,14073540,,0.569,0.571,,,,0.265,,,,,0.073,0.089,,0.235,0.081,,0.154,,,,,,,,0.406,,0.437,0.2,,,0.096,,0.401,0.266,,,,0.104,0.125,0.168,,,,0.078,0.5,0.52,0.498,,,,0.241,,0.095,,,,,,0.223,0.141,,,,0.203,0.161,0.055,0.124,,,,0.1,0.174,0.158,,0.376,,,,,,0.097,,,,,0.149,0.072,0.473,0.495,0.034,0.101,0.457,0.334,0.429,0.071,0.198,0.143,,,0.2,,,0.088,0.027,0.016,,0.052,0.203,,,,,,,,0.225,,0.095,0.845,,,0.026,,0.096,,0.105,0.162,0.093,0.162,0.131,0.365,0.651,0.388,0.187,0.158,0.134,,0.626,,,,,,,,0.136,0.208,0.123,0.143,0.416,,,,,0.109,0.176,0.56,,,0.549,0.625,,0.143,0.152,0.194,0.64,0.638,0.159,0.14,0.599,0.186,,,0.222,,,,,0.165,,,,0.172,,0.103,,0.142,0.115,0.117,0.095,,,,0.424,0.078,,,0.127,0.119
162,14073600,,0.569,0.571,,,,0.265,,,,,0.074,0.059,,0.235,0.099,,0.154,,,,,,,,0.406,,0.426,0.2,,,0.096,,0.401,0.264,,,,0.104,0.125,0.167,,,,0.079,0.498,0.52,0.498,,,,0.241,,0.094,,,,,,0.223,0.142,,,,0.203,0.161,0.054,0.123,,,,0.099,0.184,0.167,,0.378,,,,,,0.097,,,,,0.145,0.072,0.478,0.492,0.034,0.101,0.455,0.329,0.432,0.071,0.197,0.142,,,0.2,,,0.09,0.026,0.025,,0.062,0.202,,,,,,,,0.231,,0.096,0.844,,,0.025,,0.096,,0.104,0.162,0.095,0.162,0.131,0.365,0.66,0.379,0.186,0.159,0.133,,0.626,,,,,,,,0.136,0.212,0.123,0.143,0.417,,,,,0.109,0.176,0.559,,,0.549,0.625,,0.144,0.151,0.195,0.641,0.638,0.159,0.14,0.599,0.189,,,0.219,,,,,0.164,,,,0.172,,0.103,,0.141,0.115,0.116,0.094,,,,0.426,0.08,,,0.127,0.119
162,14073660,,0.569,0.57,,,,0.265,,,,,0.077,0.052,,0.235,0.095,,0.154,,,,,,,,0.405,,0.436,0.199,,,0.096,,0.402,0.265,,,,0.104,0.125,0.167,,,,0.078,0.498,0.52,0.498,,,,0.241,,0.094,,,,,,0.216,0.143,,,,0.203,0.161,0.055,0.122,,,,0.1,0.176,0.161,,0.38,,,,,,0.097,,,,,0.149,0.072,0.478,0.485,0.034,0.101,0.459,0.327,0.434,0.071,0.2,0.145,,,0.2,,,0.091,0.029,0.016,,0.052,0.202,,,,,,,,0.223,,0.093,0.842,,,0.025,,0.096,,0.105,0.162,0.095,0.161,0.132,0.365,0.656,0.353,0.185,0.158,0.134,,0.626,,,,,,,,0.134,0.209,0.123,0.143,0.417,,,,,0.109,0.176,0.559,,,0.549,0.625,,0.145,0.151,0.195,0.641,0.638,0.159,0.14,0.597,0.19,,,0.216,,,,,0.166,,,,0.172,,0.104,,0.143,0.115,0.116,0.094,,,,0.427,0.081,,,0.127,0.119
162,14073720,,0.568,0.571,,,,0.265,,,,,0.077,0.135,,0.235,0.091,,0.154,,,,,,,,0.405,,0.439,0.2,,,0.096,,0.402,0.267,,,,0.104,0.125,0.167,,,,0.078,0.498,0.52,0.498,,,,0.241,,0.095,,,,,,0.208,0.141,,,,0.203,0.161,0.055,0.123,,,,0.101,0.174,0.158,,0.38,,,,,,0.096,,,,,0.147,0.073,0.48,0.488,0.034,0.101,0.463,0.32,0.431,0.071,0.196,0.144,,,0.2,,,0.09,0.03,0.017,,0.052,0.202,,,,,,,,0.221,,0.094,0.842,,,0.025,,0.097,,0.105,0.162,0.093,0.161,0.131,0.365,0.66,0.348,0.191,0.159,0.134,,0.625,,,,,,,,0.132,0.209,0.123,0.143,0.418,,,,,0.109,0.176,0.559,,,0.549,0.625,,0.146,0.151,0.195,0.641,0.638,0.159,0.14,0.592,0.19,,,0.216,,,,,0.165,,,,0.171,,0.104,,0.141,0.115,0.117,0.095,,,,0.427,0.081,,,0.127,0.119
162,14073780,,0.568,0.571,,,,0.265,,,,,0.09,0.121,,0.235,0.092,,0.154,,,,,,,,0.407,,0.431,0.2,,,0.095,,0.401,0.271,,,,0.104,0.125,0.168,,,,0.078,0.499,0.52,0.498,,,,0.241,,0.094,,,,,,0.208,0.14,,,,0.203,0.161,0.055,0.124,,,,0.102,0.174,0.158,,0.378,,,,,,0.096,,,,,0.145,0.073,0.48,0.483,0.034,0.101,0.463,0.322,0.432,0.071,0.199,0.148,,,0.2,,,0.09,0.122,0.123,,0.053,0.201,,,,,,,,0.218,,0.095,0.845,,,0.025,,0.096,,0.104,0.162,0.093,0.162,0.133,0.365,0.663,0.349,0.187,0.159,0.134,,0.625,,,,,,,,0.131,0.21,0.123,0.143,0.416,,,,,0.109,0.176,0.559,,,0.549,0.625,,0.147,0.151,0.195,0.641,0.638,0.159,0.14,0.59,0.189,,,0.218,,,,,0.164,,,,0.171,,0.104,,0.148,0.114,0.118,0.095,,,,0.427,0.082,,,0.127,0.119
162,14073840,,0.569,0.571,,,,0.265,,,,,0.089,0.125,,0.236,0.08,,0.154,,,,,,,,0.406,,0.445,0.2,,,0.097,,0.402,0.271,,,,0.104,0.125,0.167,,,,0.078,0.498,0.52,0.498,,,,0.241,,0.094,,,,,,0.215,0.14,,,,0.203,0.161,0.055,0.123,,,,0.102,0.173,0.158,,0.377,,,,,,0.096,,,,,0.146,0.072,0.478,0.47,0.034,0.101,0.458,0.318,0.433,0.071,0.197,0.146,,,0.2,,,0.09,0.041,0.017,,0.051,0.201,,,,,,,,0.222,,0.093,0.845,,,0.025,,0.095,,0.104,0.162,0.094,0.162,0.131,0.365,0.656,0.359,0.189,0.159,0.133,,0.626,,,,,,,,0.131,0.21,0.123,0.143,0.415,,,,,0.109,0.176,0.559,,,0.549,0.625,,0.144,0.151,0.195,0.641,0.638,0.159,0.14,0.602,0.19,,,0.223,,,,,0.164,,,,0.171,,0.104,,0.154,0.115,0.118,0.095,,,,0.427,0.082,,,0.127,0.118
162,14073900,,0.569,0.571,,,,0.265,,,,,0.077,0.166,,0.234,0.088,,0.154,,,,,,,,0.407,,0.45,0.2,,,0.095,,0.38,0.271,,,,0.104,0.125,0.167,,,,0.078,0.498,0.52,0.498,,,,0.241,,0.094,,,,,,0.224,0.141,,,,0.203,0.161,0.055,0.123,,,,0.102,0.182,0.166,,0.378,,,,,,0.096,,,,,0.144,0.072,0.483,0.48,0.034,0.101,0.46,0.32,0.432,0.071,0.195,0.145,,,0.2,,,0.091,0.087,0.017,,0.051,0.201,,,,,,,,0.229,,0.093,0.836,,,0.025,,0.096,,0.105,0.162,0.093,0.161,0.132,0.365,0.654,0.35,0.187,0.16,0.133,,0.626,,,,,,,,0.129,0.215,0.123,0.143,0.415,,,,,0.109,0.176,0.559,,,0.549,0.625,,0.145,0.15,0.195,0.64,0.638,0.159,0.14,0.602,0.19,,,0.227,,,,,0.164,,,,0.172,,0.104,,0.159,0.116,0.116,0.102,,,,0.429,0.082,,,0.127,0.118
162,14073960,,0.568,0.571,,,,0.265,,,,,0.077,0.128,,0.234,0.085,,0.154,,,,,,,,0.407,,0.443,0.2,,,0.095,,0.399,0.269,,,,0.104,0.127,0.167,,,,0.078,0.498,0.52,0.499,,,,0.241,,0.095,,,,,,0.246,0.141,,,,0.203,0.161,0.055,0.123,,,,0.103,0.176,0.161,,0.379,,,,,,0.096,,,,,0.149,0.072,0.483,0.47,0.034,0.101,0.465,0.32,0.433,0.071,0.194,0.144,,,0.2,,,0.091,0.045,0.069,,0.098,0.201,,,,,,,,0.227,,0.093,0.831,,,0.025,,0.097,,0.104,0.161,0.093,0.162,0.132,0.365,0.663,0.348,0.194,0.159,0.134,,0.625,,,,,,,,0.127,0.213,0.123,0.143,0.415,,,,,0.109,0.176,0.559,,,0.55,0.625,,0.144,0.152,0.196,0.64,0.638,0.159,0.14,0.601,0.188,,,0.226,,,,,0.165,,,,0.172,,0.104,,0.151,0.115,0.117,0.109,,,,0.429,0.082,,,0.127,0.117
162,14074020,,0.568,0.57,,,,0.265,,,,,0.076,0.122,,0.234,0.079,,0.154,,,,,,,,0.407,,0.433,0.201,,,0.095,,0.397,0.27,,,,0.104,0.127,0.166,,,,0.078,0.498,0.52,0.499,,,,0.241,,0.095,,,,,,0.229,0.14,,,,0.203,0.161,0.055,0.122,,,,0.099,0.173,0.158,,0.379,,,,,,0.096,,,,,0.146,0.072,0.482,0.473,0.034,0.101,0.467,0.324,0.432,0.071,0.195,0.147,,,0.2,,,0.091,0.026,0.017,,0.072,0.201,,,,,,,,0.227,,0.095,0.83,,,0.025,,0.097,,0.126,0.163,0.095,0.163,0.132,0.365,0.661,0.349,0.194,0.16,0.134,,0.625,,,,,,,,0.127,0.213,0.123,0.143,0.418,,,,,0.109,0.176,0.559,,,0.55,0.625,,0.144,0.153,0.195,0.64,0.638,0.159,0.14,0.609,0.184,,,0.225,,,,,0.165,,,,0.171,,0.105,,0.145,0.115,0.117,0.109,,,,0.429,0.081,,,0.127,0.118
162,14074080,,0.568,0.57,,,,0.265,,,,,0.076,0.066,,0.233,0.071,,0.154,,,,,,,,0.406,,0.442,0.201,,,0.096,,0.388,0.271,,,,0.104,0.126,0.167,,,,0.078,0.498,0.52,0.499,,,,0.241,,0.094,,,,,,0.216,0.138,,,,0.203,0.161,0.055,0.123,,,,0.1,0.173,0.158,,0.376,,,,,,0.096,,,,,0.144,0.071,0.487,0.48,0.034,0.101,0.47,0.322,0.431,0.071,0.196,0.145,,,0.2,,,0.092,0.052,0.058,,0.05,0.2,,,,,,,,0.219,,0.094,0.828,,,0.025,,0.095,,0.133,0.162,0.095,0.163,0.132,0.365,0.657,0.36,0.189,0.161,0.133,,0.625,,,,,,,,0.126,0.214,0.123,0.143,0.416,,,,,0.109,0.176,0.559,,,0.55,0.625,,0.144,0.154,0.195,0.641,0.638,0.159,0.14,0.611,0.183,,,0.225,,,,,0.166,,,,0.172,,0.104,,0.141,0.116,0.117,0.105,,,,0.43,0.082,,,0.127,0.118
162,14074140,,0.568,0.57,,,,0.265,,,,,0.094,0.052,,0.234,0.072,,0.154,,,,,,,,0.406,,0.438,0.201,,,0.095,,0.398,0.269,,,,0.104,0.125,0.167,,,,0.078,0.498,0.52,0.499,,,,0.241,,0.094,,,,,,0.209,0.138,,,,0.203,0.161,0.055,0.123,,,,0.101,0.173,0.158,,0.375,,,,,,0.096,,,,,0.141,0.072,0.479,0.479,0.034,0.101,0.476,0.317,0.434,0.071,0.198,0.141,,,0.2,,,0.092,0.057,0.118,,0.19,0.2,,,,,,,,0.218,,0.093,0.828,,,0.025,,0.096,,0.137,0.161,0.095,0.162,0.133,0.365,0.649,0.349,0.186,0.161,0.133,,0.625,,,,,,,,0.126,0.214,0.123,0.143,0.416,,,,,0.109,0.176,0.559,,,0.55,0.626,,0.145,0.154,0.195,0.641,0.638,0.159,0.14,0.61,0.183,,,0.224,,,,,0.166,,,,0.172,,0.104,,0.14,0.115,0.115,0.098,,,,0.43,0.081,,,0.127,0.118
162,14074200,,0.568,0.571,,,,0.265,,,,,0.076,0.09,,0.236,0.104,,0.154,,,,,,,,0.407,,0.448,0.201,,,0.096,,0.404,0.266,,,,0.104,0.125,0.166,,,,0.077,0.5,0.52,0.499,,,,0.241,,0.095,,,,,,0.226,0.14,,,,0.203,0.161,0.055,0.123,,,,0.1,0.174,0.16,,0.387,,,,,,0.096,,,,,0.144,0.071,0.485,0.475,0.034,0.101,0.473,0.316,0.43,0.071,0.197,0.146,,,0.2,,,0.091,0.034,0.017,,0.05,0.2,,,,,,,,0.229,,0.094,0.826,,,0.025,,0.097,,0.096,0.162,0.095,0.165,0.133,0.365,0.655,0.357,0.19,0.161,0.135,,0.625,,,,,,,,0.143,0.216,0.122,0.143,0.418,,,,,0.109,0.177,0.559,,,0.55,0.625,,0.144,0.153,0.194,0.641,0.638,0.159,0.14,0.599,0.186,,,0.224,,,,,0.165,,,,0.192,,0.104,,0.167,0.115,0.116,0.095,,,,0.431,0.081,,,0.127,0.118
162,14074260,,0.569,0.571,,,,0.265,,,,,0.076,0.1,,0.236,0.086,,0.154,,,,,,,,0.407,,0.421,0.201,,,0.096,,0.414,0.265,,,,0.104,0.125,0.166,,,,0.077,0.5,0.52,0.499,,,,0.241,,0.095,,,,,,0.213,0.141,,,,0.203,0.161,0.056,0.123,,,,0.1,0.173,0.158,,0.389,,,,,,0.096,,,,,0.143,0.072,0.497,0.473,0.034,0.101,0.474,0.32,0.429,0.071,0.197,0.145,,,0.2,,,0.091,0.036,0.016,,0.05,0.2,,,,,,,,0.223,,0.096,0.824,,,0.025,,0.095,,0.098,0.162,0.096,0.163,0.132,0.365,0.652,0.351,0.187,0.161,0.133,,0.626,,,,,,,,0.143,0.215,0.122,0.143,0.417,,,,,0.109,0.177,0.559,,,0.55,0.625,,0.144,0.153,0.194,0.64,0.638,0.159,0.14,0.591,0.187,,,0.224,,,,,0.166,,,,0.192,,0.105,,0.179,0.114,0.116,0.095,,,,0.432,0.082,,,0.127,0.12
162,14074320,,0.568,0.571,,,,0.265,,,,,0.076,0.13,,0.236,0.075,,0.154,,,,,,,,0.407,,0.435,0.201,,,0.097,,0.417,0.265,,,,0.104,0.125,0.167,,,,0.078,0.5,0.52,0.499,,,,0.241,,0.095,,,,,,0.23,0.137,,,,0.203,0.161,0.055,0.122,,,,0.101,0.173,0.158,,0.383,,,,,,0.096,,,,,0.143,0.072,0.484,0.468,0.034,0.101,0.477,0.321,0.432,0.071,0.198,0.142,,,0.2,,,0.092,0.031,0.024,,0.071,0.2,,,,,,,,0.229,,0.094,0.821,,,0.025,,0.096,,0.101,0.162,0.096,0.162,0.132,0.365,0.649,0.35,0.193,0.161,0.134,,0.626,,,,,,,,0.142,0.216,0.122,0.143,0.419,,,,,0.109,0.177,0.559,,,0.55,0.625,,0.144,0.154,0.195,0.64,0.638,0.159,0.14,0.592,0.189,,,0.221,,,,,0.166,,,,0.184,,0.105,,0.18,0.115,0.116,0.094,,,,0.433,0.077,,,0.127,0.12
162,14074380,,0.568,0.571,,,,0.265,,,,,0.083,0.113,,0.236,0.076,,0.154,,,,,,,,0.407,,0.436,0.201,,,0.095,,0.409,0.264,,,,0.104,0.125,0.166,,,,0.078,0.5,0.52,0.499,,,,0.241,,0.095,,,,,,0.231,0.138,,,,0.203,0.16,0.055,0.123,,,,0.101,0.173,0.158,,0.38,,,,,,0.097,,,,,0.144,0.071,0.476,0.466,0.034,0.101,0.474,0.323,0.431,0.071,0.198,0.143,,,0.2,,,0.091,0.026,0.016,,0.146,0.2,,,,,,,,0.229,,0.093,0.811,,,0.025,,0.097,,0.101,0.163,0.095,0.162,0.132,0.365,0.651,0.351,0.182,0.155,0.134,,0.626,,,,,,,,0.141,0.217,0.122,0.143,0.421,,,,,0.109,0.177,0.56,,,0.55,0.625,,0.145,0.153,0.195,0.64,0.638,0.159,0.14,0.599,0.19,,,0.216,,,,,0.167,,,,0.179,,0.104,,0.177,0.116,0.115,0.094,,,,0.43,0.078,,,0.127,0.12
162,14074440,,0.568,0.571,,,,0.265,,,,,0.077,0.143,,0.236,0.08,,0.154,,,,,,,,0.407,,0.43,0.201,,,0.095,,0.404,0.265,,,,0.104,0.125,0.166,,,,0.078,0.5,0.52,0.499,,,,0.241,,0.094,,,,,,0.222,0.139,,,,0.203,0.161,0.055,0.124,,,,0.101,0.174,0.158,,0.382,,,,,,0.097,,,,,0.145,0.072,0.488,0.469,0.034,0.101,0.476,0.319,0.43,0.071,0.195,0.139,,,0.2,,,0.09,0.028,0.016,,0.049,0.2,,,,,,,,0.236,,0.094,0.82,,,0.025,,0.097,,0.099,0.163,0.096,0.162,0.132,0.365,0.654,0.348,0.191,0.156,0.134,,0.626,,,,,,,,0.14,0.218,0.122,0.143,0.421,,,,,0.109,0.177,0.56,,,0.55,0.625,,0.144,0.153,0.195,0.64,0.638,0.159,0.14,0.6,0.19,,,0.213,,,,,0.166,,,,0.178,,0.104,,0.174,0.115,0.116,0.095,,,,0.43,0.078,,,0.127,0.12
162,14074500,,0.568,0.57,,,,0.265,,,,,0.078,0.129,,0.235,0.098,,0.154,,,,,,,,0.407,,0.441,0.202,,,0.096,,0.389,0.267,,,,0.104,0.125,0.166,,,,0.078,0.497,0.52,0.499,,,,0.241,,0.094,,,,,,0.21,0.139,,,,0.203,0.16,0.055,0.123,,,,0.1,0.183,0.167,,0.381,,,,,,0.097,,,,,0.144,0.072,0.484,0.465,0.034,0.101,0.48,0.318,0.43,0.071,0.195,0.143,,,0.2,,,0.091,0.032,0.041,,0.049,0.2,,,,,,,,0.226,,0.096,0.824,,,0.025,,0.096,,0.101,0.162,0.096,0.162,0.133,0.365,0.659,0.348,0.188,0.156,0.134,,0.626,,,,,,,,0.139,0.223,0.122,0.143,0.425,,,,,0.109,0.177,0.56,,,0.55,0.625,,0.144,0.153,0.195,0.64,0.638,0.159,0.14,0.599,0.189,,,0.219,,,,,0.166,,,,0.177,,0.104,,0.17,0.114,0.117,0.096,,,,0.431,0.08,,,0.127,0.119
162,14074560,,0.568,0.57,,,,0.265,,,,,0.076,0.118,,0.235,0.143,,0.154,,,,,,,,0.408,,0.437,0.201,,,0.097,,0.394,0.269,,,,0.104,0.125,0.166,,,,0.078,0.498,0.52,0.448,,,,0.241,,0.094,,,,,,0.217,0.14,,,,0.203,0.161,0.056,0.122,,,,0.101,0.176,0.161,,0.385,,,,,,0.096,,,,,0.145,0.072,0.493,0.479,0.034,0.101,0.478,0.32,0.432,0.071,0.197,0.146,,,0.2,,,0.092,0.027,0.017,,0.064,0.199,,,,,,,,0.235,,0.095,0.826,,,0.025,,0.097,,0.102,0.162,0.097,0.162,0.133,0.365,0.655,0.388,0.189,0.155,0.134,,0.626,,,,,,,,0.138,0.218,0.122,0.143,0.428,,,,,0.109,0.177,0.56,,,0.55,0.625,,0.145,0.153,0.195,0.641,0.638,0.159,0.141,0.606,0.187,,,0.223,,,,,0.164,,,,0.176,,0.104,,0.162,0.115,0.117,0.095,,,,0.432,0.078,,,0.127,0.119
162,14074620,,0.568,0.57,,,,0.265,,,,,0.077,0.106,,0.236,0.101,,0.154,,,,,,,,0.408,,0.433,0.202,,,0.096,,0.389,0.267,,,,0.104,0.126,0.167,,,,0.078,0.498,0.52,0.481,,,,0.241,,0.094,,,,,,0.216,0.141,,,,0.203,0.161,0.053,0.123,,,,0.101,0.173,0.159,,0.385,,,,,,0.097,,,,,0.144,0.071,0.485,0.467,0.034,0.101,0.474,0.318,0.426,0.071,0.199,0.143,,,0.2,,,0.092,0.028,0.017,,0.048,0.199,,,,,,,,0.228,,0.094,0.83,,,0.025,,0.097,,0.103,0.162,0.095,0.164,0.134,0.365,0.643,0.385,0.19,0.155,0.134,,0.626,,,,,,,,0.136,0.217,0.122,0.143,0.426,,,,,0.109,0.177,0.56,,,0.55,0.625,,0.145,0.153,0.195,0.641,0.638,0.159,0.141,0.607,0.187,,,0.223,,,,,0.164,,,,0.173,,0.105,,0.162,0.116,0.117,0.093,,,,0.432,0.073,,,0.127,0.119
162,14074680,,0.568,0.571,,,,0.265,,,,,0.078,0.111,,0.238,0.079,,0.154,,,,,,,,0.408,,0.439,0.201,,,0.096,,0.392,0.267,,,,0.104,0.126,0.166,,,,0.078,0.498,0.52,0.485,,,,0.241,,0.096,,,,,,0.205,0.14,,,,0.203,0.161,0.053,0.124,,,,0.103,0.173,0.158,,0.381,,,,,,0.097,,,,,0.142,0.072,0.469,0.452,0.034,0.101,0.482,0.314,0.432,0.071,0.194,0.148,,,0.2,,,0.091,0.034,0.053,,0.057,0.199,,,,,,,,0.242,,0.095,0.83,,,0.025,,0.096,,0.102,0.161,0.095,0.162,0.134,0.365,0.644,0.369,0.185,0.156,0.134,,0.626,,,,,,,,0.135,0.218,0.122,0.143,0.42,,,,,0.109,0.177,0.56,,,0.55,0.625,,0.144,0.154,0.194,0.641,0.638,0.159,0.141,0.609,0.185,,,0.22,,,,,0.164,,,,0.172,,0.104,,0.158,0.115,0.117,0.094,,,,0.433,0.079,,,0.127,0.119
162,14074740,,0.568,0.571,,,,0.265,,,,,0.079,0.129,,0.236,0.071,,0.154,,,,,,,,0.407,,0.435,0.202,,,0.096,,0.387,0.266,,,,0.105,0.125,0.167,,,,0.078,0.498,0.52,0.485,,,,0.241,,0.095,,,,,,0.211,0.141,,,,0.203,0.161,0.054,0.123,,,,0.101,0.173,0.158,,0.382,,,,,,0.098,,,,,0.144,0.072,0.481,0.454,0.034,0.101,0.47,0.312,0.426,0.071,0.195,0.142,,,0.2,,,0.091,0.028,0.017,,0.048,0.199,,,,,,,,0.233,,0.095,0.83,,,0.025,,0.096,,0.101,0.162,0.096,0.162,0.133,0.365,0.649,0.353,0.185,0.155,0.134,,0.626,,,,,,,,0.133,0.22,0.122,0.143,0.422,,,,,0.109,0.177,0.56,,,0.55,0.625,,0.144,0.155,0.194,0.641,0.638,0.159,0.14,0.609,0.186,,,0.215,,,,,0.165,,,,0.17,,0.105,,0.154,0.115,0.118,0.093,,,,0.432,0.08,,,0.127,0.119
162,14074800,,0.568,0.571,,,,0.265,,,,,0.078,0.114,,0.236,0.089,,0.154,,,,,,,,0.408,,0.438,0.202,,,0.097,,0.381,0.267,,,,0.105,0.125,0.168,,,,0.078,0.498,0.52,0.498,,,,0.241,,0.095,,,,,,0.209,0.175,,,,0.203,0.161,0.054,0.123,,,,0.102,0.184,0.168,,0.382,,,,,,0.096,,,,,0.145,0.071,0.484,0.449,0.034,0.101,0.474,0.312,0.433,0.071,0.195,0.148,,,0.2,,,0.091,0.054,0.043,,0.061,0.206,,,,,,,,0.231,,0.093,0.833,,,0.025,,0.097,,0.102,0.162,0.096,0.163,0.133,0.365,0.653,0.343,0.186,0.156,0.134,,0.626,,,,,,,,0.141,0.241,0.121,0.143,0.423,,,,,0.109,0.177,0.56,,,0.55,0.625,,0.145,0.155,0.194,0.641,0.638,0.159,0.14,0.607,0.187,,,0.212,,,,,0.165,,,,0.175,,0.104,,0.156,0.117,0.116,0.094,,,,0.431,0.082,,,0.127,0.119
162,14074860,,0.568,0.571,,,,0.265,,,,,0.084,0.105,,0.236,0.112,,0.154,,,,,,,,0.411,,0.432,0.202,,,0.096,,0.374,0.271,,,,0.105,0.125,0.167,,,,0.078,0.498,0.52,0.498,,,,0.241,,0.095,,,,,,0.214,0.174,,,,0.203,0.161,0.054,0.123,,,,0.102,0.177,0.163,,0.385,,,,,,0.096,,,,,0.143,0.071,0.485,0.446,0.034,0.101,0.477,0.31,0.41,0.071,0.196,0.147,,,0.2,,,0.092,0.07,0.13,,0.048,0.206,,,,,,,,0.234,,0.094,0.83,,,0.025,,0.097,,0.103,0.162,0.094,0.163,0.134,0.365,0.645,0.35,0.19,0.156,0.134,,0.626,,,,,,,,0.138,0.241,0.121,0.143,0.421,,,,,0.109,0.177,0.56,,,0.55,0.625,,0.145,0.154,0.194,0.64,0.638,0.159,0.14,0.611,0.19,,,0.219,,,,,0.164,,,,0.172,,0.104,,0.168,0.116,0.117,0.095,,,,0.431,0.085,,,0.127,0.119
162,14074920,,0.569,0.571,,,,0.265,,,,,0.08,0.152,,0.235,0.145,,0.154,,,,,,,,0.411,,0.439,0.202,,,0.097,,0.378,0.271,,,,0.105,0.125,0.166,,,,0.079,0.498,0.52,0.498,,,,0.241,,0.095,,,,,,0.219,0.174,,,,0.203,0.16,0.054,0.123,,,,0.102,0.174,0.159,,0.389,,,,,,0.097,,,,,0.142,0.072,0.477,0.44,0.034,0.101,0.471,0.31,0.41,0.071,0.194,0.142,,,0.2,,,0.091,0.035,0.026,,0.06,0.205,,,,,,,,0.235,,0.095,0.834,,,0.025,,0.097,,0.102,0.162,0.096,0.163,0.134,0.365,0.65,0.348,0.189,0.156,0.134,,0.626,,,,,,,,0.136,0.23,0.121,0.143,0.423,,,,,0.109,0.176,0.56,,,0.55,0.626,,0.144,0.155,0.195,0.64,0.638,0.159,0.14,0.609,0.189,,,0.226,,,,,0.166,,,,0.171,,0.104,,0.167,0.116,0.116,0.095,,,,0.431,0.085,,,0.127,0.12
162,14074980,,0.569,0.57,,,,0.265,,,,,0.081,0.127,,0.235,0.156,,0.154,,,,,,,,0.41,,0.441,0.202,,,0.097,,0.376,0.27,,,,0.105,0.125,0.166,,,,0.079,0.498,0.52,0.498,,,,0.241,,0.094,,,,,,0.216,0.174,,,,0.203,0.161,0.054,0.123,,,,0.101,0.174,0.159,,0.391,,,,,,0.098,,,,,0.143,0.072,0.469,0.442,0.034,0.101,0.475,0.314,0.428,0.071,0.198,0.145,,,0.2,,,0.091,0.039,0.017,,0.09,0.205,,,,,,,,0.236,,0.097,0.835,,,0.025,,0.096,,0.103,0.163,0.097,0.163,0.13,0.365,0.643,0.356,0.184,0.155,0.134,,0.626,,,,,,,,0.134,0.225,0.121,0.143,0.425,,,,,0.109,0.176,0.56,,,0.55,0.626,,0.144,0.155,0.195,0.64,0.638,0.159,0.14,0.608,0.19,,,0.23,,,,,0.165,,,,0.171,,0.104,,0.167,0.116,0.118,0.095,,,,0.432,0.085,,,0.127,0.119
162,14075040,,0.569,0.57,,,,0.265,,,,,0.08,0.168,,0.235,0.156,,0.154,,,,,,,,0.41,,0.445,0.202,,,0.106,,0.372,0.269,,,,0.105,0.125,0.167,,,,0.079,0.498,0.52,0.498,,,,0.241,,0.093,,,,,,0.216,0.175,,,,0.203,0.161,0.054,0.123,,,,0.101,0.174,0.159,,0.393,,,,,,0.097,,,,,0.142,0.072,0.487,0.444,0.034,0.101,0.471,0.315,0.412,0.071,0.198,0.143,,,0.2,,,0.092,0.041,0.039,,0.093,0.205,,,,,,,,0.236,,0.094,0.828,,,0.025,,0.096,,0.103,0.162,0.097,0.163,0.133,0.365,0.642,0.36,0.182,0.156,0.134,,0.626,,,,,,,,0.131,0.225,0.121,0.143,0.424,,,,,0.109,0.176,0.56,,,0.55,0.626,,0.144,0.155,0.195,0.64,0.638,0.159,0.14,0.602,0.19,,,0.226,,,,,0.164,,,,0.171,,0.103,,0.169,0.117,0.119,0.095,,,,0.432,0.085,,,0.127,0.119
162,14075100,,0.569,0.571,,,,0.265,,,,,0.081,0.182,,0.233,0.135,,0.154,,,,,,,,0.409,,0.445,0.202,,,0.127,,0.374,0.268,,,,0.105,0.125,0.166,,,,0.079,0.499,0.52,0.498,,,,0.241,,0.094,,,,,,0.221,0.181,,,,0.203,0.161,0.053,0.123,,,,0.101,0.186,0.17,,0.395,,,,,,0.097,,,,,0.145,0.072,0.491,0.445,0.034,0.101,0.481,0.317,0.412,0.071,0.194,0.145,,,0.2,,,0.091,0.035,0.016,,0.047,0.211,,,,,,,,0.255,,0.095,0.822,,,0.025,,0.097,,0.104,0.163,0.096,0.163,0.133,0.365,0.644,0.358,0.183,0.156,0.135,,0.626,,,,,,,,0.141,0.251,0.121,0.143,0.426,,,,,0.109,0.176,0.56,,,0.55,0.626,,0.15,0.154,0.195,0.64,0.638,0.159,0.14,0.611,0.19,,,0.225,,,,,0.166,,,,0.174,,0.103,,0.169,0.115,0.118,0.097,,,,0.433,0.086,,,0.127,0.119
162,14075160,,0.568,0.571,,,,0.265,,,,,0.082,0.177,,0.233,0.129,,0.154,,,,,,,,0.408,,0.434,0.202,,,0.131,,0.375,0.268,,,,0.105,0.127,0.165,,,,0.079,0.5,0.52,0.498,,,,0.241,,0.096,,,,,,0.24,0.181,,,,0.203,0.161,0.052,0.123,,,,0.101,0.18,0.165,,0.396,,,,,,0.098,,,,,0.142,0.072,0.496,0.441,0.034,0.101,0.48,0.317,0.412,0.071,0.193,0.141,,,0.2,,,0.091,0.027,0.016,,0.06,0.211,,,,,,,,0.23,,0.096,0.822,,,0.025,,0.097,,0.104,0.163,0.097,0.162,0.133,0.365,0.638,0.34,0.183,0.155,0.135,,0.626,,,,,,,,0.141,0.251,0.121,0.143,0.428,,,,,0.109,0.176,0.56,,,0.55,0.626,,0.15,0.154,0.195,0.64,0.638,0.159,0.14,0.612,0.19,,,0.225,,,,,0.164,,,,0.173,,0.102,,0.163,0.116,0.118,0.106,,,,0.431,0.087,,,0.127,0.119
162,14075220,,0.568,0.57,,,,0.265,,,,,0.089,0.171,,0.236,0.131,,0.154,,,,,,,,0.409,,0.426,0.202,,,0.134,,0.372,0.27,,,,0.105,0.125,0.167,,,,0.079,0.5,0.52,0.498,,,,0.241,,0.095,,,,,,0.223,0.181,,,,0.203,0.161,0.053,0.123,,,,0.101,0.175,0.159,,0.392,,,,,,0.098,,,,,0.141,0.073,0.505,0.431,0.034,0.101,0.473,0.315,0.412,0.071,0.194,0.145,,,0.2,,,0.091,0.033,0.016,,0.047,0.211,,,,,,,,0.21,,0.096,0.824,,,0.025,,0.096,,0.104,0.162,0.097,0.163,0.133,0.365,0.634,0.337,0.181,0.156,0.134,,0.626,,,,,,,,0.137,0.243,0.121,0.143,0.43,,,,,0.109,0.176,0.56,,,0.551,0.626,,0.143,0.154,0.195,0.641,0.638,0.159,0.14,0.612,0.188,,,0.222,,,,,0.164,,,,0.174,,0.104,,0.159,0.117,0.119,0.105,,,,0.431,0.087,,,0.127,0.119
162,14075280,,0.569,0.57,,,,0.265,,,,,0.087,0.177,,0.236,0.148,,0.154,,,,,,,,0.409,,0.427,0.203,,,0.09,,0.374,0.272,,,,0.105,0.125,0.166,,,,0.079,0.5,0.52,0.498,,,,0.241,,0.095,,,,,,0.225,0.181,,,,0.203,0.161,0.053,0.123,,,,0.101,0.175,0.159,,0.391,,,,,,0.098,,,,,0.145,0.073,0.498,0.439,0.034,0.101,0.49,0.316,0.413,0.071,0.194,0.145,,,0.2,,,0.092,0.03,0.032,,0.157,0.211,,,,,,,,0.214,,0.093,0.828,,,0.025,,0.096,,0.104,0.163,0.096,0.164,0.133,0.365,0.64,0.365,0.185,0.155,0.134,,0.626,,,,,,,,0.135,0.232,0.121,0.143,0.429,,,,,0.109,0.176,0.56,,,0.551,0.626,,0.144,0.153,0.195,0.641,0.638,0.159,0.14,0.614,0.188,,,0.217,,,,,0.166,,,,0.171,,0.105,,0.161,0.117,0.117,0.101,,,,0.434,0.088,,,0.127,0.119
162,14075340,,0.569,0.57,,,,0.265,,,,,0.082,0.177,,0.236,0.159,,0.154,,,,,,,,0.409,,0.419,0.203,,,0.096,,0.375,0.274,,,,0.105,0.126,0.166,,,,0.079,0.499,0.52,0.498,,,,0.241,,0.095,,,,,,0.218,0.166,,,,0.203,0.161,0.053,0.123,,,,0.101,0.174,0.159,,0.394,,,,,,0.098,,,,,0.143,0.072,0.481,0.433,0.034,0.101,0.48,0.315,0.415,0.071,0.193,0.142,,,0.2,,,0.092,0.028,0.016,,0.045,0.211,,,,,,,,0.214,,0.093,0.826,,,0.025,,0.097,,0.103,0.163,0.096,0.162,0.133,0.365,0.639,0.362,0.185,0.155,0.135,,0.626,,,,,,,,0.133,0.228,0.121,0.143,0.424,,,,,0.109,0.176,0.561,,,0.551,0.626,,0.145,0.154,0.195,0.64,0.638,0.159,0.14,0.617,0.187,,,0.217,,,,,0.165,,,,0.171,,0.104,,0.165,0.115,0.117,0.096,,,,0.434,0.088,,,0.127,0.119
162,14075400,,0.569,0.57,,,,0.265,,,,,0.095,0.165,,0.236,0.149,,0.154,,,,,,,,0.409,,0.424,0.203,,,0.097,,0.377,0.273,,,,0.105,0.126,0.165,,,,0.079,0.498,0.52,0.498,,,,0.241,,0.097,,,,,,0.22,0.165,,,,0.203,0.16,0.053,0.123,,,,0.102,0.184,0.168,,0.394,,,,,,0.099,,,,,0.143,0.072,0.478,0.441,0.034,0.101,0.484,0.314,0.414,0.071,0.194,0.144,,,0.2,,,0.092,0.029,0.028,,0.044,0.21,,,,,,,,0.215,,0.096,0.821,,,0.025,,0.097,,0.104,0.163,0.097,0.162,0.134,0.365,0.658,0.355,0.187,0.155,0.135,,0.625,,,,,,,,0.133,0.235,0.121,0.143,0.425,,,,,0.109,0.176,0.561,,,0.551,0.626,,0.145,0.154,0.195,0.64,0.638,0.159,0.14,0.607,0.189,,,0.22,,,,,0.166,,,,0.175,,0.104,,0.161,0.116,0.118,0.095,,,,0.432,0.087,,,0.127,0.119
162,14075460,,0.569,0.57,,,,0.265,,,,,0.091,0.167,,0.236,0.15,,0.154,,,,,,,,0.409,,0.413,0.202,,,0.094,,0.378,0.272,,,,0.104,0.126,0.165,,,,0.079,0.498,0.52,0.498,,,,0.241,,0.094,,,,,,0.22,0.165,,,,0.203,0.16,0.053,0.123,,,,0.102,0.179,0.163,,0.396,,,,,,0.099,,,,,0.141,0.072,0.479,0.44,0.034,0.101,0.487,0.312,0.414,0.071,0.192,0.142,,,0.2,,,0.092,0.028,0.016,,0.045,0.21,,,,,,,,0.212,,0.096,0.82,,,0.025,,0.095,,0.105,0.163,0.097,0.163,0.133,0.365,0.639,0.359,0.184,0.156,0.134,,0.625,,,,,,,,0.131,0.229,0.121,0.143,0.426,,,,,0.109,0.176,0.561,,,0.551,0.626,,0.144,0.155,0.194,0.64,0.638,0.159,0.14,0.605,0.189,,,0.226,,,,,0.165,,,,0.172,,0.104,,0.16,0.116,0.119,0.095,,,,0.432,0.088,,,0.127,0.119
162,14075520,,0.568,0.571,,,,0.265,,,,,0.082,0.187,,0.236,0.158,,0.154,,,,,,,,0.409,,0.408,0.203,,,0.095,,0.38,0.271,,,,0.104,0.125,0.166,,,,0.079,0.498,0.52,0.498,,,,0.241,,0.095,,,,,,0.212,0.164,,,,0.203,0.16,0.053,0.124,,,,0.103,0.174,0.159,,0.396,,,,,,0.098,,,,,0.14,0.072,0.481,0.427,0.034,0.101,0.491,0.307,0.414,0.071,0.194,0.14,,,0.2,,,0.092,0.044,0.061,,0.24,0.21,,,,,,,,0.21,,0.095,0.826,,,0.025,,0.097,,0.104,0.162,0.097,0.162,0.134,0.365,0.645,0.35,0.183,0.156,0.134,,0.626,,,,,,,,0.129,0.228,0.121,0.143,0.429,,,,,0.109,0.175,0.561,,,0.551,0.626,,0.145,0.154,0.195,0.64,0.638,0.159,0.14,0.603,0.189,,,0.227,,,,,0.167,,,,0.17,,0.104,,0.162,0.117,0.118,0.095,,,,0.431,0.087,,,0.127,0.119
162,14075580,,0.568,0.571,,,,0.265,,,,,0.107,0.172,,0.236,0.155,,0.154,,,,,,,,0.408,,0.398,0.203,,,0.095,,0.381,0.271,,,,0.104,0.126,0.166,,,,0.078,0.499,0.52,0.498,,,,0.241,,0.095,,,,,,0.21,0.163,,,,0.203,0.159,0.053,0.124,,,,0.104,0.175,0.159,,0.396,,,,,,0.098,,,,,0.142,0.072,0.477,0.427,0.034,0.101,0.478,0.305,0.415,0.071,0.192,0.141,,,0.2,,,0.092,0.034,0.027,,0.045,0.21,,,,,,,,0.221,,0.096,0.829,,,0.025,,0.096,,0.104,0.164,0.096,0.162,0.132,0.365,0.636,0.35,0.181,0.156,0.134,,0.626,,,,,,,,0.129,0.227,0.121,0.143,0.429,,,,,0.109,0.175,0.561,,,0.551,0.626,,0.145,0.154,0.195,0.64,0.638,0.159,0.14,0.605,0.19,,,0.222,,,,,0.166,,,,0.17,,0.104,,0.177,0.116,0.117,0.095,,,,0.433,0.087,,,0.127,0.119
162,14075640,,0.568,0.571,,,,0.265,,,,,0.082,0.187,,0.237,0.152,,0.154,,,,,,,,0.407,,0.407,0.203,,,0.096,,0.382,0.274,,,,0.104,0.126,0.166,,,,0.078,0.499,0.52,0.498,,,,0.241,,0.096,,,,,,0.217,0.163,,,,0.203,0.16,0.053,0.123,,,,0.101,0.175,0.159,,0.396,,,,,,0.099,,,,,0.14,0.072,0.481,0.428,0.034,0.101,0.485,0.303,0.415,0.071,0.195,0.142,,,0.2,,,0.091,0.029,0.016,,0.086,0.209,,,,,,,,0.227,,0.096,0.835,,,0.025,,0.096,,0.105,0.164,0.096,0.163,0.132,0.365,0.639,0.341,0.183,0.156,0.135,,0.626,,,,,,,,0.127,0.227,0.121,0.143,0.429,,,,,0.109,0.175,0.561,,,0.551,0.626,,0.146,0.154,0.195,0.64,0.638,0.159,0.14,0.609,0.192,,,0.222,,,,,0.167,,,,0.171,,0.105,,0.176,0.116,0.118,0.094,,,,0.433,0.087,,,0.127,0.119
162,14075700,,0.568,0.57,,,,0.265,,,,,0.084,0.162,,0.236,0.138,,0.154,,,,,,,,0.407,,0.42,0.202,,,0.097,,0.383,0.274,,,,0.104,0.125,0.166,,,,0.078,0.499,0.52,0.498,,,,0.241,,0.094,,,,,,0.226,0.164,,,,0.203,0.16,0.053,0.123,,,,0.101,0.185,0.168,,0.396,,,,,,0.099,,,,,0.141,0.072,0.474,0.429,0.034,0.101,0.472,0.307,0.415,0.071,0.194,0.14,,,0.2,,,0.092,0.035,0.016,,0.064,0.209,,,,,,,,0.218,,0.095,0.834,,,0.025,,0.097,,0.105,0.163,0.096,0.163,0.132,0.365,0.631,0.334,0.18,0.155,0.134,,0.626,,,,,,,,0.126,0.234,0.121,0.143,0.431,,,,,0.109,0.175,0.561,,,0.551,0.626,,0.145,0.153,0.195,0.641,0.638,0.159,0.14,0.619,0.194,,,0.222,,,,,0.168,,,,0.172,,0.104,,0.17,0.117,0.119,0.094,,,,0.431,0.087,,,0.127,0.118
162,14075760,,0.568,0.571,,,,0.265,,,,,0.082,0.159,,0.236,0.133,,0.154,,,,,,,,0.409,,0.405,0.203,,,0.094,,0.383,0.272,,,,0.104,0.125,0.166,,,,0.078,0.499,0.52,0.498,,,,0.241,,0.095,,,,,,0.226,0.163,,,,0.203,0.159,0.053,0.123,,,,0.103,0.179,0.163,,0.396,,,,,,0.096,,,,,0.139,0.072,0.464,0.422,0.034,0.101,0.488,0.311,0.416,0.071,0.193,0.14,,,0.2,,,0.093,0.032,0.016,,0.063,0.209,,,,,,,,0.208,,0.094,0.833,,,0.025,,0.097,,0.106,0.163,0.097,0.163,0.133,0.365,0.637,0.34,0.181,0.156,0.135,,0.626,,,,,,,,0.125,0.229,0.121,0.143,0.428,,,,,0.109,0.175,0.56,,,0.551,0.626,,0.145,0.154,0.195,0.64,0.638,0.159,0.14,0.616,0.193,,,0.222,,,,,0.166,,,,0.172,,0.105,,0.168,0.118,0.117,0.096,,,,0.43,0.087,,,0.127,0.118
162,14075820,,0.568,0.57,,,,0.265,,,,,0.097,0.181,,0.235,0.129,,0.154,,,,,,,,0.408,,0.402,0.203,,,0.096,,0.384,0.271,,,,0.104,0.126,0.166,,,,0.078,0.499,0.52,0.498,,,,0.241,,0.096,,,,,,0.224,0.163,,,,0.203,0.16,0.053,0.122,,,,0.102,0.174,0.158,,0.395,,,,,,0.098,,,,,0.138,0.073,0.474,0.414,0.034,0.101,0.485,0.306,0.415,0.071,0.191,0.14,,,0.2,,,0.091,0.038,0.048,,0.049,0.208,,,,,,,,0.207,,0.094,0.84,,,0.025,,0.098,,0.105,0.163,0.095,0.163,0.133,0.365,0.65,0.336,0.187,0.155,0.134,,0.626,,,,,,,,0.124,0.229,0.12,0.143,0.428,,,,,0.109,0.175,0.561,,,0.551,0.626,,0.146,0.154,0.195,0.641,0.638,0.159,0.14,0.615,0.193,,,0.223,,,,,0.166,,,,0.172,,0.105,,0.161,0.117,0.117,0.096,,,,0.432,0.086,,,0.127,0.118
162,14075880,,0.568,0.57,,,,0.265,,,,,0.084,0.185,,0.235,0.136,,0.154,,,,,,,,0.408,,0.416,0.203,,,0.097,,0.386,0.272,,,,0.104,0.125,0.164,,,,0.078,0.499,0.52,0.498,,,,0.241,,0.096,,,,,,0.218,0.163,,,,0.203,0.16,0.053,0.123,,,,0.101,0.174,0.158,,0.394,,,,,,0.098,,,,,0.14,0.072,0.473,0.409,0.034,0.101,0.475,0.304,0.416,0.071,0.192,0.142,,,0.2,,,0.092,0.029,0.02,,0.078,0.208,,,,,,,,0.209,,0.097,0.85,,,0.025,,0.096,,0.105,0.163,0.095,0.163,0.133,0.365,0.627,0.333,0.187,0.156,0.134,,0.626,,,,,,,,0.124,0.229,0.12,0.143,0.424,,,,,0.109,0.175,0.561,,,0.551,0.627,,0.145,0.154,0.195,0.641,0.638,0.159,0.14,0.613,0.193,,,0.223,,,,,0.168,,,,0.172,,0.104,,0.16,0.118,0.117,0.094,,,,0.432,0.086,,,0.127,0.118
162,14075940,,0.568,0.57,,,,0.265,,,,,0.087,0.186,,0.236,0.149,,0.154,,,,,,,,0.408,,0.425,0.203,,,0.098,,0.387,0.271,,,,0.104,0.126,0.165,,,,0.078,0.498,0.52,0.498,,,,0.241,,0.094,,,,,,0.221,0.164,,,,0.203,0.16,0.053,0.124,,,,0.102,0.174,0.158,,0.393,,,,,,0.098,,,,,0.141,0.071,0.481,0.405,0.034,0.101,0.491,0.305,0.417,0.071,0.191,0.144,,,0.2,,,0.092,0.036,0.016,,0.05,0.207,,,,,,,,0.213,,0.095,0.852,,,0.025,,0.097,,0.105,0.163,0.096,0.162,0.132,0.365,0.633,0.365,0.19,0.156,0.134,,0.626,,,,,,,,0.131,0.23,0.119,0.143,0.423,,,,,0.109,0.175,0.561,,,0.551,0.627,,0.144,0.155,0.195,0.64,0.638,0.159,0.14,0.61,0.19,,,0.222,,,,,0.167,,,,0.172,,0.105,,0.159,0.119,0.117,0.093,,,,0.432,0.086,,,0.127,0.118
162,14076000,,0.569,0.57,,,,0.265,,,,,0.085,0.158,,0.236,0.15,,0.154,,,,,,,,0.409,,0.413,0.203,,,0.097,,0.387,0.268,,,,0.106,0.126,0.167,,,,0.078,0.5,0.52,0.498,,,,0.241,,0.095,,,,,,0.22,0.164,,,,0.203,0.162,0.053,0.122,,,,0.103,0.181,0.169,,0.424,,,,,,0.097,,,,,0.145,0.071,0.499,0.429,0.034,0.101,0.308,0.308,0.417,0.071,0.193,0.143,,,0.2,,,0.093,0.039,0.016,,0.063,0.214,,,,,,,,0.207,,0.094,0.852,,,0.025,,0.097,,0.104,0.163,0.095,0.164,0.131,0.365,0.641,0.354,0.185,0.156,0.134,,0.626,,,,,,,,0.254,0.244,0.118,0.143,0.433,,,,,0.111,0.176,0.561,,,0.551,0.627,,0.144,0.153,0.195,0.64,0.638,0.159,0.14,0.606,0.191,,,0.222,,,,,0.165,,,,0.177,,0.106,,0.159,0.119,0.117,0.093,,,,0.432,0.086,,,0.127,0.119
162,14076060,,0.569,0.57,,,,0.265,,,,,0.06,0.172,,0.235,0.156,,0.154,,,,,,,,0.409,,0.419,0.203,,,0.097,,0.387,0.267,,,,0.106,0.125,0.167,,,,0.078,0.5,0.52,0.498,,,,0.241,,0.096,,,,,,0.224,0.164,,,,0.203,0.162,0.053,0.123,,,,0.103,0.175,0.163,,0.424,,,,,,0.097,,,,,0.155,0.071,0.513,0.478,0.034,0.101,0.365,0.329,0.164,0.071,0.199,0.143,,,0.2,,,0.093,0.036,0.024,,0.066,0.214,,,,,,,,0.219,,0.094,0.853,,,0.025,,0.098,,0.104,0.169,0.095,0.163,0.131,0.365,0.649,0.346,0.185,0.156,0.135,,0.626,,,,,,,,0.253,0.238,0.118,0.143,0.436,,,,,0.111,0.176,0.561,,,0.551,0.627,,0.145,0.153,0.195,0.64,0.638,0.159,0.14,0.595,0.191,,,0.22,,,,,0.166,,,,0.172,,0.105,,0.158,0.116,0.117,0.093,,,,0.434,0.086,,,0.127,0.118
162,14076120,,0.569,0.57,,,,0.265,,,,,0.063,0.159,,0.235,0.149,,0.154,,,,,,,,0.409,,0.429,0.204,,,0.097,,0.384,0.264,,,,0.106,0.125,0.166,,,,0.078,0.5,0.52,0.498,,,,0.241,,0.096,,,,,,0.215,0.164,,,,0.203,0.162,0.053,0.123,,,,0.103,0.174,0.159,,0.417,,,,,,0.098,,,,,0.158,0.071,0.371,0.475,0.034,0.101,0.406,0.341,0.342,0.071,0.202,0.147,,,0.2,,,0.092,0.037,0.019,,0.051,0.214,,,,,,,,0.22,,0.095,0.863,,,0.025,,0.096,,0.105,0.171,0.096,0.163,0.132,0.365,0.644,0.355,0.18,0.156,0.135,,0.626,,,,,,,,0.244,0.234,0.118,0.143,0.435,,,,,0.109,0.176,0.56,,,0.551,0.627,,0.145,0.153,0.195,0.641,0.638,0.159,0.14,0.598,0.188,,,0.219,,,,,0.166,,,,0.171,,0.105,,0.157,0.117,0.119,0.093,,,,0.434,0.086,,,0.127,0.118
162,14076180,,0.569,0.57,,,,0.265,,,,,0.069,0.157,,0.233,0.151,,0.154,,,,,,,,0.409,,0.434,0.203,,,0.096,,0.381,0.263,,,,0.106,0.125,0.165,,,,0.078,0.5,0.52,0.498,,,,0.241,,0.096,,,,,,0.218,0.162,,,,0.203,0.161,0.053,0.123,,,,0.103,0.174,0.159,,0.41,,,,,,0.097,,,,,0.159,0.071,0.299,0.491,0.034,0.101,0.407,0.355,0.45,0.071,0.207,0.149,,,0.2,,,0.092,0.033,0.016,,0.054,0.214,,,,,,,,0.202,,0.096,0.861,,,0.025,,0.097,,0.104,0.163,0.096,0.163,0.131,0.365,0.633,0.347,0.185,0.157,0.134,,0.626,,,,,,,,0.241,0.234,0.117,0.143,0.434,,,,,0.109,0.176,0.56,,,0.551,0.627,,0.145,0.153,0.195,0.641,0.638,0.159,0.14,0.611,0.186,,,0.22,,,,,0.167,,,,0.169,,0.105,,0.157,0.118,0.119,0.093,,,,0.432,0.087,,,0.127,0.118
162,14076240,,0.569,0.571,,,,0.265,,,,,0.063,0.155,,0.233,0.159,,0.154,,,,,,,,0.407,,0.436,0.203,,,0.095,,0.381,0.265,,,,0.106,0.125,0.165,,,,0.078,0.5,0.52,0.498,,,,0.241,,0.095,,,,,,0.213,0.162,,,,0.203,0.163,0.053,0.123,,,,0.104,0.175,0.159,,0.401,,,,,,0.096,,,,,0.16,0.071,0.34,0.488,0.034,0.101,0.408,0.352,0.456,0.071,0.211,0.151,,,0.2,,,0.092,0.04,0.026,,0.078,0.213,,,,,,,,0.2,,0.096,0.854,,,0.024,,0.098,,0.104,0.163,0.097,0.163,0.132,0.365,0.632,0.333,0.184,0.156,0.134,,0.626,,,,,,,,0.24,0.234,0.117,0.143,0.432,,,,,0.109,0.176,0.528,,,0.552,0.627,,0.145,0.154,0.195,0.64,0.638,0.159,0.14,0.613,0.184,,,0.22,,,,,0.166,,,,0.17,,0.105,,0.156,0.116,0.117,0.094,,,,0.433,0.087,,,0.127,0.118
162,14076300,,0.569,0.571,,,,0.265,,,,,0.065,0.148,,0.233,0.157,,0.154,,,,,,,,0.407,,0.434,0.203,,,0.097,,0.379,0.267,,,,0.106,0.126,0.166,,,,0.079,0.498,0.52,0.498,,,,0.241,,0.096,,,,,,0.221,0.163,,,,0.203,0.163,0.053,0.122,,,,0.104,0.175,0.159,,0.398,,,,,,0.097,,,,,0.156,0.071,0.316,0.481,0.034,0.101,0.44,0.346,0.473,0.071,0.211,0.156,,,0.2,,,0.092,0.038,0.02,,0.052,0.213,,,,,,,,0.204,,0.097,0.852,,,0.024,,0.097,,0.104,0.164,0.095,0.163,0.132,0.365,0.634,0.347,0.185,0.156,0.135,,0.627,,,,,,,,0.243,0.234,0.117,0.143,0.433,,,,,0.109,0.176,0.529,,,0.552,0.627,,0.145,0.155,0.195,0.64,0.638,0.159,0.14,0.618,0.182,,,0.221,,,,,0.166,,,,0.17,,0.105,,0.154,0.117,0.118,0.094,,,,0.434,0.086,,,0.127,0.118
162,14076360,,0.569,0.571,,,,0.265,,,,,0.072,0.165,,0.235,0.162,,0.154,,,,,,,,0.408,,0.435,0.203,,,0.097,,0.377,0.27,,,,0.106,0.127,0.164,,,,0.079,0.498,0.52,0.498,,,,0.241,,0.096,,,,,,0.24,0.163,,,,0.203,0.163,0.053,0.123,,,,0.103,0.175,0.159,,0.398,,,,,,0.098,,,,,0.155,0.071,0.348,0.469,0.034,0.101,0.453,0.338,0.469,0.071,0.206,0.149,,,0.2,,,0.092,0.039,0.025,,0.066,0.213,,,,,,,,0.201,,0.096,0.849,,,0.024,,0.098,,0.105,0.181,0.096,0.162,0.132,0.365,0.63,0.36,0.181,0.158,0.141,,0.627,,,,,,,,0.245,0.234,0.117,0.143,0.432,,,,,0.109,0.176,0.531,,,0.552,0.627,,0.145,0.155,0.195,0.64,0.638,0.159,0.14,0.62,0.181,,,0.218,,,,,0.167,,,,0.169,,0.105,,0.16,0.118,0.117,0.108,,,,0.434,0.087,,,0.127,0.118
162,14076420,,0.569,0.57,,,,0.265,,,,,0.063,0.136,,0.236,0.159,,0.154,,,,,,,,0.409,,0.431,0.203,,,0.096,,0.37,0.27,,,,0.106,0.126,0.165,,,,0.079,0.499,0.52,0.498,,,,0.241,,0.095,,,,,,0.222,0.161,,,,0.203,0.162,0.053,0.123,,,,0.103,0.174,0.158,,0.4,,,,,,0.098,,,,,0.152,0.071,0.369,0.48,0.034,0.102,0.457,0.334,0.473,0.071,0.205,0.146,,,0.2,,,0.093,0.039,0.019,,0.1,0.212,,,,,,,,0.207,,0.096,0.851,,,0.024,,0.098,,0.104,0.181,0.097,0.163,0.132,0.365,0.637,0.339,0.182,0.156,0.142,,0.627,,,,,,,,0.24,0.235,0.117,0.143,0.434,,,,,0.109,0.175,0.531,,,0.552,0.627,,0.145,0.155,0.195,0.64,0.638,0.159,0.14,0.616,0.18,,,0.218,,,,,0.168,,,,0.169,,0.105,,0.157,0.118,0.119,0.107,,,,0.434,0.087,,,0.127,0.117
162,14076480,,0.569,0.571,,,,0.265,,,,,0.065,0.063,,0.236,0.158,,0.154,,,,,,,,0.408,,0.432,0.203,,,0.096,,0.367,0.269,,,,0.105,0.125,0.165,,,,0.079,0.499,0.52,0.498,,,,0.241,,0.096,,,,,,0.215,0.161,,,,0.203,0.163,0.053,0.122,,,,0.103,0.174,0.158,,0.4,,,,,,0.097,,,,,0.151,0.071,0.375,0.497,0.038,0.102,0.465,0.325,0.475,0.071,0.2,0.144,,,0.2,,,0.093,0.046,0.021,,0.05,0.212,,,,,,,,0.203,,0.095,0.852,,,0.025,,0.098,,0.106,0.184,0.097,0.162,0.131,0.365,0.612,0.358,0.182,0.156,0.142,,0.627,,,,,,,,0.242,0.236,0.117,0.143,0.428,,,,,0.109,0.175,0.528,,,0.552,0.627,,0.146,0.155,0.195,0.64,0.638,0.159,0.14,0.608,0.181,,,0.214,,,,,0.167,,,,0.169,,0.105,,0.157,0.118,0.118,0.104,,,,0.434,0.086,,,0.127,0.117
162,14076540,,0.569,0.571,,,,0.265,,,,,0.064,0.054,,0.236,0.148,,0.154,,,,,,,,0.409,,0.435,0.203,,,0.098,,0.368,0.269,,,,0.105,0.125,0.166,,,,0.079,0.498,0.52,0.498,,,,0.241,,0.096,,,,,,0.211,0.161,,,,0.203,0.163,0.054,0.122,,,,0.105,0.174,0.159,,0.396,,,,,,0.098,,,,,0.149,0.071,0.412,0.499,0.039,0.102,0.468,0.32,0.481,0.071,0.202,0.148,,,0.2,,,0.092,0.046,0.022,,0.05,0.212,,,,,,,,0.203,,0.095,0.854,,,0.024,,0.099,,0.106,0.168,0.096,0.162,0.128,0.365,0.623,0.373,0.179,0.157,0.137,,0.627,,,,,,,,0.223,0.236,0.117,0.143,0.427,,,,,0.109,0.175,0.528,,,0.552,0.627,,0.146,0.156,0.195,0.64,0.638,0.159,0.14,0.599,0.181,,,0.216,,,,,0.165,,,,0.17,,0.104,,0.156,0.118,0.117,0.098,,,,0.436,0.087,,,0.127,0.117
162,14076600,,0.568,0.571,,,,0.265,,,,,0.077,0.084,,0.236,0.146,,0.154,,,,,,,,0.409,,0.434,0.203,,,0.099,,0.369,0.269,,,,0.105,0.125,0.165,,,,0.079,0.499,0.52,0.498,,,,0.241,,0.096,,,,,,0.223,0.161,,,,0.203,0.164,0.054,0.122,,,,0.103,0.174,0.159,,0.399,,,,,,0.098,,,,,0.147,0.071,0.428,0.509,0.039,0.102,0.461,0.327,0.482,0.071,0.199,0.15,,,0.2,,,0.092,0.043,0.018,,0.049,0.211,,,,,,,,0.212,,0.095,0.85,,,0.025,,0.098,,0.107,0.168,0.097,0.162,0.132,0.365,0.645,0.367,0.182,0.157,0.135,,0.627,,,,,,,,0.213,0.237,0.117,0.143,0.431,,,,,0.109,0.175,0.531,,,0.552,0.628,,0.146,0.156,0.196,0.64,0.638,0.159,0.14,0.606,0.183,,,0.218,,,,,0.167,,,,0.175,,0.104,,0.151,0.118,0.118,0.095,,,,0.437,0.087,,,0.127,0.117
162,14076660,,0.569,0.571,,,,0.265,,,,,0.066,0.109,,0.236,0.138,,0.154,,,,,,,,0.409,,0.422,0.204,,,0.097,,0.369,0.27,,,,0.105,0.125,0.166,,,,0.079,0.499,0.52,0.498,,,,0.241,,0.095,,,,,,0.214,0.16,,,,0.203,0.163,0.054,0.122,,,,0.103,0.174,0.158,,0.4,,,,,,0.097,,,,,0.146,0.071,0.439,0.513,0.039,0.102,0.473,0.322,0.485,0.071,0.202,0.143,,,0.2,,,0.093,0.05,0.045,,0.078,0.211,,,,,,,,0.215,,0.097,0.854,,,0.025,,0.098,,0.105,0.168,0.098,0.163,0.129,0.365,0.629,0.381,0.182,0.157,0.135,,0.627,,,,,,,,0.207,0.237,0.117,0.143,0.432,,,,,0.109,0.175,0.531,,,0.552,0.628,,0.148,0.156,0.196,0.641,0.638,0.159,0.14,0.614,0.184,,,0.218,,,,,0.166,,,,0.173,,0.105,,0.149,0.118,0.118,0.096,,,,0.437,0.087,,,0.127,0.117
162,14076720,,0.569,0.571,,,,0.265,,,,,0.065,0.108,,0.235,0.148,,0.154,,,,,,,,0.409,,0.414,0.204,,,0.097,,0.369,0.271,,,,0.105,0.125,0.166,,,,0.079,0.499,0.52,0.499,,,,0.241,,0.096,,,,,,0.215,0.159,,,,0.203,0.163,0.054,0.122,,,,0.104,0.174,0.158,,0.403,,,,,,0.096,,,,,0.147,0.071,0.446,0.526,0.039,0.102,0.47,0.32,0.485,0.071,0.2,0.141,,,0.2,,,0.092,0.043,0.02,,0.049,0.211,,,,,,,,0.207,,0.096,0.856,,,0.025,,0.098,,0.105,0.163,0.096,0.162,0.132,0.365,0.633,0.363,0.182,0.158,0.135,,0.626,,,,,,,,0.205,0.237,0.117,0.143,0.433,,,,,0.109,0.175,0.532,,,0.552,0.628,,0.149,0.156,0.197,0.641,0.638,0.159,0.14,0.608,0.183,,,0.219,,,,,0.165,,,,0.17,,0.105,,0.146,0.119,0.118,0.095,,,,0.437,0.086,,,0.127,0.117
162,14076780,,0.569,0.571,,,,0.265,,,,,0.065,0.125,,0.235,0.154,,0.154,,,,,,,,0.41,,0.432,0.204,,,0.097,,0.37,0.272,,,,0.105,0.126,0.166,,,,0.078,0.499,0.52,0.498,,,,0.241,,0.097,,,,,,0.216,0.159,,,,0.203,0.161,0.054,0.122,,,,0.105,0.174,0.158,,0.4,,,,,,0.097,,,,,0.147,0.07,0.45,0.527,0.039,0.102,0.467,0.32,0.487,0.071,0.198,0.141,,,0.2,,,0.092,0.057,0.086,,0.128,0.21,,,,,,,,0.211,,0.097,0.853,,,0.025,,0.099,,0.106,0.163,0.097,0.162,0.132,0.365,0.637,0.371,0.188,0.156,0.134,,0.626,,,,,,,,0.204,0.237,0.117,0.143,0.434,,,,,0.109,0.175,0.532,,,0.552,0.628,,0.145,0.155,0.197,0.641,0.638,0.159,0.14,0.603,0.181,,,0.223,,,,,0.168,,,,0.168,,0.105,,0.148,0.117,0.118,0.093,,,,0.436,0.088,,,0.127,0.119
162,14076840,,0.569,0.571,,,,0.265,,,,,0.064,0.109,,0.235,0.147,,0.154,,,,,,,,0.408,,0.435,0.204,,,0.098,,0.37,0.27,,,,0.105,0.125,0.165,,,,0.078,0.499,0.52,0.499,,,,0.241,,0.097,,,,,,0.21,0.158,,,,0.203,0.161,0.054,0.122,,,,0.103,0.174,0.158,,0.4,,,,,,0.097,,,,,0.142,0.07,0.452,0.52,0.039,0.102,0.478,0.317,0.488,0.071,0.195,0.143,,,0.2,,,0.092,0.046,0.023,,0.051,0.21,,,,,,,,0.205,,0.096,0.85,,,0.025,,0.098,,0.106,0.163,0.097,0.163,0.132,0.365,0.643,0.377,0.183,0.157,0.135,,0.627,,,,,,,,0.202,0.238,0.117,0.143,0.429,,,,,0.109,0.175,0.533,,,0.552,0.628,,0.146,0.156,0.197,0.64,0.638,0.159,0.141,0.601,0.184,,,0.224,,,,,0.168,,,,0.169,,0.105,,0.147,0.118,0.118,0.093,,,,0.437,0.087,,,0.127,0.119
162,14076900,,0.569,0.571,,,,0.265,,,,,0.075,0.135,,0.235,0.125,,0.154,,,,,,,,0.408,,0.434,0.204,,,0.097,,0.371,0.27,,,,0.105,0.125,0.166,,,,0.078,0.5,0.52,0.499,,,,0.241,,0.096,,,,,,0.217,0.159,,,,0.203,0.161,0.054,0.122,,,,0.104,0.174,0.158,,0.402,,,,,,0.096,,,,,0.145,0.071,0.451,0.523,0.039,0.102,0.469,0.314,0.488,0.071,0.194,0.146,,,0.2,,,0.093,0.048,0.025,,0.11,0.209,,,,,,,,0.21,,0.097,0.851,,,0.025,,0.098,,0.105,0.164,0.098,0.164,0.133,0.365,0.657,0.384,0.181,0.157,0.135,,0.627,,,,,,,,0.202,0.239,0.117,0.143,0.429,,,,,0.109,0.175,0.533,,,0.552,0.628,,0.146,0.155,0.196,0.64,0.638,0.159,0.142,0.609,0.186,,,0.225,,,,,0.167,,,,0.172,,0.105,,0.147,0.118,0.119,0.093,,,,0.435,0.086,,,0.127,0.119
162,14076960,,0.568,0.571,,,,0.265,,,,,0.078,0.135,,0.235,0.139,,0.154,,,,,,,,0.408,,0.435,0.203,,,0.096,,0.371,0.269,,,,0.105,0.125,0.166,,,,0.079,0.5,0.52,0.499,,,,0.241,,0.096,,,,,,0.211,0.16,,,,0.203,0.161,0.054,0.122,,,,0.103,0.173,0.158,,0.4,,,,,,0.097,,,,,0.142,0.071,0.453,0.529,0.039,0.102,0.477,0.315,0.491,0.071,0.197,0.148,,,0.2,,,0.093,0.041,0.024,,0.055,0.209,,,,,,,,0.215,,0.096,0.855,,,0.025,,0.098,,0.105,0.164,0.097,0.163,0.133,0.365,0.664,0.392,0.187,0.157,0.134,,0.627,,,,,,,,0.201,0.24,0.117,0.143,0.428,,,,,0.109,0.175,0.533,,,0.552,0.628,,0.149,0.156,0.196,0.641,0.638,0.159,0.142,0.625,0.186,,,0.227,,,,,0.168,,,,0.169,,0.105,,0.147,0.118,0.119,0.094,,,,0.436,0.088,,,0.127,0.119
162,14077020,,0.568,0.57,,,,0.265,,,,,0.066,0.129,,0.233,0.139,,0.154,,,,,,,,0.409,,0.429,0.204,,,0.097,,0.371,0.269,,,,0.105,0.125,0.166,,,,0.079,0.5,0.52,0.498,,,,0.241,,0.097,,,,,,0.226,0.159,,,,0.203,0.161,0.054,0.123,,,,0.103,0.174,0.158,,0.395,,,,,,0.097,,,,,0.14,0.071,0.455,0.52,0.04,0.102,0.474,0.313,0.494,0.071,0.194,0.142,,,0.2,,,0.092,0.044,0.019,,0.048,0.208,,,,,,,,0.218,,0.097,0.845,,,0.025,,0.099,,0.105,0.163,0.097,0.163,0.133,0.365,0.654,0.369,0.184,0.156,0.135,,0.627,,,,,,,,0.199,0.24,0.117,0.143,0.431,,,,,0.109,0.175,0.533,,,0.552,0.628,,0.149,0.156,0.196,0.641,0.638,0.159,0.141,0.621,0.188,,,0.228,,,,,0.166,,,,0.168,,0.105,,0.15,0.117,0.119,0.095,,,,0.434,0.087,,,0.127,0.119
162,14077080,,0.569,0.571,,,,0.265,,,,,0.066,0.144,,0.233,0.143,,0.154,,,,,,,,0.407,,0.42,0.204,,,0.097,,0.371,0.27,,,,0.105,0.125,0.167,,,,0.079,0.5,0.52,0.498,,,,0.241,,0.098,,,,,,0.219,0.158,,,,0.203,0.161,0.054,0.123,,,,0.103,0.174,0.158,,0.393,,,,,,0.098,,,,,0.141,0.07,0.459,0.518,0.04,0.102,0.47,0.311,0.495,0.071,0.198,0.143,,,0.2,,,0.092,0.054,0.021,,0.067,0.208,,,,,,,,0.237,,0.095,0.852,,,0.025,,0.098,,0.105,0.163,0.098,0.163,0.133,0.365,0.664,0.37,0.182,0.157,0.135,,0.627,,,,,,,,0.198,0.24,0.117,0.143,0.432,,,,,0.109,0.175,0.534,,,0.552,0.628,,0.149,0.156,0.196,0.641,0.638,0.159,0.142,0.612,0.188,,,0.227,,,,,0.166,,,,0.169,,0.105,,0.153,0.118,0.12,0.095,,,,0.434,0.087,,,0.127,0.119
162,14077140,,0.569,0.571,,,,0.265,,,,,0.083,0.131,,0.234,0.15,,0.154,,,,,,,,0.407,,0.421,0.204,,,0.096,,0.371,0.268,,,,0.105,0.125,0.166,,,,0.08,0.499,0.52,0.498,,,,0.241,,0.096,,,,,,0.213,0.158,,,,0.203,0.161,0.054,0.122,,,,0.102,0.174,0.158,,0.398,,,,,,0.098,,,,,0.142,0.07,0.462,0.517,0.04,0.101,0.477,0.316,0.496,0.071,0.195,0.143,,,0.2,,,0.093,0.07,0.091,,0.047,0.207,,,,,,,,0.216,,0.096,0.855,,,0.025,,0.098,,0.105,0.164,0.099,0.163,0.133,0.365,0.664,0.358,0.187,0.157,0.134,,0.627,,,,,,,,0.196,0.241,0.117,0.143,0.433,,,,,0.109,0.175,0.534,,,0.552,0.628,,0.149,0.156,0.196,0.641,0.638,0.159,0.141,0.606,0.186,,,0.224,,,,,0.166,,,,0.171,,0.105,,0.155,0.119,0.119,0.095,,,,0.432,0.087,,,0.127,0.119
162,14077200,,0.568,0.571,,,,0.265,,,,,0.068,0.109,,0.233,0.158,,0.154,,,,,,,,0.407,,0.428,0.204,,,0.097,,0.371,0.266,,,,0.105,0.125,0.166,,,,0.08,0.499,0.52,0.498,,,,0.241,,0.097,,,,,,0.215,0.159,,,,0.203,0.161,0.054,0.123,,,,0.103,0.174,0.158,,0.398,,,,,,0.097,,,,,0.143,0.07,0.463,0.516,0.04,0.101,0.474,0.315,0.497,0.071,0.192,0.146,,,0.2,,,0.093,0.06,0.087,,0.109,0.207,,,,,,,,0.215,,0.096,0.858,,,0.025,,0.099,,0.105,0.163,0.096,0.162,0.133,0.365,0.662,0.354,0.181,0.156,0.134,,0.627,,,,,,,,0.196,0.242,0.117,0.143,0.434,,,,,0.109,0.175,0.534,,,0.552,0.628,,0.146,0.156,0.195,0.64,0.638,0.159,0.141,0.609,0.185,,,0.22,,,,,0.167,,,,0.175,,0.105,,0.157,0.12,0.119,0.094,,,,0.435,0.088,,,0.127,0.119
162,14077260,,0.569,0.57,,,,0.265,,,,,0.068,0.114,,0.233,0.15,,0.154,,,,,,,,0.408,,0.429,0.203,,,0.097,,0.371,0.266,,,,0.105,0.125,0.166,,,,0.079,0.498,0.52,0.499,,,,0.241,,0.097,,,,,,0.212,0.159,,,,0.203,0.161,0.054,0.121,,,,0.103,0.174,0.158,,0.4,,,,,,0.098,,,,,0.142,0.07,0.464,0.52,0.04,0.101,0.479,0.313,0.498,0.071,0.193,0.145,,,0.2,,,0.092,0.069,0.091,,0.379,0.206,,,,,,,,0.213,,0.097,0.859,,,0.025,,0.098,,0.105,0.163,0.097,0.163,0.133,0.365,0.658,0.367,0.177,0.157,0.135,,0.627,,,,,,,,0.195,0.242,0.117,0.143,0.433,,,,,0.109,0.175,0.534,,,0.552,0.628,,0.146,0.157,0.196,0.64,0.638,0.159,0.141,0.614,0.183,,,0.219,,,,,0.168,,,,0.174,,0.105,,0.162,0.119,0.12,0.094,,,,0.436,0.087,,,0.127,0.12
162,14077320,,0.569,0.571,,,,0.265,,,,,0.068,0.131,,0.235,0.138,,0.154,,,,,,,,0.408,,0.436,0.203,,,0.098,,0.372,0.268,,,,0.104,0.125,0.167,,,,0.079,0.499,0.521,0.499,,,,0.241,,0.095,,,,,,0.205,0.158,,,,0.203,0.162,0.054,0.123,,,,0.103,0.173,0.158,,0.399,,,,,,0.097,,,,,0.141,0.07,0.465,0.524,0.04,0.101,0.477,0.309,0.502,0.071,0.194,0.14,,,0.2,,,0.093,0.043,0.029,,0.047,0.206,,,,,,,,0.205,,0.096,0.86,,,0.025,,0.098,,0.104,0.163,0.097,0.164,0.133,0.365,0.661,0.376,0.18,0.157,0.135,,0.626,,,,,,,,0.192,0.243,0.117,0.143,0.433,,,,,0.109,0.175,0.534,,,0.552,0.628,,0.146,0.156,0.196,0.641,0.638,0.159,0.141,0.622,0.183,,,0.221,,,,,0.167,,,,0.171,,0.104,,0.161,0.119,0.12,0.094,,,,0.436,0.087,,,0.127,0.12
162,14077380,,0.569,0.571,,,,0.265,,,,,0.069,0.115,,0.235,0.142,,0.154,,,,,,,,0.408,,0.437,0.203,,,0.096,,0.372,0.269,,,,0.104,0.125,0.165,,,,0.08,0.499,0.52,0.499,,,,0.241,,0.096,,,,,,0.203,0.158,,,,0.203,0.162,0.054,0.122,,,,0.103,0.174,0.158,,0.395,,,,,,0.097,,,,,0.144,0.07,0.464,0.513,0.04,0.101,0.482,0.306,0.503,0.071,0.193,0.143,,,0.2,,,0.093,0.049,0.017,,0.087,0.205,,,,,,,,0.213,,0.097,0.861,,,0.025,,0.098,,0.105,0.164,0.098,0.164,0.134,0.365,0.665,0.359,0.179,0.157,0.135,,0.627,,,,,,,,0.189,0.243,0.117,0.143,0.433,,,,,0.109,0.175,0.534,,,0.552,0.628,,0.147,0.156,0.195,0.64,0.638,0.159,0.141,0.619,0.182,,,0.223,,,,,0.167,,,,0.169,,0.104,,0.162,0.12,0.118,0.093,,,,0.436,0.087,,,0.127,0.12
162,14077440,,0.569,0.571,,,,0.265,,,,,0.069,0.098,,0.235,0.151,,0.154,,,,,,,,0.407,,0.427,0.203,,,0.096,,0.372,0.269,,,,0.104,0.125,0.166,,,,0.08,0.499,0.52,0.499,,,,0.241,,0.096,,,,,,0.21,0.158,,,,0.203,0.163,0.054,0.123,,,,0.103,0.174,0.158,,0.395,,,,,,0.097,,,,,0.142,0.07,0.461,0.523,0.039,0.101,0.471,0.308,0.504,0.071,0.194,0.14,,,0.2,,,0.092,0.038,0.014,,0.052,0.205,,,,,,,,0.212,,0.098,0.861,,,0.025,,0.098,,0.106,0.164,0.097,0.164,0.134,0.365,0.663,0.368,0.18,0.158,0.135,,0.627,,,,,,,,0.187,0.244,0.117,0.143,0.433,,,,,0.109,0.175,0.535,,,0.552,0.628,,0.144,0.156,0.196,0.641,0.638,0.159,0.141,0.614,0.186,,,0.221,,,,,0.169,,,,0.169,,0.104,,0.155,0.118,0.118,0.093,,,,0.435,0.087,,,0.127,0.12
162,14077500,,0.569,0.571,,,,0.265,,,,,0.083,0.132,,0.235,0.135,,0.154,,,,,,,,0.408,,0.434,0.203,,,0.098,,0.372,0.267,,,,0.104,0.127,0.167,,,,0.08,0.499,0.52,0.499,,,,0.241,,0.096,,,,,,0.214,0.159,,,,0.203,0.163,0.053,0.123,,,,0.102,0.174,0.158,,0.397,,,,,,0.098,,,,,0.139,0.07,0.466,0.514,0.039,0.101,0.476,0.313,0.505,0.071,0.195,0.142,,,0.2,,,0.092,0.04,0.015,,0.079,0.204,,,,,,,,0.216,,0.095,0.859,,,0.025,,0.099,,0.106,0.164,0.097,0.164,0.133,0.365,0.653,0.357,0.181,0.158,0.134,,0.627,,,,,,,,0.184,0.244,0.117,0.143,0.436,,,,,0.109,0.175,0.535,,,0.553,0.628,,0.145,0.156,0.195,0.641,0.638,0.159,0.14,0.607,0.185,,,0.223,,,,,0.167,,,,0.17,,0.104,,0.147,0.119,0.118,0.103,,,,0.436,0.087,,,0.127,0.12
162,14077560,,0.569,0.571,,,,0.265,,,,,0.068,0.126,,0.236,0.132,,0.154,,,,,,,,0.408,,0.436,0.204,,,0.096,,0.372,0.266,,,,0.104,0.129,0.167,,,,0.08,0.499,0.52,0.499,,,,0.241,,0.097,,,,,,0.236,0.159,,,,0.203,0.162,0.054,0.123,,,,0.103,0.174,0.158,,0.393,,,,,,0.099,,,,,0.141,0.07,0.47,0.519,0.04,0.101,0.481,0.308,0.505,0.071,0.193,0.141,,,0.2,,,0.093,0.041,0.02,,0.083,0.204,,,,,,,,0.218,,0.095,0.862,,,0.025,,0.098,,0.105,0.163,0.097,0.164,0.132,0.365,0.653,0.348,0.18,0.156,0.134,,0.627,,,,,,,,0.183,0.244,0.117,0.143,0.437,,,,,0.109,0.175,0.535,,,0.553,0.628,,0.144,0.157,0.195,0.641,0.638,0.159,0.14,0.601,0.186,,,0.225,,,,,0.169,,,,0.171,,0.104,,0.147,0.119,0.119,0.107,,,,0.437,0.088,,,0.127,0.12
162,14077620,,0.568,0.57,,,,0.265,,,,,0.07,0.139,,0.236,0.121,,0.154,,,,,,,,0.408,,0.394,0.204,,,0.098,,0.373,0.267,,,,0.104,0.126,0.165,,,,0.079,0.498,0.52,0.499,,,,0.241,,0.097,,,,,,0.219,0.16,,,,0.203,0.163,0.054,0.123,,,,0.103,0.174,0.159,,0.396,,,,,,0.098,,,,,0.144,0.07,0.471,0.511,0.039,0.101,0.475,0.312,0.505,0.071,0.192,0.141,,,0.2,,,0.092,0.036,0.016,,0.067,0.204,,,,,,,,0.21,,0.096,0.858,,,0.025,,0.099,,0.105,0.164,0.096,0.164,0.131,0.365,0.659,0.343,0.18,0.157,0.135,,0.627,,,,,,,,0.181,0.246,0.117,0.143,0.435,,,,,0.109,0.175,0.535,,,0.553,0.628,,0.144,0.157,0.195,0.641,0.638,0.159,0.14,0.603,0.188,,,0.222,,,,,0.168,,,,0.171,,0.104,,0.142,0.119,0.118,0.105,,,,0.437,0.088,,,0.127,0.12
162,14077680,,0.568,0.571,,,,0.265,,,,,0.068,0.136,,0.236,0.131,,0.154,,,,,,,,0.408,,0.412,0.203,,,0.098,,0.373,0.27,,,,0.104,0.126,0.166,,,,0.08,0.498,0.52,0.498,,,,0.241,,0.098,,,,,,0.207,0.16,,,,0.203,0.163,0.054,0.123,,,,0.104,0.175,0.159,,0.4,,,,,,0.098,,,,,0.139,0.07,0.468,0.506,0.039,0.101,0.484,0.307,0.505,0.071,0.19,0.139,,,0.2,,,0.093,0.042,0.015,,0.085,0.204,,,,,,,,0.203,,0.098,0.868,,,0.026,,0.099,,0.106,0.164,0.097,0.165,0.131,0.365,0.661,0.345,0.178,0.157,0.133,,0.627,,,,,,,,0.179,0.248,0.117,0.143,0.434,,,,,0.109,0.175,0.537,,,0.553,0.628,,0.144,0.157,0.195,0.64,0.638,0.159,0.14,0.608,0.187,,,0.218,,,,,0.168,,,,0.171,,0.104,,0.139,0.118,0.119,0.1,,,,0.437,0.088,,,0.127,0.12
162,14077740,,0.569,0.571,,,,0.265,,,,,0.068,0.164,,0.236,0.135,,0.154,,,,,,,,0.408,,0.41,0.204,,,0.099,,0.373,0.272,,,,0.104,0.126,0.166,,,,0.079,0.499,0.52,0.498,,,,0.241,,0.097,,,,,,0.208,0.161,,,,0.203,0.164,0.054,0.123,,,,0.103,0.179,0.162,,0.398,,,,,,0.099,,,,,0.139,0.07,0.468,0.513,0.04,0.101,0.478,0.309,0.505,0.071,0.191,0.14,,,0.2,,,0.093,0.04,0.026,,0.048,0.204,,,,,,,,0.215,,0.096,0.868,,,0.025,,0.099,,0.106,0.164,0.098,0.164,0.131,0.365,0.655,0.338,0.179,0.152,0.135,,0.627,,,,,,,,0.178,0.25,0.117,0.143,0.439,,,,,0.109,0.175,0.537,,,0.553,0.628,,0.144,0.157,0.195,0.64,0.638,0.159,0.14,0.604,0.188,,,0.218,,,,,0.168,,,,0.169,,0.104,,0.14,0.119,0.12,0.097,,,,0.436,0.088,,,0.127,0.12
162,14077800,,0.569,0.571,,,,0.265,,,,,0.069,0.111,,0.235,0.146,,0.154,,,,,,,,0.406,,0.406,0.202,,,0.097,,0.374,0.273,,,,0.106,0.126,0.166,,,,0.079,0.5,0.52,0.498,,,,0.241,,0.097,,,,,,0.212,0.161,,,,0.203,0.164,0.054,0.123,,,,0.103,0.225,0.209,,0.409,,,,,,0.099,,,,,0.14,0.07,0.475,0.522,0.04,0.101,0.473,0.308,0.506,0.071,0.191,0.143,,,0.2,,,0.093,0.038,0.043,,0.107,0.206,,,,,,,,0.207,,0.095,0.874,,,0.025,,0.097,,0.096,0.164,0.097,0.165,0.132,0.365,0.654,0.33,0.176,0.153,0.136,,0.627,,,,,,,,0.15,0.272,0.117,0.143,0.442,,,,,0.109,0.175,0.537,,,0.553,0.628,,0.147,0.157,0.196,0.641,0.638,0.159,0.14,0.615,0.186,,,0.218,,,,,0.166,,,,0.197,,0.105,,0.142,0.12,0.12,0.094,,,,0.436,0.088,,,0.127,0.12
162,14077860,,0.569,0.571,,,,0.265,,,,,0.083,0.114,,0.235,0.158,,0.154,,,,,,,,0.407,,0.425,0.203,,,0.099,,0.374,0.272,,,,0.106,0.126,0.166,,,,0.079,0.5,0.52,0.498,,,,0.241,,0.097,,,,,,0.215,0.162,,,,0.203,0.163,0.054,0.123,,,,0.102,0.227,0.213,,0.41,,,,,,0.098,,,,,0.142,0.07,0.473,0.538,0.039,0.101,0.482,0.303,0.506,0.071,0.192,0.143,,,0.2,,,0.094,0.1,0.226,,0.049,0.206,,,,,,,,0.204,,0.096,0.875,,,0.025,,0.098,,0.098,0.164,0.097,0.166,0.131,0.365,0.649,0.334,0.178,0.153,0.134,,0.627,,,,,,,,0.159,0.269,0.116,0.143,0.437,,,,,0.11,0.175,0.537,,,0.553,0.628,,0.147,0.157,0.196,0.641,0.638,0.159,0.14,0.617,0.185,,,0.223,,,,,0.167,,,,0.201,,0.104,,0.15,0.12,0.119,0.094,,,,0.437,0.088,,,0.127,0.12
162,14077920,,0.569,0.571,,,,0.265,,,,,0.073,0.152,,0.235,0.157,,0.154,,,,,,,,0.407,,0.412,0.203,,,0.099,,0.374,0.273,,,,0.107,0.126,0.166,,,,0.079,0.501,0.52,0.498,,,,0.241,,0.097,,,,,,0.205,0.162,,,,0.203,0.166,0.054,0.124,,,,0.104,0.22,0.209,,0.406,,,,,,0.098,,,,,0.14,0.07,0.475,0.535,0.039,0.101,0.478,0.304,0.506,0.071,0.192,0.141,,,0.2,,,0.093,0.122,0.16,,0.067,0.206,,,,,,,,0.21,,0.098,0.875,,,0.025,,0.098,,0.097,0.164,0.098,0.165,0.13,0.365,0.646,0.319,0.175,0.153,0.133,,0.627,,,,,,,,0.156,0.257,0.116,0.143,0.434,,,,,0.109,0.175,0.538,,,0.553,0.628,,0.146,0.157,0.196,0.641,0.638,0.159,0.14,0.613,0.186,,,0.228,,,,,0.169,,,,0.201,,0.105,,0.164,0.118,0.119,0.094,,,,0.438,0.088,,,0.127,0.119
162,14077980,,0.568,0.57,,,,0.265,,,,,0.071,0.157,,0.235,0.156,,0.154,,,,,,,,0.407,,0.409,0.203,,,0.099,,0.374,0.271,,,,0.107,0.126,0.168,,,,0.079,0.501,0.52,0.498,,,,0.241,,0.096,,,,,,0.203,0.162,,,,0.203,0.165,0.054,0.123,,,,0.104,0.205,0.2,,0.402,,,,,,0.099,,,,,0.138,0.07,0.477,0.537,0.039,0.101,0.482,0.301,0.506,0.071,0.191,0.141,,,0.2,,,0.093,0.071,0.114,,0.051,0.206,,,,,,,,0.211,,0.097,0.877,,,0.025,,0.098,,0.097,0.165,0.098,0.164,0.131,0.365,0.653,0.344,0.181,0.151,0.134,,0.627,,,,,,,,0.157,0.252,0.116,0.143,0.431,,,,,0.109,0.175,0.538,,,0.553,0.628,,0.147,0.157,0.196,0.64,0.638,0.159,0.14,0.617,0.188,,,0.231,,,,,0.168,,,,0.199,,0.105,,0.164,0.119,0.12,0.093,,,,0.438,0.088,,,0.127,0.119
162,14078040,,0.568,0.571,,,,0.265,,,,,0.069,0.111,,0.235,0.154,,0.154,,,,,,,,0.407,,0.406,0.203,,,0.097,,0.374,0.268,,,,0.106,0.125,0.168,,,,0.079,0.501,0.52,0.498,,,,0.241,,0.096,,,,,,0.206,0.16,,,,0.203,0.165,0.054,0.122,,,,0.103,0.194,0.188,,0.402,,,,,,0.099,,,,,0.138,0.07,0.479,0.539,0.039,0.101,0.486,0.302,0.506,0.071,0.192,0.14,,,0.2,,,0.094,0.048,0.024,,0.053,0.205,,,,,,,,0.213,,0.097,0.868,,,0.025,,0.098,,0.096,0.165,0.098,0.163,0.132,0.365,0.653,0.338,0.177,0.152,0.135,,0.627,,,,,,,,0.158,0.251,0.116,0.143,0.435,,,,,0.109,0.175,0.537,,,0.553,0.628,,0.146,0.156,0.195,0.641,0.638,0.159,0.14,0.622,0.189,,,0.232,,,,,0.168,,,,0.195,,0.105,,0.163,0.119,0.121,0.092,,,,0.438,0.088,,,0.127,0.119
162,14078100,,0.568,0.571,,,,0.265,,,,,0.069,0.133,,0.235,0.155,,0.154,,,,,,,,0.407,,0.395,0.204,,,0.098,,0.374,0.271,,,,0.106,0.125,0.167,,,,0.079,0.498,0.52,0.498,,,,0.241,,0.097,,,,,,0.21,0.16,,,,0.203,0.165,0.054,0.123,,,,0.104,0.191,0.181,,0.403,,,,,,0.098,,,,,0.136,0.07,0.481,0.546,0.039,0.101,0.49,0.303,0.506,0.071,0.189,0.143,,,0.2,,,0.094,0.044,0.026,,0.048,0.205,,,,,,,,0.213,,0.097,0.878,,,0.025,,0.099,,0.097,0.166,0.098,0.164,0.132,0.365,0.654,0.325,0.178,0.153,0.134,,0.627,,,,,,,,0.162,0.253,0.116,0.143,0.436,,,,,0.109,0.175,0.537,,,0.553,0.628,,0.148,0.157,0.195,0.641,0.638,0.159,0.14,0.623,0.188,,,0.23,,,,,0.168,,,,0.19,,0.105,,0.158,0.119,0.121,0.092,,,,0.439,0.088,,,0.127,0.119
162,14078160,,0.568,0.571,,,,0.265,,,,,0.069,0.135,,0.235,0.15,,0.154,,,,,,,,0.407,,0.402,0.203,,,0.099,,0.375,0.271,,,,0.106,0.126,0.167,,,,0.079,0.498,0.52,0.498,,,,0.241,,0.098,,,,,,0.21,0.16,,,,0.203,0.165,0.054,0.123,,,,0.104,0.189,0.179,,0.401,,,,,,0.099,,,,,0.136,0.07,0.478,0.536,0.039,0.101,0.492,0.298,0.507,0.071,0.188,0.139,,,0.2,,,0.093,0.042,0.018,,0.048,0.204,,,,,,,,0.213,,0.097,0.872,,,0.025,,0.099,,0.097,0.166,0.098,0.164,0.129,0.365,0.649,0.333,0.182,0.152,0.134,,0.627,,,,,,,,0.163,0.253,0.116,0.143,0.434,,,,,0.109,0.175,0.537,,,0.553,0.629,,0.148,0.157,0.195,0.641,0.638,0.159,0.14,0.621,0.186,,,0.227,,,,,0.169,,,,0.183,,0.105,,0.156,0.118,0.12,0.092,,,,0.44,0.088,,,0.127,0.119
162,14078220,,0.568,0.57,,,,0.265,,,,,0.07,0.119,,0.235,0.155,,0.154,,,,,,,,0.408,,0.416,0.203,,,0.098,,0.375,0.27,,,,0.106,0.125,0.166,,,,0.079,0.498,0.52,0.498,,,,0.241,,0.097,,,,,,0.207,0.16,,,,0.203,0.165,0.054,0.122,,,,0.103,0.188,0.177,,0.396,,,,,,0.1,,,,,0.136,0.07,0.475,0.538,0.039,0.101,0.49,0.299,0.508,0.071,0.19,0.141,,,0.2,,,0.093,0.049,0.029,,0.048,0.204,,,,,,,,0.211,,0.097,0.876,,,0.025,,0.098,,0.096,0.164,0.098,0.163,0.132,0.365,0.639,0.322,0.178,0.153,0.135,,0.627,,,,,,,,0.177,0.253,0.116,0.143,0.434,,,,,0.109,0.175,0.538,,,0.553,0.629,,0.143,0.157,0.195,0.641,0.638,0.159,0.14,0.617,0.185,,,0.225,,,,,0.169,,,,0.184,,0.104,,0.157,0.118,0.12,0.093,,,,0.44,0.088,,,0.127,0.119
162,14078280,,0.568,0.571,,,,0.265,,,,,0.07,0.139,,0.235,0.158,,0.154,,,,,,,,0.408,,0.403,0.204,,,0.098,,0.375,0.269,,,,0.106,0.126,0.167,,,,0.08,0.499,0.52,0.498,,,,0.241,,0.096,,,,,,0.208,0.161,,,,0.203,0.165,0.054,0.123,,,,0.102,0.187,0.177,,0.396,,,,,,0.1,,,,,0.136,0.07,0.457,0.534,0.039,0.101,0.498,0.3,0.509,0.071,0.19,0.14,,,0.2,,,0.094,0.046,0.028,,0.073,0.203,,,,,,,,0.208,,0.097,0.874,,,0.025,,0.099,,0.096,0.164,0.098,0.163,0.132,0.365,0.617,0.329,0.178,0.153,0.135,,0.627,,,,,,,,0.192,0.254,0.116,0.143,0.436,,,,,0.109,0.175,0.538,,,0.553,0.629,,0.144,0.157,0.195,0.641,0.638,0.159,0.14,0.609,0.184,,,0.228,,,,,0.169,,,,0.181,,0.104,,0.169,0.118,0.119,0.093,,,,0.438,0.088,,,0.127,0.119
162,14078340,,0.568,0.571,,,,0.265,,,,,0.071,0.172,,0.235,0.161,,0.154,,,,,,,,0.408,,0.408,0.204,,,0.099,,0.375,0.269,,,,0.106,0.126,0.166,,,,0.08,0.499,0.52,0.498,,,,0.241,,0.097,,,,,,0.213,0.161,,,,0.203,0.165,0.054,0.123,,,,0.103,0.188,0.178,,0.392,,,,,,0.099,,,,,0.137,0.07,0.466,0.53,0.039,0.101,0.5,0.297,0.508,0.071,0.188,0.137,,,0.2,,,0.094,0.045,0.016,,0.054,0.203,,,,,,,,0.211,,0.097,0.88,,,0.025,,0.099,,0.097,0.166,0.099,0.164,0.132,0.365,0.648,0.311,0.176,0.152,0.134,,0.627,,,,,,,,0.207,0.255,0.116,0.143,0.437,,,,,0.109,0.175,0.538,,,0.553,0.629,,0.145,0.157,0.195,0.641,0.638,0.159,0.14,0.613,0.184,,,0.232,,,,,0.167,,,,0.177,,0.104,,0.171,0.12,0.12,0.095,,,,0.437,0.088,,,0.127,0.119
162,14078400,,0.568,0.571,,,,0.265,,,,,0.072,0.2,,0.233,0.145,,0.154,,,,,,,,0.408,,0.412,0.204,,,0.1,,0.375,0.268,,,,0.106,0.125,0.166,,,,0.079,0.499,0.52,0.498,,,,0.241,,0.098,,,,,,0.215,0.162,,,,0.203,0.166,0.054,0.122,,,,0.104,0.193,0.182,,0.395,,,,,,0.099,,,,,0.139,0.07,0.462,0.529,0.04,0.101,0.498,0.296,0.51,0.071,0.186,0.137,,,0.2,,,0.093,0.053,0.036,,0.072,0.203,,,,,,,,0.211,,0.098,0.871,,,0.026,,0.1,,0.096,0.165,0.099,0.164,0.132,0.365,0.653,0.347,0.182,0.153,0.134,,0.627,,,,,,,,0.224,0.26,0.116,0.143,0.435,,,,,0.109,0.175,0.538,,,0.553,0.629,,0.144,0.157,0.195,0.641,0.638,0.159,0.14,0.62,0.186,,,0.227,,,,,0.167,,,,0.176,,0.105,,0.17,0.118,0.121,0.095,,,,0.436,0.088,,,0.127,0.119
162,14078460,,0.568,0.571,,,,0.265,,,,,0.071,0.184,,0.235,0.147,,0.154,,,,,,,,0.409,,0.419,0.203,,,0.101,,0.376,0.27,,,,0.106,0.126,0.167,,,,0.079,0.499,0.52,0.498,,,,0.241,,0.097,,,,,,0.209,0.162,,,,0.203,0.166,0.054,0.12,,,,0.105,0.186,0.176,,0.396,,,,,,0.1,,,,,0.139,0.07,0.463,0.539,0.04,0.101,0.502,0.295,0.509,0.071,0.185,0.138,,,0.2,,,0.094,0.037,0.02,,0.062,0.203,,,,,,,,0.206,,0.098,0.871,,,0.026,,0.098,,0.096,0.164,0.097,0.163,0.13,0.365,0.647,0.361,0.179,0.153,0.134,,0.627,,,,,,,,0.22,0.256,0.116,0.143,0.435,,,,,0.109,0.175,0.538,,,0.553,0.629,,0.145,0.157,0.195,0.64,0.638,0.159,0.14,0.621,0.186,,,0.228,,,,,0.169,,,,0.174,,0.103,,0.166,0.118,0.121,0.095,,,,0.437,0.089,,,0.127,0.119
162,14078520,,0.568,0.571,,,,0.265,,,,,0.073,0.193,,0.235,0.141,,0.154,,,,,,,,0.409,,0.425,0.183,,,0.099,,0.376,0.271,,,,0.106,0.126,0.166,,,,0.08,0.499,0.52,0.498,,,,0.241,,0.097,,,,,,0.203,0.162,,,,0.203,0.166,0.054,0.121,,,,0.104,0.182,0.171,,0.396,,,,,,0.1,,,,,0.139,0.07,0.46,0.527,0.039,0.101,0.503,0.294,0.509,0.071,0.187,0.142,,,0.2,,,0.095,0.04,0.02,,0.049,0.203,,,,,,,,0.205,,0.097,0.873,,,0.026,,0.099,,0.097,0.165,0.097,0.163,0.132,0.365,0.649,0.326,0.177,0.152,0.134,,0.627,,,,,,,,0.222,0.254,0.116,0.143,0.437,,,,,0.109,0.175,0.538,,,0.553,0.629,,0.144,0.157,0.195,0.641,0.638,0.159,0.14,0.624,0.19,,,0.233,,,,,0.168,,,,0.169,,0.105,,0.164,0.119,0.121,0.095,,,,0.439,0.088,,,0.127,0.119
162,14078580,,0.568,0.571,,,,0.265,,,,,0.075,0.181,,0.235,0.139,,0.154,,,,,,,,0.409,,0.425,0.193,,,0.099,,0.376,0.272,,,,0.106,0.126,0.166,,,,0.081,0.499,0.52,0.499,,,,0.241,,0.097,,,,,,0.209,0.162,,,,0.203,0.166,0.055,0.121,,,,0.103,0.181,0.169,,0.394,,,,,,0.099,,,,,0.137,0.07,0.467,0.533,0.039,0.101,0.499,0.296,0.509,0.071,0.187,0.136,,,0.2,,,0.094,0.043,0.022,,0.049,0.203,,,,,,,,0.207,,0.097,0.875,,,0.026,,0.099,,0.097,0.165,0.099,0.164,0.13,0.365,0.637,0.33,0.18,0.152,0.135,,0.627,,,,,,,,0.206,0.254,0.116,0.143,0.438,,,,,0.109,0.175,0.541,,,0.554,0.629,,0.144,0.157,0.195,0.641,0.638,0.159,0.14,0.622,0.193,,,0.237,,,,,0.168,,,,0.168,,0.105,,0.162,0.118,0.12,0.094,,,,0.44,0.089,,,0.127,0.12
162,14078640,,0.568,0.571,,,,0.265,,,,,0.073,0.156,,0.235,0.139,,0.154,,,,,,,,0.408,,0.425,0.192,,,0.099,,0.376,0.271,,,,0.105,0.126,0.171,,,,0.081,0.499,0.52,0.499,,,,0.241,,0.098,,,,,,0.203,0.16,,,,0.203,0.166,0.055,0.12,,,,0.103,0.179,0.167,,0.392,,,,,,0.1,,,,,0.135,0.07,0.457,0.532,0.039,0.101,0.501,0.291,0.509,0.071,0.187,0.135,,,0.2,,,0.093,0.044,0.024,,0.061,0.203,,,,,,,,0.206,,0.098,0.869,,,0.026,,0.1,,0.098,0.16,0.099,0.164,0.13,0.365,0.623,0.334,0.176,0.152,0.135,,0.627,,,,,,,,0.195,0.254,0.116,0.143,0.432,,,,,0.109,0.175,0.539,,,0.554,0.629,,0.144,0.155,0.195,0.641,0.638,0.159,0.14,0.621,0.193,,,0.242,,,,,0.168,,,,0.168,,0.104,,0.162,0.119,0.12,0.093,,,,0.439,0.089,,,0.127,0.12
162,14078700,,0.568,0.571,,,,0.265,,,,,0.071,0.143,,0.234,0.132,,0.154,,,,,,,,0.408,,0.414,0.193,,,0.1,,0.376,0.267,,,,0.105,0.126,0.166,,,,0.08,0.5,0.52,0.499,,,,0.241,,0.098,,,,,,0.224,0.16,,,,0.203,0.166,0.055,0.121,,,,0.105,0.178,0.167,,0.394,,,,,,0.097,,,,,0.134,0.07,0.472,0.535,0.039,0.101,0.502,0.291,0.51,0.071,0.188,0.135,,,0.2,,,0.094,0.055,0.045,,0.082,0.202,,,,,,,,0.21,,0.097,0.87,,,0.026,,0.099,,0.096,0.16,0.097,0.164,0.13,0.365,0.605,0.312,0.182,0.151,0.134,,0.627,,,,,,,,0.194,0.255,0.116,0.143,0.433,,,,,0.109,0.175,0.539,,,0.554,0.629,,0.143,0.156,0.195,0.641,0.638,0.159,0.14,0.628,0.193,,,0.24,,,,,0.17,,,,0.171,,0.105,,0.16,0.119,0.121,0.097,,,,0.438,0.089,,,0.127,0.119
162,14078760,,0.569,0.571,,,,0.265,,,,,0.081,0.137,,0.234,0.132,,0.154,,,,,,,,0.408,,0.413,0.193,,,0.1,,0.377,0.267,,,,0.105,0.126,0.166,,,,0.08,0.5,0.52,0.499,,,,0.241,,0.098,,,,,,0.234,0.16,,,,0.203,0.167,0.055,0.12,,,,0.103,0.178,0.167,,0.392,,,,,,0.099,,,,,0.142,0.07,0.459,0.547,0.039,0.101,0.496,0.296,0.511,0.071,0.189,0.14,,,0.2,,,0.094,0.053,0.013,,0.07,0.202,,,,,,,,0.206,,0.097,0.866,,,0.026,,0.098,,0.096,0.16,0.096,0.165,0.129,0.365,0.621,0.311,0.18,0.152,0.135,,0.627,,,,,,,,0.193,0.255,0.116,0.143,0.436,,,,,0.109,0.175,0.539,,,0.554,0.629,,0.144,0.157,0.195,0.641,0.638,0.159,0.14,0.628,0.191,,,0.235,,,,,0.17,,,,0.169,,0.105,,0.158,0.119,0.121,0.107,,,,0.439,0.089,,,0.127,0.119
162,14078820,,0.569,0.57,,,,0.265,,,,,0.084,0.144,,0.234,0.128,,0.154,,,,,,,,0.408,,0.425,0.193,,,0.1,,0.377,0.271,,,,0.105,0.125,0.167,,,,0.079,0.501,0.52,0.499,,,,0.241,,0.099,,,,,,0.218,0.16,,,,0.203,0.166,0.054,0.122,,,,0.104,0.177,0.167,,0.388,,,,,,0.096,,,,,0.147,0.07,0.457,0.531,0.039,0.101,0.503,0.295,0.511,0.071,0.19,0.14,,,0.2,,,0.093,0.047,0.027,,0.19,0.202,,,,,,,,0.211,,0.098,0.867,,,0.026,,0.099,,0.098,0.16,0.098,0.164,0.128,0.365,0.605,0.303,0.177,0.152,0.135,,0.627,,,,,,,,0.191,0.254,0.116,0.143,0.438,,,,,0.109,0.175,0.539,,,0.554,0.629,,0.144,0.156,0.195,0.641,0.638,0.159,0.14,0.626,0.19,,,0.231,,,,,0.17,,,,0.169,,0.104,,0.166,0.118,0.12,0.106,,,,0.438,0.089,,,0.127,0.119
162,14078880,,0.569,0.571,,,,0.265,,,,,0.072,0.167,,0.235,0.145,,0.154,,,,,,,,0.408,,0.437,0.194,,,0.099,,0.377,0.27,,,,0.105,0.124,0.166,,,,0.08,0.501,0.52,0.499,,,,0.241,,0.099,,,,,,0.21,0.161,,,,0.203,0.166,0.055,0.119,,,,0.103,0.177,0.167,,0.391,,,,,,0.098,,,,,0.149,0.07,0.446,0.536,0.039,0.101,0.497,0.287,0.51,0.071,0.188,0.137,,,0.2,,,0.094,0.046,0.017,,0.056,0.202,,,,,,,,0.213,,0.097,0.865,,,0.026,,0.1,,0.098,0.16,0.098,0.164,0.128,0.365,0.621,0.293,0.184,0.153,0.134,,0.627,,,,,,,,0.191,0.254,0.116,0.143,0.436,,,,,0.109,0.175,0.539,,,0.554,0.629,,0.144,0.157,0.196,0.641,0.638,0.159,0.14,0.628,0.188,,,0.227,,,,,0.168,,,,0.168,,0.105,,0.159,0.119,0.12,0.101,,,,0.439,0.089,,,0.127,0.119
162,14078940,,0.569,0.57,,,,0.265,,,,,0.073,0.185,,0.235,0.158,,0.154,,,,,,,,0.409,,0.435,0.193,,,0.099,,0.377,0.269,,,,0.104,0.124,0.168,,,,0.08,0.501,0.52,0.44,,,,0.241,,0.097,,,,,,0.22,0.161,,,,0.203,0.167,0.055,0.12,,,,0.102,0.179,0.168,,0.395,,,,,,0.098,,,,,0.146,0.069,0.452,0.54,0.039,0.101,0.496,0.287,0.511,0.071,0.184,0.134,,,0.2,,,0.094,0.038,0.014,,0.099,0.202,,,,,,,,0.21,,0.097,0.854,,,0.026,,0.099,,0.097,0.16,0.097,0.165,0.128,0.365,0.609,0.3,0.181,0.152,0.135,,0.627,,,,,,,,0.191,0.256,0.116,0.143,0.432,,,,,0.109,0.175,0.54,,,0.554,0.629,,0.144,0.157,0.196,0.641,0.638,0.159,0.14,0.628,0.189,,,0.224,,,,,0.164,,,,0.168,,0.104,,0.159,0.12,0.12,0.096,,,,0.439,0.089,,,0.127,0.119
162,14079000,,0.569,0.571,,,,0.265,,,,,0.073,0.123,,0.235,0.147,,0.154,,,,,,,,0.409,,0.427,0.194,,,0.099,,0.378,0.268,,,,0.104,0.124,0.167,,,,0.08,0.5,0.52,0.479,,,,0.241,,0.098,,,,,,0.216,0.161,,,,0.203,0.168,0.055,0.121,,,,0.106,0.18,0.171,,0.397,,,,,,0.097,,,,,0.153,0.069,0.479,0.54,0.039,0.101,0.502,0.29,0.511,0.071,0.188,0.133,,,0.199,,,0.095,0.052,0.014,,0.05,0.202,,,,,,,,0.207,,0.098,0.863,,,0.026,,0.099,,0.097,0.161,0.098,0.166,0.128,0.365,0.633,0.307,0.176,0.153,0.135,,0.627,,,,,,,,0.195,0.258,0.116,0.143,0.432,,,,,0.109,0.175,0.539,,,0.554,0.629,,0.145,0.157,0.196,0.641,0.638,0.159,0.14,0.625,0.189,,,0.225,,,,,0.165,,,,0.173,,0.105,,0.158,0.12,0.12,0.093,,,,0.439,0.089,,,0.127,0.119
162,14079060,,0.568,0.571,,,,0.265,,,,,0.072,0.117,,0.234,0.141,,0.154,,,,,,,,0.408,,0.415,0.194,,,0.1,,0.378,0.268,,,,0.104,0.124,0.167,,,,0.08,0.5,0.52,0.48,,,,0.241,,0.099,,,,,,0.206,0.161,,,,0.203,0.166,0.055,0.121,,,,0.104,0.177,0.167,,0.398,,,,,,0.098,,,,,0.162,0.069,0.434,0.535,0.039,0.101,0.502,0.289,0.511,0.071,0.185,0.136,,,0.199,,,0.094,0.071,0.087,,0.051,0.202,,,,,,,,0.214,,0.099,0.869,,,0.026,,0.1,,0.098,0.161,0.097,0.165,0.13,0.365,0.623,0.301,0.176,0.154,0.134,,0.627,,,,,,,,0.193,0.255,0.116,0.143,0.432,,,,,0.109,0.175,0.54,,,0.554,0.629,,0.145,0.157,0.196,0.641,0.638,0.159,0.14,0.625,0.187,,,0.23,,,,,0.165,,,,0.169,,0.104,,0.163,0.119,0.12,0.093,,,,0.441,0.089,,,0.127,0.119
162,14079120,,0.568,0.571,,,,0.265,,,,,0.072,0.117,,0.235,0.145,,0.154,,,,,,,,0.408,,0.429,0.194,,,0.099,,0.378,0.27,,,,0.104,0.125,0.167,,,,0.08,0.5,0.52,0.482,,,,0.241,,0.099,,,,,,0.21,0.162,,,,0.203,0.168,0.055,0.12,,,,0.105,0.176,0.166,,0.394,,,,,,0.1,,,,,0.158,0.069,0.458,0.527,0.039,0.101,0.498,0.29,0.507,0.071,0.184,0.138,,,0.199,,,0.094,0.053,0.11,,0.08,0.202,,,,,,,,0.207,,0.098,0.87,,,0.026,,0.1,,0.097,0.161,0.098,0.165,0.126,0.365,0.629,0.292,0.178,0.155,0.135,,0.627,,,,,,,,0.191,0.254,0.116,0.143,0.437,,,,,0.109,0.175,0.539,,,0.554,0.629,,0.148,0.157,0.195,0.641,0.638,0.159,0.14,0.627,0.186,,,0.237,,,,,0.164,,,,0.168,,0.104,,0.161,0.119,0.12,0.092,,,,0.439,0.089,,,0.127,0.119
162,14079180,,0.568,0.571,,,,0.265,,,,,0.072,0.136,,0.235,0.14,,0.154,,,,,,,,0.409,,0.422,0.194,,,0.1,,0.378,0.272,,,,0.104,0.124,0.167,,,,0.079,0.5,0.52,0.477,,,,0.241,,0.098,,,,,,0.219,0.161,,,,0.203,0.167,0.055,0.12,,,,0.103,0.175,0.166,,0.39,,,,,,0.099,,,,,0.161,0.069,0.453,0.535,0.039,0.101,0.499,0.288,0.51,0.071,0.186,0.135,,,0.199,,,0.095,0.035,0.017,,0.047,0.201,,,,,,,,0.209,,0.099,0.875,,,0.026,,0.099,,0.097,0.161,0.097,0.165,0.124,0.365,0.58,0.299,0.175,0.153,0.135,,0.627,,,,,,,,0.191,0.254,0.116,0.143,0.438,,,,,0.109,0.175,0.539,,,0.554,0.629,,0.149,0.158,0.195,0.64,0.638,0.159,0.14,0.617,0.185,,,0.24,,,,,0.166,,,,0.167,,0.104,,0.162,0.12,0.121,0.092,,,,0.441,0.089,,,0.127,0.119
162,14079240,,0.568,0.571,,,,0.265,,,,,0.075,0.133,,0.235,0.142,,0.154,,,,,,,,0.409,,0.421,0.194,,,0.099,,0.378,0.275,,,,0.104,0.125,0.168,,,,0.08,0.5,0.52,0.477,,,,0.241,,0.099,,,,,,0.212,0.16,,,,0.203,0.166,0.055,0.121,,,,0.103,0.175,0.166,,0.39,,,,,,0.098,,,,,0.158,0.067,0.449,0.538,0.039,0.101,0.496,0.287,0.51,0.071,0.185,0.136,,,0.199,,,0.095,0.041,0.018,,0.044,0.201,,,,,,,,0.209,,0.098,0.874,,,0.026,,0.1,,0.098,0.16,0.097,0.166,0.128,0.365,0.611,0.29,0.178,0.153,0.135,,0.627,,,,,,,,0.191,0.253,0.116,0.143,0.436,,,,,0.109,0.175,0.539,,,0.554,0.629,,0.15,0.157,0.195,0.64,0.638,0.159,0.14,0.61,0.188,,,0.239,,,,,0.166,,,,0.166,,0.103,,0.162,0.119,0.12,0.091,,,,0.442,0.089,,,0.127,0.119
162,14079300,,0.568,0.571,,,,0.265,,,,,0.072,0.142,,0.235,0.143,,0.154,,,,,,,,0.409,,0.402,0.195,,,0.099,,0.378,0.275,,,,0.104,0.125,0.166,,,,0.079,0.5,0.52,0.477,,,,0.241,,0.098,,,,,,0.211,0.16,,,,0.203,0.167,0.055,0.12,,,,0.105,0.176,0.166,,0.389,,,,,,0.098,,,,,0.162,0.062,0.434,0.51,0.039,0.101,0.494,0.286,0.511,0.071,0.185,0.134,,,0.199,,,0.094,0.046,0.035,,0.043,0.201,,,,,,,,0.205,,0.098,0.876,,,0.026,,0.1,,0.098,0.161,0.098,0.165,0.128,0.365,0.594,0.291,0.177,0.153,0.134,,0.627,,,,,,,,0.191,0.253,0.116,0.143,0.435,,,,,0.109,0.175,0.54,,,0.554,0.629,,0.15,0.157,0.196,0.641,0.638,0.159,0.14,0.603,0.188,,,0.231,,,,,0.165,,,,0.167,,0.104,,0.159,0.119,0.119,0.091,,,,0.441,0.089,,,0.127,0.119
162,14079360,,0.568,0.571,,,,0.265,,,,,0.072,0.13,,0.237,0.135,,0.154,,,,,,,,0.408,,0.404,0.195,,,0.099,,0.378,0.274,,,,0.104,0.124,0.166,,,,0.079,0.5,0.52,0.477,,,,0.241,,0.1,,,,,,0.214,0.16,,,,0.203,0.167,0.055,0.121,,,,0.103,0.175,0.166,,0.392,,,,,,0.099,,,,,0.16,0.061,0.479,0.526,0.039,0.101,0.494,0.281,0.51,0.071,0.183,0.134,,,0.199,,,0.094,0.033,0.027,,0.256,0.201,,,,,,,,0.206,,0.097,0.885,,,0.026,,0.1,,0.097,0.162,0.098,0.164,0.13,0.365,0.579,0.291,0.174,0.153,0.135,,0.627,,,,,,,,0.19,0.252,0.116,0.143,0.436,,,,,0.109,0.175,0.539,,,0.554,0.629,,0.145,0.157,0.195,0.641,0.638,0.159,0.14,0.604,0.191,,,0.225,,,,,0.16,,,,0.166,,0.103,,0.16,0.118,0.12,0.091,,,,0.441,0.09,,,0.127,0.119
162,14079420,,0.568,0.57,,,,0.265,,,,,0.073,0.154,,0.237,0.143,,0.154,,,,,,,,0.409,,0.403,0.195,,,0.1,,0.378,0.274,,,,0.105,0.124,0.167,,,,0.079,0.5,0.52,0.478,,,,0.241,,0.098,,,,,,0.211,0.16,,,,0.203,0.167,0.055,0.121,,,,0.103,0.175,0.166,,0.391,,,,,,0.1,,,,,0.162,0.061,0.438,0.533,0.039,0.101,0.497,0.284,0.508,0.071,0.183,0.134,,,0.199,,,0.094,0.034,0.015,,0.057,0.201,,,,,,,,0.207,,0.097,0.88,,,0.026,,0.099,,0.097,0.16,0.098,0.165,0.129,0.365,0.598,0.295,0.179,0.154,0.135,,0.627,,,,,,,,0.191,0.253,0.116,0.143,0.434,,,,,0.109,0.175,0.539,,,0.554,0.629,,0.145,0.157,0.195,0.641,0.638,0.159,0.14,0.603,0.192,,,0.222,,,,,0.16,,,,0.167,,0.103,,0.16,0.119,0.12,0.091,,,,0.44,0.09,,,0.127,0.119
162,14079480,,0.568,0.571,,,,0.265,,,,,0.072,0.15,,0.236,0.14,,0.154,,,,,,,,0.409,,0.413,0.196,,,0.1,,0.379,0.275,,,,0.104,0.124,0.167,,,,0.079,0.499,0.52,0.478,,,,0.241,,0.099,,,,,,0.207,0.161,,,,0.203,0.167,0.055,0.12,,,,0.103,0.175,0.166,,0.392,,,,,,0.098,,,,,0.153,0.061,0.445,0.513,0.039,0.101,0.497,0.281,0.51,0.071,0.184,0.133,,,0.199,,,0.094,0.038,0.019,,0.045,0.201,,,,,,,,0.207,,0.098,0.881,,,0.026,,0.099,,0.097,0.161,0.099,0.165,0.126,0.365,0.59,0.282,0.181,0.153,0.134,,0.627,,,,,,,,0.195,0.253,0.115,0.143,0.432,,,,,0.109,0.175,0.539,,,0.554,0.629,,0.145,0.157,0.195,0.641,0.638,0.159,0.14,0.61,0.191,,,0.219,,,,,0.161,,,,0.167,,0.103,,0.164,0.12,0.119,0.091,,,,0.44,0.089,,,0.127,0.119
162,14079540,,0.568,0.571,,,,0.265,,,,,0.078,0.141,,0.235,0.145,,0.154,,,,,,,,0.408,,0.418,0.195,,,0.099,,0.379,0.272,,,,0.105,0.124,0.167,,,,0.08,0.499,0.52,0.478,,,,0.241,,0.099,,,,,,0.213,0.161,,,,0.203,0.167,0.055,0.121,,,,0.104,0.176,0.167,,0.392,,,,,,0.099,,,,,0.152,0.061,0.442,0.506,0.039,0.101,0.502,0.279,0.511,0.071,0.185,0.131,,,0.199,,,0.093,0.042,0.038,,0.045,0.201,,,,,,,,0.206,,0.099,0.875,,,0.026,,0.1,,0.097,0.162,0.099,0.165,0.129,0.365,0.589,0.275,0.176,0.152,0.134,,0.627,,,,,,,,0.204,0.253,0.115,0.143,0.433,,,,,0.109,0.175,0.539,,,0.554,0.629,,0.146,0.157,0.195,0.641,0.638,0.159,0.14,0.613,0.189,,,0.217,,,,,0.159,,,,0.168,,0.104,,0.166,0.12,0.12,0.092,,,,0.44,0.09,,,0.127,0.119
162,14079600,,0.569,0.571,,,,0.265,,,,,0.073,0.162,,0.234,0.15,,0.155,,,,,,,,0.408,,0.415,0.196,,,0.1,,0.379,0.271,,,,0.113,0.124,0.167,,,,0.08,0.501,0.52,0.478,,,,0.241,,0.1,,,,,,0.225,0.161,,,,0.203,0.167,0.055,0.121,,,,0.105,0.203,0.197,,0.42,,,,,,0.099,,,,,0.158,0.061,0.445,0.522,0.039,0.101,0.501,0.284,0.512,0.071,0.185,0.134,,,0.199,,,0.094,0.044,0.039,,0.048,0.217,,,,,,,,0.204,,0.097,0.875,,,0.026,,0.101,,0.097,0.161,0.099,0.168,0.13,0.365,0.588,0.282,0.179,0.152,0.137,,0.627,,,,,,,,0.241,0.276,0.115,0.143,0.506,,,,,0.11,0.176,0.539,,,0.554,0.629,,0.146,0.157,0.195,0.641,0.638,0.159,0.14,0.611,0.186,,,0.218,,,,,0.161,,,,0.194,,0.104,,0.166,0.119,0.12,0.093,,,,0.44,0.09,,,0.127,0.119
162,14079660,,0.569,0.571,,,,0.265,,,,,0.075,0.143,,0.234,0.155,,0.155,,,,,,,,0.409,,0.421,0.196,,,0.1,,0.379,0.269,,,,0.112,0.125,0.167,,,,0.08,0.501,0.52,0.478,,,,0.241,,0.099,,,,,,0.216,0.161,,,,0.203,0.167,0.055,0.122,,,,0.103,0.201,0.196,,0.439,,,,,,0.1,,,,,0.158,0.061,0.449,0.524,0.039,0.101,0.503,0.284,0.514,0.071,0.183,0.133,,,0.199,,,0.094,0.04,0.017,,0.101,0.218,,,,,,,,0.211,,0.098,0.869,,,0.026,,0.099,,0.097,0.161,0.099,0.166,0.13,0.365,0.58,0.271,0.176,0.152,0.134,,0.627,,,,,,,,0.243,0.27,0.115,0.143,0.5,,,,,0.11,0.176,0.539,,,0.554,0.629,,0.145,0.157,0.195,0.641,0.638,0.159,0.141,0.606,0.185,,,0.221,,,,,0.16,,,,0.194,,0.104,,0.163,0.12,0.12,0.092,,,,0.444,0.091,,,0.127,0.119
162,14079720,,0.569,0.571,,,,0.265,,,,,0.098,0.116,,0.234,0.159,,0.155,,,,,,,,0.409,,0.41,0.196,,,0.1,,0.379,0.268,,,,0.111,0.125,0.168,,,,0.081,0.501,0.52,0.478,,,,0.241,,0.1,,,,,,0.212,0.161,,,,0.203,0.167,0.055,0.121,,,,0.105,0.191,0.187,,0.432,,,,,,0.099,,,,,0.157,0.06,0.449,0.504,0.039,0.101,0.487,0.282,0.511,0.071,0.187,0.136,,,0.199,,,0.095,0.047,0.043,,0.05,0.218,,,,,,,,0.21,,0.099,0.872,,,0.026,,0.1,,0.098,0.162,0.1,0.165,0.131,0.365,0.554,0.287,0.178,0.151,0.134,,0.627,,,,,,,,0.231,0.257,0.115,0.143,0.485,,,,,0.109,0.176,0.539,,,0.555,0.629,,0.144,0.157,0.195,0.641,0.638,0.159,0.141,0.611,0.184,,,0.227,,,,,0.16,,,,0.191,,0.103,,0.162,0.12,0.119,0.092,,,,0.444,0.09,,,0.127,0.119
162,14079780,,0.569,0.571,,,,0.265,,,,,0.084,0.124,,0.235,0.166,,0.155,,,,,,,,0.409,,0.405,0.196,,,0.1,,0.379,0.265,,,,0.11,0.125,0.167,,,,0.081,0.502,0.52,0.478,,,,0.241,,0.101,,,,,,0.209,0.162,,,,0.203,0.167,0.055,0.121,,,,0.105,0.18,0.173,,0.424,,,,,,0.1,,,,,0.155,0.06,0.435,0.518,0.039,0.101,0.498,0.28,0.509,0.071,0.185,0.13,,,0.199,,,0.095,0.043,0.02,,0.093,0.217,,,,,,,,0.213,,0.099,0.868,,,0.026,,0.1,,0.098,0.161,0.1,0.166,0.131,0.365,0.564,0.287,0.175,0.152,0.135,,0.627,,,,,,,,0.227,0.252,0.115,0.143,0.469,,,,,0.109,0.176,0.539,,,0.555,0.629,,0.145,0.157,0.195,0.641,0.638,0.159,0.14,0.619,0.184,,,0.23,,,,,0.158,,,,0.186,,0.104,,0.161,0.118,0.12,0.093,,,,0.443,0.09,,,0.127,0.119
162,14079840,,0.569,0.571,,,,0.265,,,,,0.077,0.11,,0.235,0.161,,0.155,,,,,,,,0.409,,0.404,0.196,,,0.1,,0.379,0.269,,,,0.108,0.125,0.167,,,,0.08,0.502,0.52,0.478,,,,0.241,,0.099,,,,,,0.199,0.162,,,,0.203,0.167,0.055,0.122,,,,0.104,0.176,0.169,,0.416,,,,,,0.1,,,,,0.152,0.061,0.444,0.528,0.039,0.101,0.5,0.281,0.513,0.071,0.183,0.132,,,0.199,,,0.094,0.063,0.035,,0.052,0.216,,,,,,,,0.211,,0.098,0.865,,,0.026,,0.1,,0.097,0.161,0.099,0.166,0.132,0.365,0.569,0.277,0.184,0.152,0.134,,0.627,,,,,,,,0.226,0.25,0.115,0.143,0.454,,,,,0.109,0.176,0.515,,,0.555,0.629,,0.145,0.158,0.195,0.641,0.638,0.159,0.14,0.623,0.183,,,0.233,,,,,0.16,,,,0.18,,0.104,,0.157,0.119,0.12,0.092,,,,0.442,0.09,,,0.127,0.119
162,14079900,,0.569,0.571,,,,0.265,,,,,0.077,0.123,,0.235,0.158,,0.155,,,,,,,,0.409,,0.405,0.196,,,0.1,,0.38,0.275,,,,0.107,0.125,0.167,,,,0.081,0.5,0.52,0.478,,,,0.241,,0.1,,,,,,0.201,0.162,,,,0.203,0.167,0.055,0.121,,,,0.105,0.174,0.169,,0.408,,,,,,0.101,,,,,0.149,0.061,0.413,0.53,0.039,0.101,0.498,0.285,0.512,0.071,0.184,0.133,,,0.198,,,0.094,0.061,0.024,,0.047,0.215,,,,,,,,0.206,,0.099,0.867,,,0.026,,0.099,,0.097,0.161,0.1,0.166,0.132,0.365,0.545,0.282,0.18,0.152,0.134,,0.627,,,,,,,,0.227,0.25,0.112,0.143,0.447,,,,,0.109,0.176,0.516,,,0.555,0.629,,0.144,0.158,0.195,0.641,0.638,0.159,0.14,0.622,0.182,,,0.228,,,,,0.159,,,,0.18,,0.104,,0.16,0.119,0.121,0.097,,,,0.441,0.09,,,0.127,0.118
162,14079960,,0.569,0.571,,,,0.265,,,,,0.077,0.128,,0.235,0.142,,0.155,,,,,,,,0.409,,0.402,0.196,,,0.101,,0.38,0.277,,,,0.107,0.126,0.167,,,,0.081,0.5,0.52,0.478,,,,0.241,,0.1,,,,,,0.226,0.162,,,,0.203,0.167,0.055,0.12,,,,0.106,0.174,0.168,,0.4,,,,,,0.099,,,,,0.152,0.06,0.423,0.464,0.039,0.101,0.484,0.283,0.506,0.071,0.183,0.13,,,0.198,,,0.095,0.039,0.026,,0.045,0.214,,,,,,,,0.207,,0.1,0.862,,,0.026,,0.1,,0.098,0.161,0.1,0.165,0.133,0.365,0.526,0.278,0.176,0.151,0.135,,0.627,,,,,,,,0.227,0.248,0.112,0.143,0.441,,,,,0.109,0.176,0.516,,,0.555,0.629,,0.145,0.157,0.195,0.641,0.638,0.159,0.14,0.616,0.183,,,0.224,,,,,0.158,,,,0.18,,0.104,,0.159,0.12,0.119,0.106,,,,0.442,0.09,,,0.127,0.118
162,14080020,,0.569,0.57,,,,0.265,,,,,0.085,0.12,,0.235,0.133,,0.155,,,,,,,,0.409,,0.398,0.196,,,0.1,,0.38,0.277,,,,0.107,0.125,0.167,,,,0.081,0.5,0.52,0.479,,,,0.241,,0.098,,,,,,0.213,0.161,,,,0.203,0.167,0.055,0.121,,,,0.107,0.173,0.168,,0.393,,,,,,0.1,,,,,0.156,0.06,0.414,0.547,0.039,0.101,0.499,0.293,0.501,0.071,0.181,0.129,,,0.195,,,0.094,0.037,0.018,,0.045,0.214,,,,,,,,0.214,,0.1,0.861,,,0.025,,0.1,,0.098,0.161,0.101,0.166,0.133,0.365,0.566,0.269,0.178,0.152,0.135,,0.627,,,,,,,,0.239,0.248,0.112,0.143,0.437,,,,,0.109,0.176,0.517,,,0.555,0.629,,0.146,0.157,0.195,0.641,0.638,0.159,0.14,0.617,0.183,,,0.222,,,,,0.158,,,,0.179,,0.104,,0.155,0.119,0.12,0.104,,,,0.443,0.091,,,0.127,0.118
162,14080080,,0.569,0.571,,,,0.265,,,,,0.077,0.106,,0.235,0.146,,0.155,,,,,,,,0.409,,0.407,0.196,,,0.1,,0.38,0.276,,,,0.108,0.125,0.167,,,,0.081,0.5,0.52,0.478,,,,0.241,,0.099,,,,,,0.206,0.162,,,,0.203,0.167,0.055,0.12,,,,0.105,0.173,0.168,,0.389,,,,,,0.1,,,,,0.158,0.06,0.419,0.561,0.039,0.101,0.496,0.293,0.512,0.071,0.184,0.134,,,0.194,,,0.095,0.042,0.037,,0.047,0.213,,,,,,,,0.207,,0.098,0.864,,,0.025,,0.101,,0.097,0.161,0.1,0.167,0.129,0.365,0.522,0.272,0.176,0.153,0.135,,0.627,,,,,,,,0.257,0.248,0.112,0.143,0.439,,,,,0.109,0.176,0.54,,,0.555,0.629,,0.146,0.157,0.196,0.641,0.638,0.159,0.14,0.607,0.183,,,0.222,,,,,0.159,,,,0.179,,0.105,,0.153,0.121,0.121,0.101,,,,0.445,0.091,,,0.127,0.118
162,14080140,,0.569,0.571,,,,0.265,,,,,0.081,0.084,,0.235,0.148,,0.155,,,,,,,,0.409,,0.41,0.196,,,0.101,,0.38,0.275,,,,0.107,0.125,0.167,,,,0.081,0.5,0.52,0.478,,,,0.241,,0.099,,,,,,0.203,0.162,,,,0.203,0.167,0.055,0.122,,,,0.106,0.174,0.168,,0.385,,,,,,0.099,,,,,0.154,0.06,0.437,0.552,0.038,0.101,0.487,0.299,0.508,0.071,0.182,0.129,,,0.194,,,0.094,0.051,0.062,,0.051,0.213,,,,,,,,0.209,,0.099,0.864,,,0.025,,0.1,,0.097,0.162,0.1,0.16,0.132,0.365,0.533,0.264,0.175,0.151,0.135,,0.627,,,,,,,,0.257,0.246,0.112,0.143,0.439,,,,,0.109,0.176,0.541,,,0.555,0.63,,0.146,0.157,0.195,0.641,0.638,0.159,0.14,0.607,0.185,,,0.22,,,,,0.159,,,,0.177,,0.105,,0.152,0.121,0.121,0.095,,,,0.445,0.09,,,0.127,0.118
162,14080200,,0.569,0.571,,,,0.265,,,,,0.077,0.084,,0.235,0.155,,0.155,,,,,,,,0.409,,0.416,0.196,,,0.101,,0.38,0.273,,,,0.106,0.125,0.167,,,,0.081,0.5,0.52,0.478,,,,0.241,,0.1,,,,,,0.206,0.162,,,,0.203,0.167,0.055,0.119,,,,0.106,0.174,0.169,,0.383,,,,,,0.1,,,,,0.148,0.06,0.412,0.553,0.038,0.101,0.495,0.305,0.503,0.071,0.182,0.129,,,0.192,,,0.095,0.045,0.018,,0.044,0.212,,,,,,,,0.204,,0.099,0.868,,,0.026,,0.1,,0.097,0.164,0.1,0.161,0.132,0.365,0.528,0.268,0.181,0.151,0.136,,0.627,,,,,,,,0.249,0.244,0.112,0.143,0.438,,,,,0.109,0.176,0.541,,,0.555,0.63,,0.145,0.158,0.195,0.641,0.638,0.159,0.14,0.606,0.185,,,0.221,,,,,0.161,,,,0.172,,0.105,,0.148,0.121,0.12,0.092,,,,0.444,0.09,,,0.127,0.117
162,14080260,,0.569,0.571,,,,0.265,,,,,0.078,0.077,,0.237,0.158,,0.155,,,,,,,,0.409,,0.428,0.196,,,0.1,,0.38,0.272,,,,0.105,0.125,0.167,,,,0.081,0.5,0.52,0.478,,,,0.241,,0.1,,,,,,0.209,0.162,,,,0.203,0.167,0.055,0.121,,,,0.107,0.173,0.168,,0.387,,,,,,0.099,,,,,0.145,0.06,0.413,0.543,0.038,0.101,0.49,0.308,0.507,0.071,0.181,0.13,,,0.191,,,0.094,0.054,0.018,,0.138,0.212,,,,,,,,0.213,,0.097,0.876,,,0.026,,0.099,,0.097,0.163,0.101,0.161,0.131,0.365,0.532,0.254,0.177,0.152,0.136,,0.627,,,,,,,,0.245,0.242,0.112,0.143,0.436,,,,,0.109,0.176,0.541,,,0.555,0.63,,0.146,0.158,0.195,0.641,0.638,0.159,0.14,0.598,0.185,,,0.225,,,,,0.159,,,,0.169,,0.104,,0.153,0.121,0.121,0.093,,,,0.445,0.09,,,0.127,0.117
162,14080320,,0.569,0.571,,,,0.265,,,,,0.077,0.083,,0.237,0.15,,0.155,,,,,,,,0.409,,0.416,0.196,,,0.1,,0.381,0.268,,,,0.105,0.125,0.168,,,,0.081,0.5,0.52,0.478,,,,0.241,,0.099,,,,,,0.204,0.162,,,,0.203,0.167,0.055,0.121,,,,0.104,0.173,0.168,,0.384,,,,,,0.099,,,,,0.146,0.059,0.42,0.552,0.038,0.101,0.491,0.308,0.504,0.071,0.18,0.13,,,0.191,,,0.095,0.063,0.036,,0.041,0.211,,,,,,,,0.206,,0.098,0.875,,,0.025,,0.099,,0.096,0.161,0.1,0.162,0.131,0.365,0.499,0.259,0.176,0.152,0.134,,0.627,,,,,,,,0.243,0.24,0.112,0.143,0.431,,,,,0.109,0.176,0.541,,,0.555,0.63,,0.146,0.158,0.195,0.641,0.638,0.159,0.14,0.595,0.186,,,0.223,,,,,0.161,,,,0.169,,0.104,,0.151,0.12,0.12,0.092,,,,0.446,0.09,,,0.127,0.117
162,14080380,,0.569,0.571,,,,0.265,,,,,0.078,0.071,,0.237,0.157,,0.155,,,,,,,,0.409,,0.405,0.197,,,0.1,,0.381,0.266,,,,0.105,0.126,0.168,,,,0.081,0.5,0.52,0.478,,,,0.241,,0.1,,,,,,0.2,0.163,,,,0.203,0.168,0.055,0.122,,,,0.105,0.174,0.17,,0.384,,,,,,0.098,,,,,0.152,0.059,0.414,0.556,0.038,0.101,0.502,0.309,0.51,0.071,0.182,0.132,,,0.19,,,0.095,0.045,0.023,,0.056,0.21,,,,,,,,0.205,,0.099,0.88,,,0.025,,0.1,,0.096,0.162,0.099,0.161,0.13,0.365,0.565,0.263,0.176,0.152,0.135,,0.627,,,,,,,,0.243,0.239,0.113,0.143,0.431,,,,,0.109,0.175,0.541,,,0.555,0.63,,0.146,0.158,0.196,0.641,0.638,0.159,0.14,0.601,0.188,,,0.219,,,,,0.159,,,,0.169,,0.104,,0.154,0.121,0.121,0.091,,,,0.446,0.09,,,0.127,0.117
162,14080440,,0.568,0.571,,,,0.265,,,,,0.076,0.085,,0.235,0.163,,0.155,,,,,,,,0.409,,0.407,0.196,,,0.101,,0.381,0.266,,,,0.105,0.126,0.168,,,,0.082,0.5,0.52,0.478,,,,0.241,,0.1,,,,,,0.198,0.163,,,,0.203,0.167,0.055,0.121,,,,0.105,0.173,0.168,,0.384,,,,,,0.099,,,,,0.151,0.059,0.391,0.553,0.038,0.101,0.503,0.316,0.511,0.071,0.18,0.132,,,0.191,,,0.095,0.043,0.027,,0.043,0.21,,,,,,,,0.207,,0.098,0.881,,,0.025,,0.101,,0.097,0.161,0.099,0.161,0.131,0.365,0.504,0.265,0.174,0.151,0.135,,0.627,,,,,,,,0.242,0.234,0.114,0.143,0.43,,,,,0.109,0.176,0.541,,,0.555,0.63,,0.145,0.158,0.195,0.641,0.638,0.159,0.14,0.611,0.189,,,0.223,,,,,0.16,,,,0.168,,0.104,,0.158,0.121,0.122,0.091,,,,0.445,0.09,,,0.127,0.117
162,14080500,,0.568,0.571,,,,0.265,,,,,0.084,0.087,,0.235,0.158,,0.155,,,,,,,,0.409,,0.411,0.196,,,0.1,,0.381,0.267,,,,0.105,0.125,0.168,,,,0.081,0.501,0.52,0.478,,,,0.241,,0.101,,,,,,0.208,0.163,,,,0.203,0.168,0.055,0.12,,,,0.106,0.173,0.167,,0.388,,,,,,0.099,,,,,0.152,0.059,0.408,0.553,0.038,0.101,0.503,0.305,0.504,0.071,0.185,0.133,,,0.191,,,0.094,0.041,0.017,,0.045,0.209,,,,,,,,0.208,,0.098,0.881,,,0.025,,0.101,,0.097,0.161,0.099,0.162,0.131,0.365,0.501,0.263,0.179,0.152,0.134,,0.627,,,,,,,,0.243,0.231,0.114,0.143,0.432,,,,,0.109,0.175,0.541,,,0.555,0.63,,0.146,0.158,0.195,0.641,0.638,0.159,0.141,0.611,0.191,,,0.226,,,,,0.16,,,,0.168,,0.104,,0.158,0.12,0.121,0.091,,,,0.445,0.09,,,0.127,0.117
162,14080560,,0.568,0.571,,,,0.265,,,,,0.089,0.09,,0.237,0.156,,0.155,,,,,,,,0.409,,0.418,0.197,,,0.101,,0.381,0.269,,,,0.104,0.125,0.168,,,,0.081,0.502,0.52,0.478,,,,0.241,,0.099,,,,,,0.204,0.162,,,,0.203,0.168,0.055,0.12,,,,0.105,0.173,0.167,,0.388,,,,,,0.098,,,,,0.147,0.059,0.39,0.558,0.038,0.101,0.497,0.311,0.512,0.071,0.18,0.129,,,0.191,,,0.094,0.038,0.017,,0.045,0.208,,,,,,,,0.207,,0.098,0.887,,,0.025,,0.1,,0.096,0.162,0.098,0.162,0.131,0.365,0.488,0.251,0.158,0.151,0.135,,0.627,,,,,,,,0.243,0.228,0.113,0.143,0.43,,,,,0.109,0.176,0.541,,,0.555,0.63,,0.146,0.157,0.195,0.641,0.638,0.159,0.141,0.612,0.188,,,0.227,,,,,0.16,,,,0.166,,0.104,,0.158,0.12,0.122,0.091,,,,0.446,0.09,,,0.127,0.117
162,14080620,,0.568,0.571,,,,0.265,,,,,0.086,0.119,,0.236,0.145,,0.155,,,,,,,,0.409,,0.418,0.197,,,0.101,,0.382,0.27,,,,0.105,0.125,0.166,,,,0.08,0.502,0.52,0.479,,,,0.241,,0.099,,,,,,0.201,0.162,,,,0.203,0.168,0.055,0.12,,,,0.106,0.173,0.166,,0.386,,,,,,0.098,,,,,0.146,0.059,0.403,0.556,0.038,0.101,0.492,0.301,0.51,0.071,0.182,0.129,,,0.191,,,0.095,0.039,0.018,,0.053,0.208,,,,,,,,0.207,,0.099,0.881,,,0.025,,0.1,,0.097,0.161,0.099,0.16,0.131,0.365,0.482,0.242,0.151,0.151,0.134,,0.627,,,,,,,,0.242,0.226,0.113,0.143,0.43,,,,,0.109,0.176,0.541,,,0.555,0.63,,0.145,0.157,0.195,0.641,0.638,0.159,0.141,0.615,0.187,,,0.231,,,,,0.157,,,,0.166,,0.104,,0.157,0.12,0.122,0.091,,,,0.444,0.091,,,0.127,0.117
162,14080680,,0.568,0.571,,,,0.265,,,,,0.078,0.134,,0.235,0.155,,0.155,,,,,,,,0.409,,0.418,0.197,,,0.101,,0.382,0.27,,,,0.105,0.125,0.167,,,,0.081,0.502,0.52,0.479,,,,0.241,,0.099,,,,,,0.2,0.161,,,,0.203,0.168,0.055,0.121,,,,0.104,0.173,0.167,,0.385,,,,,,0.099,,,,,0.148,0.059,0.393,0.563,0.038,0.101,0.49,0.301,0.511,0.071,0.18,0.129,,,0.19,,,0.095,0.04,0.015,,0.045,0.207,,,,,,,,0.208,,0.098,0.882,,,0.025,,0.101,,0.096,0.161,0.1,0.161,0.131,0.365,0.49,0.246,0.116,0.151,0.134,,0.627,,,,,,,,0.242,0.222,0.113,0.143,0.43,,,,,0.109,0.176,0.541,,,0.555,0.63,,0.145,0.157,0.196,0.641,0.638,0.159,0.141,0.612,0.187,,,0.227,,,,,0.158,,,,0.166,,0.104,,0.156,0.121,0.119,0.091,,,,0.447,0.091,,,0.127,0.117
162,14080740,,0.568,0.571,,,,0.265,,,,,0.083,0.062,,0.237,0.157,,0.155,,,,,,,,0.409,,0.419,0.197,,,0.099,,0.382,0.27,,,,0.106,0.125,0.167,,,,0.08,0.502,0.52,0.479,,,,0.241,,0.1,,,,,,0.2,0.161,,,,0.203,0.168,0.055,0.121,,,,0.105,0.172,0.166,,0.384,,,,,,0.101,,,,,0.144,0.059,0.41,0.544,0.038,0.101,0.488,0.297,0.506,0.071,0.18,0.13,,,0.189,,,0.094,0.051,0.015,,0.045,0.207,,,,,,,,0.209,,0.096,0.887,,,0.025,,0.101,,0.096,0.162,0.098,0.162,0.131,0.365,0.48,0.237,0.12,0.151,0.135,,0.627,,,,,,,,0.242,0.219,0.113,0.143,0.43,,,,,0.109,0.176,0.541,,,0.555,0.63,,0.146,0.157,0.195,0.641,0.638,0.159,0.141,0.603,0.183,,,0.224,,,,,0.159,,,,0.166,,0.104,,0.152,0.12,0.121,0.091,,,,0.447,0.09,,,0.127,0.117
162,14080800,,0.569,0.571,,,,0.265,,,,,0.078,0.062,,0.235,0.159,,0.155,,,,,,,,0.409,,0.414,0.197,,,0.1,,0.382,0.267,,,,0.106,0.125,0.167,,,,0.079,0.499,0.52,0.479,,,,0.241,,0.099,,,,,,0.199,0.162,,,,0.203,0.168,0.055,0.12,,,,0.104,0.172,0.165,,0.382,,,,,,0.1,,,,,0.15,0.059,0.388,0.545,0.038,0.101,0.475,0.296,0.507,0.071,0.178,0.129,,,0.187,,,0.095,0.054,0.018,,0.065,0.207,,,,,,,,0.213,,0.098,0.884,,,0.025,,0.1,,0.096,0.162,0.099,0.161,0.132,0.365,0.502,0.248,0.118,0.151,0.135,,0.627,,,,,,,,0.245,0.217,0.113,0.143,0.43,,,,,0.109,0.176,0.544,,,0.555,0.63,,0.147,0.158,0.195,0.641,0.638,0.159,0.141,0.596,0.184,,,0.219,,,,,0.16,,,,0.168,,0.102,,0.155,0.121,0.121,0.091,,,,0.446,0.091,,,0.127,0.117
162,14080860,,0.569,0.57,,,,0.265,,,,,0.078,0.082,,0.235,0.153,,0.154,,,,,,,,0.41,,0.42,0.198,,,0.101,,0.382,0.266,,,,0.105,0.125,0.167,,,,0.079,0.499,0.52,0.479,,,,0.241,,0.099,,,,,,0.198,0.162,,,,0.203,0.169,0.055,0.121,,,,0.104,0.172,0.165,,0.379,,,,,,0.1,,,,,0.146,0.059,0.418,0.544,0.038,0.101,0.479,0.292,0.499,0.071,0.179,0.127,,,0.187,,,0.095,0.037,0.017,,0.059,0.206,,,,,,,,0.205,,0.098,0.885,,,0.025,,0.1,,0.097,0.163,0.1,0.161,0.132,0.365,0.504,0.253,0.113,0.152,0.134,,0.627,,,,,,,,0.242,0.213,0.113,0.143,0.428,,,,,0.109,0.176,0.544,,,0.555,0.63,,0.145,0.158,0.195,0.641,0.638,0.159,0.14,0.594,0.181,,,0.217,,,,,0.16,,,,0.166,,0.103,,0.154,0.122,0.12,0.092,,,,0.445,0.091,,,0.127,0.117
162,14080920,,0.569,0.57,,,,0.265,,,,,0.078,0.08,,0.237,0.154,,0.154,,,,,,,,0.411,,0.427,0.198,,,0.101,,0.383,0.269,,,,0.106,0.125,0.167,,,,0.079,0.5,0.52,0.479,,,,0.241,,0.099,,,,,,0.199,0.162,,,,0.203,0.168,0.055,0.12,,,,0.105,0.172,0.165,,0.378,,,,,,0.1,,,,,0.144,0.059,0.397,0.547,0.038,0.101,0.491,0.293,0.507,0.071,0.18,0.132,,,0.186,,,0.096,0.023,0.015,,0.045,0.206,,,,,,,,0.204,,0.098,0.887,,,0.025,,0.101,,0.097,0.163,0.1,0.161,0.131,0.365,0.51,0.25,0.116,0.151,0.135,,0.629,,,,,,,,0.241,0.209,0.113,0.143,0.429,,,,,0.109,0.176,0.544,,,0.555,0.63,,0.146,0.158,0.195,0.641,0.638,0.159,0.14,0.605,0.179,,,0.217,,,,,0.162,,,,0.168,,0.104,,0.15,0.12,0.121,0.092,,,,0.446,0.091,,,0.127,0.117
162,14080980,,0.569,0.57,,,,0.265,,,,,0.08,0.085,,0.237,0.145,,0.154,,,,,,,,0.411,,0.427,0.197,,,0.1,,0.383,0.27,,,,0.105,0.125,0.167,,,,0.079,0.5,0.52,0.479,,,,0.241,,0.1,,,,,,0.207,0.162,,,,0.203,0.168,0.055,0.121,,,,0.105,0.172,0.164,,0.375,,,,,,0.1,,,,,0.145,0.059,0.369,0.535,0.038,0.101,0.477,0.288,0.508,0.071,0.179,0.128,,,0.186,,,0.095,0.028,0.029,,0.046,0.206,,,,,,,,0.207,,0.097,0.893,,,0.025,,0.101,,0.095,0.163,0.099,0.162,0.131,0.365,0.518,0.238,0.116,0.152,0.135,,0.629,,,,,,,,0.241,0.206,0.113,0.143,0.431,,,,,0.109,0.176,0.544,,,0.555,0.63,,0.146,0.156,0.195,0.641,0.638,0.159,0.14,0.611,0.179,,,0.22,,,,,0.163,,,,0.168,,0.103,,0.148,0.12,0.121,0.092,,,,0.445,0.091,,,0.127,0.117
162,14081040,,0.568,0.57,,,,0.265,,,,,0.083,0.083,,0.237,0.147,,0.154,,,,,,,,0.411,,0.436,0.197,,,0.101,,0.383,0.273,,,,0.104,0.125,0.167,,,,0.079,0.5,0.52,0.479,,,,0.241,,0.099,,,,,,0.206,0.162,,,,0.203,0.169,0.055,0.12,,,,0.106,0.172,0.162,,0.376,,,,,,0.101,,,,,0.141,0.059,0.382,0.536,0.038,0.101,0.482,0.289,0.501,0.071,0.18,0.129,,,0.186,,,0.095,0.028,0.015,,0.071,0.205,,,,,,,,0.211,,0.099,0.895,,,0.025,,0.1,,0.097,0.162,0.1,0.161,0.133,0.365,0.532,0.247,0.115,0.152,0.135,,0.629,,,,,,,,0.241,0.204,0.113,0.143,0.434,,,,,0.109,0.176,0.544,,,0.555,0.63,,0.145,0.157,0.195,0.641,0.638,0.159,0.14,0.612,0.179,,,0.221,,,,,0.16,,,,0.167,,0.104,,0.145,0.12,0.121,0.092,,,,0.446,0.091,,,0.127,0.117
162,14081100,,0.568,0.57,,,,0.265,,,,,0.078,0.07,,0.237,0.15,,0.154,,,,,,,,0.41,,0.426,0.198,,,0.101,,0.383,0.273,,,,0.104,0.125,0.168,,,,0.079,0.5,0.52,0.479,,,,0.241,,0.1,,,,,,0.209,0.162,,,,0.203,0.169,0.055,0.12,,,,0.105,0.172,0.162,,0.373,,,,,,0.099,,,,,0.14,0.059,0.399,0.541,0.038,0.101,0.501,0.288,0.5,0.071,0.18,0.129,,,0.188,,,0.096,0.038,0.017,,0.135,0.205,,,,,,,,0.221,,0.101,0.893,,,0.025,,0.1,,0.097,0.162,0.1,0.162,0.133,0.365,0.508,0.241,0.115,0.147,0.135,,0.629,,,,,,,,0.241,0.201,0.113,0.143,0.434,,,,,0.109,0.176,0.545,,,0.555,0.63,,0.145,0.157,0.195,0.641,0.638,0.159,0.14,0.609,0.182,,,0.217,,,,,0.159,,,,0.167,,0.104,,0.146,0.123,0.12,0.093,,,,0.447,0.091,,,0.127,0.117
162,14081160,,0.568,0.57,,,,0.265,,,,,0.094,0.07,,0.237,0.151,,0.154,,,,,,,,0.41,,0.418,0.197,,,0.102,,0.383,0.274,,,,0.104,0.126,0.167,,,,0.079,0.5,0.52,0.479,,,,0.241,,0.1,,,,,,0.227,0.162,,,,0.203,0.169,0.055,0.12,,,,0.105,0.172,0.161,,0.377,,,,,,0.1,,,,,0.142,0.059,0.365,0.534,0.039,0.101,0.478,0.285,0.503,0.071,0.179,0.129,,,0.187,,,0.095,0.037,0.05,,0.045,0.205,,,,,,,,0.211,,0.1,0.889,,,0.025,,0.101,,0.097,0.162,0.101,0.162,0.133,0.365,0.524,0.241,0.116,0.15,0.136,,0.629,,,,,,,,0.24,0.199,0.113,0.143,0.433,,,,,0.109,0.176,0.547,,,0.555,0.63,,0.144,0.158,0.196,0.641,0.638,0.159,0.14,0.606,0.183,,,0.215,,,,,0.158,,,,0.167,,0.104,,0.147,0.121,0.121,0.106,,,,0.448,0.091,,,0.127,0.117
162,14081220,,0.569,0.57,,,,0.265,,,,,0.078,0.07,,0.237,0.142,,0.154,,,,,,,,0.41,,0.415,0.197,,,0.101,,0.384,0.273,,,,0.105,0.125,0.167,,,,0.079,0.5,0.52,0.479,,,,0.241,,0.099,,,,,,0.211,0.162,,,,0.203,0.169,0.055,0.121,,,,0.105,0.172,0.161,,0.374,,,,,,0.101,,,,,0.142,0.058,0.359,0.539,0.039,0.101,0.471,0.283,0.496,0.071,0.177,0.129,,,0.189,,,0.095,0.028,0.018,,0.077,0.205,,,,,,,,0.213,,0.099,0.891,,,0.025,,0.101,,0.097,0.163,0.099,0.162,0.13,0.365,0.583,0.235,0.117,0.151,0.136,,0.63,,,,,,,,0.24,0.198,0.113,0.143,0.429,,,,,0.109,0.176,0.547,,,0.555,0.63,,0.144,0.156,0.196,0.641,0.638,0.159,0.14,0.607,0.182,,,0.217,,,,,0.158,,,,0.166,,0.103,,0.146,0.12,0.122,0.105,,,,0.449,0.091,,,0.127,0.117
162,14081280,,0.568,0.571,,,,0.265,,,,,0.078,0.099,,0.237,0.147,,0.154,,,,,,,,0.41,,0.421,0.197,,,0.101,,0.384,0.273,,,,0.106,0.125,0.167,,,,0.08,0.5,0.52,0.479,,,,0.241,,0.1,,,,,,0.201,0.163,,,,0.203,0.168,0.055,0.121,,,,0.106,0.172,0.161,,0.37,,,,,,0.101,,,,,0.141,0.058,0.381,0.537,0.039,0.101,0.488,0.279,0.506,0.071,0.177,0.127,,,0.189,,,0.096,0.04,0.018,,0.045,0.205,,,,,,,,0.211,,0.1,0.896,,,0.025,,0.1,,0.097,0.163,0.1,0.161,0.131,0.365,0.577,0.23,0.11,0.15,0.135,,0.63,,,,,,,,0.24,0.197,0.113,0.143,0.43,,,,,0.109,0.176,0.547,,,0.556,0.63,,0.143,0.157,0.196,0.641,0.638,0.159,0.14,0.6,0.182,,,0.222,,,,,0.159,,,,0.166,,0.104,,0.145,0.121,0.123,0.101,,,,0.446,0.091,,,0.127,0.117
162,14081340,,0.568,0.571,,,,0.265,,,,,0.079,0.126,,0.237,0.143,,0.154,,,,,,,,0.411,,0.424,0.198,,,0.101,,0.384,0.272,,,,0.106,0.125,0.168,,,,0.08,0.5,0.52,0.479,,,,0.241,,0.1,,,,,,0.196,0.163,,,,0.203,0.169,0.055,0.122,,,,0.108,0.172,0.163,,0.367,,,,,,0.099,,,,,0.142,0.058,0.39,0.543,0.039,0.101,0.478,0.28,0.497,0.071,0.177,0.128,,,0.189,,,0.096,0.032,0.017,,0.049,0.204,,,,,,,,0.208,,0.1,0.892,,,0.025,,0.101,,0.098,0.164,0.099,0.161,0.13,0.365,0.594,0.23,0.11,0.151,0.137,,0.63,,,,,,,,0.247,0.198,0.113,0.143,0.432,,,,,0.109,0.176,0.547,,,0.556,0.63,,0.144,0.157,0.196,0.64,0.638,0.159,0.14,0.607,0.181,,,0.228,,,,,0.159,,,,0.168,,0.104,,0.14,0.122,0.122,0.094,,,,0.446,0.092,,,0.127,0.117
162,14081400,,0.568,0.571,,,,0.265,,,,,0.1,0.119,,0.237,0.145,,0.155,,,,,,,,0.411,,0.403,0.195,,,0.102,,0.384,0.274,,,,0.106,0.125,0.168,,,,0.08,0.502,0.52,0.479,,,,0.241,,0.101,,,,,,0.204,0.164,,,,0.203,0.167,0.055,0.121,,,,0.106,0.183,0.179,,0.399,,,,,,0.1,,,,,0.143,0.058,0.412,0.541,0.039,0.101,0.477,0.283,0.494,0.071,0.177,0.131,,,0.189,,,0.095,0.03,0.018,,0.049,0.208,,,,,,,,0.209,,0.099,0.895,,,0.025,,0.101,,0.097,0.162,0.1,0.164,0.133,0.365,0.573,0.231,0.111,0.151,0.135,,0.63,,,,,,,,0.245,0.21,0.113,0.143,0.434,,,,,0.109,0.176,0.547,,,0.556,0.63,,0.143,0.157,0.196,0.641,0.638,0.159,0.14,0.614,0.181,,,0.232,,,,,0.158,,,,0.174,,0.103,,0.145,0.121,0.121,0.093,,,,0.452,0.092,,,0.127,0.117
162,14081460,,0.568,0.571,,,,0.265,,,,,0.097,0.144,,0.237,0.155,,0.156,,,,,,,,0.411,,0.421,0.194,,,0.1,,0.384,0.273,,,,0.108,0.125,0.167,,,,0.08,0.503,0.52,0.479,,,,0.241,,0.099,,,,,,0.2,0.164,,,,0.203,0.167,0.055,0.121,,,,0.105,0.178,0.175,,0.399,,,,,,0.101,,,,,0.14,0.058,0.386,0.525,0.039,0.101,0.467,0.276,0.502,0.071,0.176,0.131,,,0.189,,,0.096,0.046,0.054,,0.052,0.208,,,,,,,,0.21,,0.099,0.9,,,0.025,,0.101,,0.096,0.162,0.1,0.161,0.133,0.365,0.592,0.227,0.113,0.151,0.135,,0.63,,,,,,,,0.242,0.2,0.113,0.143,0.435,,,,,0.109,0.176,0.547,,,0.556,0.63,,0.144,0.157,0.196,0.641,0.638,0.159,0.14,0.617,0.18,,,0.235,,,,,0.158,,,,0.173,,0.104,,0.156,0.12,0.121,0.092,,,,0.451,0.092,,,0.127,0.117
162,14081520,,0.568,0.571,,,,0.265,,,,,0.109,0.139,,0.237,0.163,,0.155,,,,,,,,0.411,,0.422,0.195,,,0.101,,0.384,0.272,,,,0.108,0.125,0.168,,,,0.08,0.503,0.52,0.454,,,,0.241,,0.1,,,,,,0.196,0.164,,,,0.203,0.166,0.055,0.121,,,,0.106,0.173,0.167,,0.391,,,,,,0.1,,,,,0.14,0.058,0.422,0.524,0.039,0.101,0.476,0.273,0.505,0.071,0.178,0.128,,,0.19,,,0.096,0.037,0.017,,0.054,0.207,,,,,,,,0.207,,0.099,0.904,,,0.025,,0.101,,0.097,0.162,0.099,0.161,0.131,0.365,0.594,0.233,0.113,0.152,0.135,,0.63,,,,,,,,0.209,0.193,0.113,0.143,0.433,,,,,0.109,0.176,0.547,,,0.556,0.63,,0.144,0.157,0.196,0.641,0.638,0.159,0.14,0.619,0.179,,,0.238,,,,,0.16,,,,0.17,,0.104,,0.166,0.122,0.123,0.092,,,,0.452,0.092,,,0.127,0.117
162,14081580,,0.568,0.57,,,,0.265,,,,,0.118,0.135,,0.237,0.156,,0.155,,,,,,,,0.41,,0.399,0.195,,,0.101,,0.385,0.271,,,,0.108,0.125,0.167,,,,0.08,0.503,0.52,0.454,,,,0.241,,0.1,,,,,,0.203,0.164,,,,0.203,0.167,0.055,0.12,,,,0.107,0.172,0.162,,0.382,,,,,,0.101,,,,,0.139,0.058,0.379,0.539,0.038,0.101,0.483,0.273,0.499,0.071,0.177,0.129,,,0.189,,,0.095,0.031,0.018,,0.06,0.207,,,,,,,,0.206,,0.1,0.895,,,0.025,,0.101,,0.098,0.163,0.1,0.162,0.132,0.365,0.607,0.225,0.111,0.152,0.135,,0.629,,,,,,,,0.205,0.191,0.113,0.143,0.43,,,,,0.109,0.176,0.547,,,0.556,0.63,,0.143,0.158,0.196,0.641,0.638,0.159,0.14,0.622,0.18,,,0.233,,,,,0.158,,,,0.171,,0.104,,0.168,0.12,0.122,0.092,,,,0.451,0.092,,,0.127,0.117
162,14081640,,0.568,0.571,,,,0.265,,,,,0.111,0.129,,0.237,0.148,,0.155,,,,,,,,0.41,,0.401,0.194,,,0.101,,0.385,0.271,,,,0.107,0.125,0.166,,,,0.081,0.502,0.52,0.46,,,,0.241,,0.101,,,,,,0.195,0.162,,,,0.203,0.167,0.055,0.121,,,,0.107,0.172,0.162,,0.374,,,,,,0.101,,,,,0.14,0.058,0.399,0.535,0.038,0.101,0.402,0.271,0.496,0.071,0.176,0.129,,,0.187,,,0.095,0.044,0.046,,0.083,0.206,,,,,,,,0.211,,0.099,0.898,,,0.025,,0.101,,0.097,0.161,0.1,0.161,0.133,0.365,0.611,0.224,0.109,0.152,0.135,,0.629,,,,,,,,0.203,0.189,0.113,0.143,0.428,,,,,0.109,0.176,0.547,,,0.556,0.63,,0.144,0.157,0.196,0.64,0.638,0.159,0.14,0.614,0.183,,,0.233,,,,,0.159,,,,0.166,,0.104,,0.166,0.121,0.123,0.092,,,,0.451,0.092,,,0.127,0.117
162,14081700,,0.568,0.571,,,,0.265,,,,,0.106,0.134,,0.237,0.128,,0.155,,,,,,,,0.411,,0.4,0.194,,,0.101,,0.385,0.272,,,,0.107,0.125,0.167,,,,0.08,0.501,0.52,0.46,,,,0.241,,0.099,,,,,,0.194,0.162,,,,0.203,0.167,0.055,0.121,,,,0.106,0.172,0.162,,0.37,,,,,,0.101,,,,,0.14,0.058,0.42,0.52,0.038,0.101,0.435,0.273,0.498,0.071,0.177,0.13,,,0.187,,,0.095,0.027,0.018,,0.059,0.205,,,,,,,,0.214,,0.1,0.901,,,0.025,,0.1,,0.097,0.162,0.101,0.161,0.132,0.365,0.6,0.237,0.115,0.153,0.135,,0.629,,,,,,,,0.204,0.186,0.113,0.143,0.432,,,,,0.109,0.175,0.547,,,0.556,0.63,,0.147,0.157,0.195,0.64,0.638,0.159,0.14,0.616,0.184,,,0.231,,,,,0.158,,,,0.166,,0.103,,0.16,0.12,0.123,0.091,,,,0.455,0.092,,,0.127,0.117
162,14081760,,0.568,0.571,,,,0.265,,,,,0.085,0.136,,0.237,0.14,,0.155,,,,,,,,0.41,,0.402,0.195,,,0.102,,0.385,0.274,,,,0.108,0.125,0.167,,,,0.08,0.5,0.52,0.461,,,,0.241,,0.101,,,,,,0.204,0.162,,,,0.203,0.167,0.055,0.118,,,,0.106,0.172,0.162,,0.372,,,,,,0.1,,,,,0.139,0.058,0.392,0.528,0.038,0.101,0.443,0.268,0.497,0.071,0.176,0.129,,,0.188,,,0.096,0.076,0.172,,0.084,0.205,,,,,,,,0.21,,0.101,0.897,,,0.025,,0.101,,0.097,0.161,0.1,0.162,0.127,0.365,0.617,0.235,0.112,0.152,0.136,,0.629,,,,,,,,0.204,0.186,0.113,0.143,0.431,,,,,0.109,0.175,0.548,,,0.556,0.63,,0.149,0.157,0.195,0.64,0.638,0.159,0.14,0.618,0.184,,,0.228,,,,,0.158,,,,0.165,,0.104,,0.158,0.121,0.123,0.091,,,,0.456,0.092,,,0.127,0.117
162,14081820,,0.568,0.571,,,,0.265,,,,,0.116,0.112,,0.237,0.141,,0.155,,,,,,,,0.411,,0.404,0.194,,,0.101,,0.385,0.274,,,,0.107,0.125,0.167,,,,0.08,0.501,0.52,0.463,,,,0.241,,0.101,,,,,,0.2,0.162,,,,0.203,0.167,0.055,0.117,,,,0.105,0.172,0.162,,0.373,,,,,,0.101,,,,,0.136,0.058,0.389,0.538,0.038,0.101,0.466,0.271,0.497,0.071,0.176,0.127,,,0.188,,,0.096,0.042,0.066,,0.093,0.205,,,,,,,,0.214,,0.101,0.901,,,0.025,,0.102,,0.098,0.161,0.101,0.162,0.13,0.365,0.599,0.238,0.108,0.152,0.135,,0.629,,,,,,,,0.203,0.185,0.113,0.143,0.432,,,,,0.109,0.175,0.548,,,0.556,0.63,,0.143,0.157,0.195,0.641,0.638,0.159,0.14,0.623,0.183,,,0.224,,,,,0.159,,,,0.164,,0.105,,0.153,0.121,0.122,0.093,,,,0.456,0.092,,,0.127,0.118
162,14081880,,0.568,0.571,,,,0.265,,,,,0.079,0.077,,0.237,0.142,,0.154,,,,,,,,0.411,,0.409,0.195,,,0.101,,0.385,0.273,,,,0.106,0.125,0.167,,,,0.08,0.501,0.52,0.462,,,,0.241,,0.101,,,,,,0.202,0.162,,,,0.203,0.167,0.055,0.118,,,,0.107,0.172,0.162,,0.37,,,,,,0.101,,,,,0.138,0.058,0.387,0.546,0.038,0.101,0.471,0.27,0.498,0.071,0.176,0.13,,,0.187,,,0.096,0.03,0.018,,0.06,0.204,,,,,,,,0.212,,0.099,0.904,,,0.025,,0.102,,0.097,0.161,0.1,0.161,0.129,0.365,0.613,0.225,0.109,0.151,0.135,,0.629,,,,,,,,0.202,0.183,0.113,0.143,0.428,,,,,0.109,0.175,0.548,,,0.556,0.63,,0.143,0.157,0.195,0.641,0.638,0.159,0.14,0.626,0.184,,,0.222,,,,,0.159,,,,0.165,,0.105,,0.151,0.121,0.122,0.093,,,,0.455,0.092,,,0.127,0.117
162,14081940,,0.568,0.571,,,,0.265,,,,,0.1,0.097,,0.237,0.158,,0.154,,,,,,,,0.411,,0.423,0.195,,,0.101,,0.386,0.273,,,,0.106,0.125,0.167,,,,0.08,0.501,0.52,0.464,,,,0.241,,0.1,,,,,,0.201,0.162,,,,0.203,0.167,0.055,0.116,,,,0.106,0.172,0.161,,0.37,,,,,,0.101,,,,,0.137,0.058,0.384,0.523,0.038,0.101,0.488,0.269,0.496,0.071,0.174,0.129,,,0.187,,,0.096,0.031,0.017,,0.06,0.204,,,,,,,,0.209,,0.1,0.898,,,0.025,,0.101,,0.098,0.161,0.1,0.161,0.129,0.365,0.598,0.225,0.11,0.152,0.136,,0.629,,,,,,,,0.202,0.182,0.113,0.143,0.43,,,,,0.109,0.175,0.548,,,0.556,0.63,,0.144,0.157,0.196,0.641,0.638,0.159,0.14,0.622,0.185,,,0.224,,,,,0.159,,,,0.164,,0.105,,0.15,0.121,0.123,0.092,,,,0.454,0.092,,,0.127,0.116
162,14082000,,0.568,0.571,,,,0.265,,,,,0.082,0.113,,0.237,0.125,,0.154,,,,,,,,0.411,,0.419,0.196,,,0.101,,0.386,0.273,,,,0.084,0.125,0.167,,,,0.079,0.501,0.52,0.464,,,,0.241,,0.1,,,,,,0.2,0.162,,,,0.203,0.167,0.055,0.117,,,,0.105,0.172,0.162,,0.37,,,,,,0.102,,,,,0.136,0.058,0.407,0.517,0.038,0.101,0.485,0.27,0.497,0.071,0.175,0.126,,,0.188,,,0.097,0.026,0.019,,0.062,0.204,,,,,,,,0.212,,0.102,0.906,,,0.025,,0.101,,0.098,0.163,0.1,0.161,0.131,0.365,0.602,0.222,0.108,0.152,0.135,,0.629,,,,,,,,0.208,0.181,0.113,0.143,0.43,,,,,0.109,0.175,0.548,,,0.556,0.63,,0.144,0.157,0.196,0.641,0.638,0.159,0.14,0.618,0.186,,,0.23,,,,,0.158,,,,0.167,,0.105,,0.149,0.12,0.121,0.091,,,,0.455,0.092,,,0.127,0.117
162,14082060,,0.568,0.571,,,,0.265,,,,,0.084,0.102,,0.237,0.122,,0.154,,,,,,,,0.411,,0.408,0.201,,,0.101,,0.386,0.274,,,,0.086,0.125,0.167,,,,0.079,0.501,0.52,0.465,,,,0.241,,0.101,,,,,,0.197,0.162,,,,0.203,0.167,0.055,0.117,,,,0.106,0.171,0.162,,0.37,,,,,,0.101,,,,,0.138,0.058,0.405,0.548,0.038,0.101,0.497,0.267,0.504,0.071,0.175,0.126,,,0.188,,,0.097,0.045,0.058,,0.168,0.204,,,,,,,,0.216,,0.1,0.902,,,0.025,,0.102,,0.097,0.163,0.101,0.161,0.131,0.365,0.596,0.222,0.107,0.152,0.135,,0.629,,,,,,,,0.205,0.179,0.113,0.143,0.431,,,,,0.109,0.175,0.548,,,0.556,0.63,,0.144,0.157,0.195,0.641,0.638,0.159,0.14,0.612,0.186,,,0.227,,,,,0.159,,,,0.165,,0.105,,0.149,0.12,0.121,0.092,,,,0.455,0.092,,,0.127,0.117
162,14082120,,0.568,0.571,,,,0.265,,,,,0.079,0.059,,0.238,0.135,,0.154,,,,,,,,0.411,,0.394,0.2,,,0.102,,0.386,0.274,,,,0.087,0.125,0.167,,,,0.079,0.501,0.52,0.465,,,,0.241,,0.101,,,,,,0.195,0.162,,,,0.203,0.167,0.056,0.118,,,,0.107,0.171,0.161,,0.367,,,,,,0.101,,,,,0.136,0.058,0.42,0.524,0.038,0.101,0.494,0.269,0.504,0.071,0.177,0.126,,,0.188,,,0.096,0.046,0.055,,0.059,0.204,,,,,,,,0.227,,0.099,0.897,,,0.025,,0.101,,0.098,0.162,0.101,0.173,0.13,0.365,0.589,0.221,0.107,0.153,0.137,,0.629,,,,,,,,0.199,0.177,0.113,0.143,0.43,,,,,0.109,0.175,0.548,,,0.556,0.63,,0.144,0.157,0.195,0.641,0.638,0.159,0.14,0.619,0.186,,,0.224,,,,,0.158,,,,0.163,,0.106,,0.15,0.12,0.121,0.092,,,,0.456,0.093,,,0.127,0.118
162,14082180,,0.568,0.57,,,,0.265,,,,,0.079,0.033,,0.237,0.139,,0.155,,,,,,,,0.411,,0.411,0.201,,,0.102,,0.386,0.273,,,,0.089,0.125,0.168,,,,0.079,0.501,0.52,0.465,,,,0.241,,0.1,,,,,,0.202,0.162,,,,0.203,0.167,0.056,0.115,,,,0.106,0.171,0.162,,0.366,,,,,,0.102,,,,,0.137,0.057,0.396,0.533,0.038,0.101,0.499,0.263,0.5,0.071,0.176,0.125,,,0.187,,,0.096,0.04,0.048,,0.07,0.204,,,,,,,,0.227,,0.1,0.893,,,0.025,,0.101,,0.099,0.161,0.1,0.174,0.131,0.365,0.587,0.224,0.105,0.152,0.136,,0.629,,,,,,,,0.198,0.176,0.113,0.143,0.429,,,,,0.109,0.175,0.548,,,0.556,0.63,,0.144,0.158,0.196,0.641,0.638,0.159,0.14,0.619,0.185,,,0.222,,,,,0.158,,,,0.163,,0.106,,0.15,0.121,0.123,0.092,,,,0.455,0.093,,,0.127,0.118
162,14082240,,0.568,0.57,,,,0.265,,,,,0.079,0.041,,0.237,0.14,,0.155,,,,,,,,0.412,,0.412,0.201,,,0.102,,0.387,0.271,,,,0.089,0.125,0.167,,,,0.08,0.501,0.52,0.465,,,,0.241,,0.1,,,,,,0.202,0.162,,,,0.203,0.167,0.056,0.119,,,,0.106,0.171,0.162,,0.366,,,,,,0.101,,,,,0.137,0.057,0.404,0.538,0.038,0.101,0.504,0.26,0.517,0.071,0.174,0.124,,,0.186,,,0.097,0.026,0.018,,0.058,0.203,,,,,,,,0.206,,0.1,0.893,,,0.025,,0.102,,0.099,0.162,0.1,0.174,0.125,0.365,0.595,0.216,0.106,0.153,0.136,,0.629,,,,,,,,0.196,0.175,0.113,0.143,0.428,,,,,0.109,0.175,0.548,,,0.556,0.63,,0.146,0.157,0.195,0.641,0.638,0.159,0.14,0.613,0.184,,,0.217,,,,,0.159,,,,0.163,,0.105,,0.15,0.122,0.122,0.092,,,,0.455,0.093,,,0.127,0.118
162,14082300,,0.568,0.57,,,,0.265,,,,,0.079,0.041,,0.237,0.139,,0.155,,,,,,,,0.411,,0.4,0.201,,,0.101,,0.387,0.27,,,,0.09,0.125,0.168,,,,0.08,0.502,0.52,0.466,,,,0.241,,0.101,,,,,,0.219,0.162,,,,0.203,0.168,0.056,0.119,,,,0.106,0.176,0.166,,0.366,,,,,,0.101,,,,,0.138,0.057,0.391,0.539,0.038,0.101,0.496,0.26,0.512,0.071,0.175,0.125,,,0.187,,,0.097,0.042,0.062,,0.068,0.204,,,,,,,,0.206,,0.101,0.899,,,0.025,,0.102,,0.098,0.162,0.1,0.174,0.13,0.365,0.604,0.218,0.103,0.152,0.136,,0.63,,,,,,,,0.196,0.178,0.113,0.143,0.425,,,,,0.109,0.175,0.548,,,0.556,0.63,,0.146,0.158,0.196,0.641,0.638,0.159,0.14,0.61,0.185,,,0.217,,,,,0.159,,,,0.179,,0.106,,0.147,0.12,0.122,0.098,,,,0.455,0.093,,,0.127,0.118
162,14082360,,0.568,0.571,,,,0.265,,,,,0.079,0.083,,0.237,0.148,,0.155,,,,,,,,0.411,,0.415,0.201,,,0.101,,0.388,0.268,,,,0.092,0.128,0.167,,,,0.079,0.502,0.52,0.466,,,,0.241,,0.101,,,,,,0.231,0.163,,,,0.203,0.168,0.056,0.119,,,,0.107,0.172,0.162,,0.368,,,,,,0.102,,,,,0.136,0.057,0.405,0.547,0.038,0.101,0.506,0.254,0.512,0.071,0.175,0.127,,,0.187,,,0.095,0.026,0.018,,0.07,0.204,,,,,,,,0.202,,0.099,0.897,,,0.025,,0.102,,0.098,0.161,0.101,0.174,0.131,0.365,0.596,0.22,0.108,0.151,0.136,,0.63,,,,,,,,0.196,0.174,0.113,0.143,0.427,,,,,0.109,0.175,0.548,,,0.556,0.631,,0.145,0.157,0.196,0.641,0.638,0.159,0.14,0.615,0.185,,,0.221,,,,,0.159,,,,0.18,,0.105,,0.146,0.121,0.124,0.115,,,,0.456,0.093,,,0.127,0.118
162,14082420,,0.568,0.571,,,,0.265,,,,,0.079,0.114,,0.237,0.146,,0.154,,,,,,,,0.412,,0.405,0.201,,,0.102,,0.387,0.268,,,,0.093,0.127,0.168,,,,0.08,0.502,0.52,0.466,,,,0.241,,0.1,,,,,,0.217,0.162,,,,0.203,0.167,0.056,0.118,,,,0.107,0.171,0.162,,0.368,,,,,,0.102,,,,,0.136,0.057,0.392,0.534,0.038,0.101,0.503,0.253,0.512,0.071,0.176,0.126,,,0.186,,,0.08,0.038,0.031,,0.17,0.204,,,,,,,,0.195,,0.099,0.901,,,0.025,,0.101,,0.097,0.162,0.1,0.175,0.131,0.365,0.576,0.219,0.109,0.152,0.135,,0.63,,,,,,,,0.195,0.174,0.113,0.143,0.425,,,,,0.109,0.175,0.548,,,0.556,0.631,,0.145,0.158,0.196,0.641,0.638,0.159,0.14,0.615,0.185,,,0.229,,,,,0.158,,,,0.177,,0.105,,0.145,0.122,0.122,0.115,,,,0.454,0.094,,,0.127,0.118
162,14082480,,0.568,0.571,,,,0.265,,,,,0.079,0.099,,0.237,0.151,,0.155,,,,,,,,0.412,,0.401,0.202,,,0.102,,0.388,0.272,,,,0.094,0.126,0.168,,,,0.08,0.502,0.52,0.466,,,,0.241,,0.1,,,,,,0.207,0.162,,,,0.203,0.167,0.056,0.117,,,,0.107,0.171,0.161,,0.367,,,,,,0.103,,,,,0.131,0.057,0.419,0.532,0.038,0.101,0.509,0.252,0.512,0.071,0.176,0.125,,,0.186,,,0.082,0.027,0.018,,0.218,0.203,,,,,,,,0.205,,0.1,0.896,,,0.025,,0.102,,0.098,0.161,0.101,0.176,0.129,0.365,0.593,0.221,0.106,0.153,0.137,,0.629,,,,,,,,0.193,0.174,0.113,0.143,0.426,,,,,0.109,0.175,0.548,,,0.556,0.631,,0.143,0.158,0.197,0.641,0.638,0.159,0.14,0.611,0.183,,,0.23,,,,,0.159,,,,0.176,,0.104,,0.147,0.122,0.123,0.111,,,,0.455,0.094,,,0.127,0.118
162,14082540,,0.568,0.57,,,,0.265,,,,,0.079,0.185,,0.238,0.169,,0.155,,,,,,,,0.412,,0.402,0.202,,,0.101,,0.388,0.271,,,,0.094,0.126,0.168,,,,0.08,0.502,0.52,0.466,,,,0.241,,0.101,,,,,,0.2,0.162,,,,0.203,0.168,0.055,0.118,,,,0.107,0.171,0.161,,0.363,,,,,,0.102,,,,,0.132,0.057,0.469,0.509,0.038,0.101,0.498,0.251,0.512,0.071,0.175,0.125,,,0.186,,,0.082,0.025,0.018,,0.059,0.203,,,,,,,,0.198,,0.101,0.896,,,0.025,,0.102,,0.096,0.161,0.101,0.177,0.129,0.365,0.585,0.222,0.106,0.151,0.144,,0.63,,,,,,,,0.192,0.173,0.113,0.143,0.423,,,,,0.109,0.175,0.548,,,0.556,0.631,,0.144,0.158,0.197,0.641,0.638,0.159,0.14,0.61,0.181,,,0.229,,,,,0.158,,,,0.173,,0.105,,0.148,0.121,0.122,0.106,,,,0.455,0.093,,,0.127,0.118
162,14082600,,0.568,0.57,,,,0.265,,,,,0.079,0.144,,0.237,0.163,,0.155,,,,,,,,0.411,,0.403,0.199,,,0.102,,0.388,0.27,,,,0.095,0.126,0.169,,,,0.08,0.501,0.52,0.466,,,,0.241,,0.101,,,,,,0.2,0.163,,,,0.203,0.167,0.055,0.117,,,,0.107,0.171,0.162,,0.361,,,,,,0.102,,,,,0.135,0.057,0.451,0.534,0.038,0.101,0.506,0.252,0.513,0.071,0.175,0.128,,,0.185,,,0.083,0.034,0.035,,0.058,0.203,,,,,,,,0.203,,0.099,0.894,,,0.025,,0.102,,0.097,0.161,0.102,0.177,0.129,0.365,0.584,0.212,0.107,0.152,0.144,,0.63,,,,,,,,0.193,0.174,0.113,0.143,0.422,,,,,0.109,0.175,0.548,,,0.556,0.631,,0.148,0.158,0.196,0.641,0.638,0.159,0.14,0.609,0.181,,,0.228,,,,,0.162,,,,0.172,,0.104,,0.151,0.121,0.124,0.099,,,,0.455,0.094,,,0.127,0.118
162,14082660,,0.569,0.57,,,,0.265,,,,,0.069,0.129,,0.237,0.174,,0.155,,,,,,,,0.411,,0.401,0.202,,,0.102,,0.388,0.269,,,,0.095,0.126,0.168,,,,0.08,0.501,0.52,0.467,,,,0.241,,0.1,,,,,,0.203,0.162,,,,0.203,0.167,0.055,0.117,,,,0.107,0.171,0.162,,0.363,,,,,,0.102,,,,,0.134,0.057,0.486,0.524,0.038,0.101,0.507,0.247,0.513,0.071,0.174,0.127,,,0.185,,,0.085,0.032,0.018,,0.061,0.202,,,,,,,,0.197,,0.099,0.89,,,0.025,,0.101,,0.098,0.162,0.1,0.178,0.13,0.365,0.58,0.212,0.105,0.152,0.144,,0.63,,,,,,,,0.192,0.173,0.113,0.143,0.424,,,,,0.109,0.175,0.548,,,0.556,0.631,,0.148,0.158,0.197,0.641,0.638,0.159,0.14,0.621,0.182,,,0.229,,,,,0.16,,,,0.169,,0.104,,0.149,0.122,0.124,0.096,,,,0.456,0.094,,,0.127,0.118
162,14082720,,0.568,0.571,,,,0.265,,,,,0.077,0.117,,0.237,0.155,,0.155,,,,,,,,0.411,,0.404,0.202,,,0.103,,0.388,0.27,,,,0.094,0.126,0.167,,,,0.08,0.501,0.52,0.467,,,,0.241,,0.1,,,,,,0.2,0.161,,,,0.203,0.167,0.056,0.117,,,,0.108,0.172,0.162,,0.362,,,,,,0.102,,,,,0.132,0.057,0.493,0.503,0.038,0.101,0.497,0.245,0.513,0.071,0.174,0.124,,,0.184,,,0.086,0.032,0.03,,0.058,0.202,,,,,,,,0.201,,0.1,0.887,,,0.025,,0.101,,0.099,0.161,0.101,0.178,0.132,0.365,0.571,0.207,0.107,0.152,0.145,,0.63,,,,,,,,0.189,0.173,0.113,0.143,0.422,,,,,0.109,0.175,0.548,,,0.556,0.631,,0.144,0.158,0.197,0.641,0.638,0.159,0.14,0.624,0.182,,,0.233,,,,,0.16,,,,0.167,,0.104,,0.148,0.123,0.122,0.093,,,,0.457,0.094,,,0.127,0.118
162,14082780,,0.568,0.571,,,,0.265,,,,,0.07,0.03,,0.235,0.16,,0.154,,,,,,,,0.411,,0.416,0.191,,,0.101,,0.388,0.27,,,,0.095,0.126,0.167,,,,0.079,0.501,0.52,0.467,,,,0.241,,0.101,,,,,,0.197,0.161,,,,0.203,0.168,0.056,0.118,,,,0.107,0.172,0.161,,0.361,,,,,,0.102,,,,,0.129,0.057,0.469,0.524,0.038,0.101,0.494,0.246,0.514,0.071,0.174,0.125,,,0.187,,,0.085,0.034,0.019,,0.095,0.202,,,,,,,,0.198,,0.098,0.9,,,0.025,,0.102,,0.097,0.162,0.102,0.177,0.131,0.365,0.548,0.213,0.106,0.152,0.143,,0.63,,,,,,,,0.189,0.172,0.113,0.143,0.42,,,,,0.109,0.175,0.548,,,0.556,0.631,,0.144,0.158,0.198,0.641,0.638,0.159,0.14,0.625,0.182,,,0.237,,,,,0.159,,,,0.166,,0.103,,0.148,0.12,0.123,0.092,,,,0.456,0.095,,,0.127,0.118
162,14082840,,0.568,0.571,,,,0.265,,,,,0.07,0.03,,0.235,0.15,,0.155,,,,,,,,0.411,,0.412,0.19,,,0.102,,0.388,0.273,,,,0.095,0.126,0.167,,,,0.08,0.501,0.52,0.467,,,,0.241,,0.101,,,,,,0.196,0.161,,,,0.203,0.168,0.056,0.118,,,,0.107,0.172,0.162,,0.361,,,,,,0.103,,,,,0.13,0.057,0.486,0.514,0.038,0.101,0.499,0.246,0.515,0.071,0.173,0.123,,,0.187,,,0.087,0.038,0.049,,0.049,0.202,,,,,,,,0.194,,0.099,0.907,,,0.025,,0.101,,0.097,0.162,0.102,0.159,0.133,0.365,0.538,0.208,0.103,0.152,0.144,,0.63,,,,,,,,0.188,0.172,0.113,0.143,0.421,,,,,0.109,0.175,0.548,,,0.556,0.631,,0.145,0.158,0.197,0.641,0.638,0.159,0.14,0.617,0.181,,,0.235,,,,,0.159,,,,0.166,,0.104,,0.153,0.121,0.125,0.091,,,,0.456,0.094,,,0.127,0.118
162,14082900,,0.569,0.57,,,,0.265,,,,,0.07,0.03,,0.234,0.146,,0.154,,,,,,,,0.411,,0.405,0.19,,,0.102,,0.388,0.272,,,,0.095,0.126,0.168,,,,0.08,0.501,0.52,0.467,,,,0.241,,0.1,,,,,,0.194,0.162,,,,0.203,0.167,0.056,0.118,,,,0.107,0.171,0.161,,0.359,,,,,,0.103,,,,,0.129,0.057,0.489,0.522,0.038,0.101,0.504,0.243,0.515,0.071,0.173,0.125,,,0.185,,,0.089,0.023,0.019,,0.05,0.202,,,,,,,,0.197,,0.1,0.903,,,0.025,,0.101,,0.098,0.163,0.1,0.159,0.132,0.365,0.532,0.21,0.102,0.152,0.144,,0.63,,,,,,,,0.187,0.172,0.113,0.143,0.419,,,,,0.109,0.175,0.549,,,0.556,0.631,,0.145,0.159,0.197,0.641,0.638,0.159,0.14,0.603,0.18,,,0.232,,,,,0.16,,,,0.166,,0.103,,0.155,0.122,0.126,0.091,,,,0.457,0.088,,,0.127,0.118
162,14082960,,0.569,0.57,,,,0.265,,,,,0.08,0.147,,0.235,0.153,,0.155,,,,,,,,0.412,,0.401,0.191,,,0.102,,0.388,0.271,,,,0.095,0.126,0.167,,,,0.08,0.501,0.52,0.467,,,,0.241,,0.1,,,,,,0.192,0.162,,,,0.203,0.168,0.056,0.118,,,,0.107,0.171,0.161,,0.354,,,,,,0.102,,,,,0.13,0.057,0.498,0.528,0.038,0.101,0.501,0.245,0.516,0.071,0.174,0.125,,,0.185,,,0.09,0.026,0.018,,0.116,0.201,,,,,,,,0.198,,0.099,0.91,,,0.025,,0.101,,0.098,0.163,0.102,0.158,0.131,0.365,0.54,0.208,0.101,0.153,0.137,,0.63,,,,,,,,0.187,0.171,0.112,0.143,0.423,,,,,0.109,0.175,0.549,,,0.556,0.631,,0.144,0.159,0.198,0.641,0.638,0.159,0.14,0.601,0.182,,,0.225,,,,,0.159,,,,0.166,,0.104,,0.158,0.123,0.124,0.091,,,,0.459,0.093,,,0.127,0.118
162,14083020,,0.569,0.57,,,,0.265,,,,,0.076,0.196,,0.235,0.154,,0.155,,,,,,,,0.412,,0.394,0.19,,,0.101,,0.389,0.27,,,,0.096,0.126,0.167,,,,0.08,0.501,0.521,0.467,,,,0.241,,0.1,,,,,,0.195,0.162,,,,0.203,0.168,0.056,0.118,,,,0.108,0.171,0.161,,0.354,,,,,,0.102,,,,,0.128,0.057,0.479,0.487,0.038,0.101,0.501,0.244,0.517,0.071,0.172,0.122,,,0.188,,,0.09,0.023,0.018,,0.058,0.201,,,,,,,,0.197,,0.099,0.905,,,0.025,,0.101,,0.097,0.162,0.102,0.158,0.131,0.365,0.546,0.205,0.099,0.153,0.137,,0.63,,,,,,,,0.19,0.171,0.112,0.143,0.423,,,,,0.109,0.175,0.549,,,0.556,0.631,,0.144,0.159,0.197,0.641,0.638,0.159,0.14,0.601,0.181,,,0.225,,,,,0.16,,,,0.165,,0.103,,0.154,0.121,0.125,0.091,,,,0.459,0.094,,,0.127,0.118
162,14083080,,0.568,0.571,,,,0.265,,,,,0.076,0.107,,0.235,0.149,,0.155,,,,,,,,0.411,,0.406,0.19,,,0.102,,0.389,0.269,,,,0.098,0.127,0.167,,,,0.08,0.501,0.52,0.467,,,,0.241,,0.101,,,,,,0.197,0.163,,,,0.203,0.168,0.056,0.116,,,,0.107,0.171,0.162,,0.353,,,,,,0.102,,,,,0.128,0.057,0.467,0.535,0.038,0.101,0.494,0.238,0.517,0.071,0.171,0.124,,,0.188,,,0.092,0.025,0.018,,0.058,0.201,,,,,,,,0.198,,0.099,0.91,,,0.025,,0.101,,0.098,0.163,0.101,0.159,0.131,0.365,0.536,0.203,0.102,0.152,0.138,,0.63,,,,,,,,0.194,0.172,0.112,0.143,0.424,,,,,0.109,0.175,0.549,,,0.556,0.631,,0.144,0.159,0.197,0.641,0.638,0.159,0.14,0.607,0.18,,,0.225,,,,,0.161,,,,0.165,,0.104,,0.153,0.121,0.125,0.09,,,,0.458,0.095,,,0.127,0.118
162,14083140,,0.568,0.571,,,,0.265,,,,,0.078,0.038,,0.237,0.151,,0.155,,,,,,,,0.411,,0.403,0.19,,,0.102,,0.389,0.274,,,,0.101,0.127,0.167,,,,0.08,0.501,0.52,0.467,,,,0.241,,0.101,,,,,,0.203,0.163,,,,0.203,0.168,0.056,0.118,,,,0.107,0.181,0.177,,0.353,,,,,,0.102,,,,,0.128,0.057,0.481,0.53,0.038,0.101,0.496,0.239,0.519,0.071,0.174,0.124,,,0.188,,,0.094,0.028,0.018,,0.211,0.202,,,,,,,,0.198,,0.102,0.906,,,0.025,,0.101,,0.098,0.162,0.101,0.158,0.132,0.365,0.527,0.198,0.101,0.152,0.137,,0.63,,,,,,,,0.209,0.186,0.112,0.143,0.421,,,,,0.109,0.175,0.549,,,0.557,0.631,,0.144,0.158,0.197,0.641,0.638,0.159,0.14,0.609,0.18,,,0.226,,,,,0.16,,,,0.165,,0.104,,0.15,0.121,0.125,0.09,,,,0.458,0.096,,,0.127,0.118
